9 1 0.18204534272300468 0.5261929078125 0.03681927230046948 0.046479759375 0.0032523262910798124 0.0085388625 0.44088134976525817 0.017162803125 0.8861555563380282 0.38858581875 1 0.976974715625 1 1 0.7344150070422535 1 0.18204534272300468
32 0.3991929703125 0.3522781408450705 0.4302575421875 0.33817400938967135 0.488319628125 0.28804698591549294 0.7315433578125 0.259233838028169 0.739946415625 0.24261404225352112 0.742747025 0.18736047417840376 0.726954621875 0.15151296948356807 0.48584214374999996 0.11009361737089202 0.40187469687500005 0.045966037558685446 0.36505432187500003 0.03468026291079812 0.231468721875 0.038032964788732394 0.0458084265625 0.022470781690140842 0.018277574999999997 0.3285502276995305 0.034472553125 0.34827925117370895 0.3991929703125 0.3522781408450705
32 1 0.1869289647887324 0.8917971578125 0.1547872676056338 0.8695203687499999 0.19373386854460092 0.8897840640625001 0.23538215727699532 0.854670278125 0.31912226760563384 0.8467480203125 0.3875711197183099 0.8498173515625 0.42099817605633805 0.8843768578125 0.5157564178403756 0.9165155171875 0.5580934812206573 0.9398680468749999 0.5755885868544601 0.9678435703125 0.5856400938967136 0.9875301750000001 0.5650949882629108 1 0.5632456549295775 1 0.1869289647887324
18 0.48198838593750004 0.3495996830985915 0.48024257343750004 0.3697367488262911 0.489375865625 0.40206893192488263 0.55150645 0.5229991197183099 0.621792525 0.6301846384976526 0.7299371546875 0.7711255915492958 0.74012524375 0.7683412746478873 0.7534040375 0.7414018286384977 0.5038999515625 0.36074606338028165 0.491331890625 0.34508225117370894 0.48198838593750004 0.3495996830985915
18 0.5129252859375 0.8877080633802817 0.5399603640625 0.8856572065727699 0.573846490625 0.9078577183098592 0.5763225359375 0.9366726361502347 0.6042980609375 0.9467241455399061 0.6185729265625 0.9082758920187793 0.6439777703125 0.8791486478873238 0.6558546046875 0.8798354765258216 0.6722988015625 0.8966898779342724 0.679321271875 0.8501141690140845 0.706758925 0.831944823943662 0.7235669078125 0.7987032887323943 0.681142215625 0.7487856901408451 0.6375668671875 0.7236153497652582 0.6021841453125 0.7186772910798122 0.568931965625 0.735064427230047 0.5529685671875 0.7700390845070423 0.5497261625000001 0.8074385915492958 0.5129252859375 0.8877080633802817
18 0.40852006249999995 0.5544799131455399 0.43028013749999994 0.5788682112676057 0.409346584375 0.613796234741784 0.4092895171875 0.637404441314554 0.437706834375 0.6653100093896713 0.4520597140625 0.6948117558685446 0.443904221875 0.708556424882629 0.42218336718750005 0.7181406713615024 0.41794344531250005 0.7670460211267605 0.4252935703125 0.785540779342723 0.44333043749999995 0.7954995305164319 0.520810190625 0.7852847159624413 0.5517784765625 0.7608162464788732 0.557650071875 0.7389902441314554 0.5341248968750001 0.6431813075117371 0.5470368125 0.5171988450704226 0.4805880796875 0.3772264647887324 0.463146153125 0.37188035915492956 0.428953525 0.37616513380281685 0.40479563125 0.3909094577464789 0.3873746453125 0.477121558685446 0.38950518437500004 0.49844676056338033 0.39904126406249996 0.5146580046948357 0.4119156140625 0.5038389929577465 0.41807586093750004 0.5131084600938968 0.40852006249999995 0.5544799131455399
18 0.433965778125 0.7084612112676056 0.44843279531249997 0.690746544600939 0.43576866093750005 0.664715941314554 0.41907481406249997 0.6507410657276995 0.099097246875 0.4404411502347418 0.0172798453125 0.3400585258215963 0.015035381249999999 0.36594728169014085 0.041361168749999996 0.4065026502347418 0.012886779687499999 0.40220528873239436 0.0121384828125 0.41083651173708924 0.41761765312500004 0.7019736032863849 0.433965778125 0.7084612112676056
18 1 0.18204534272300468 0.9077997734375 0.15378515727699532 0.88960955 0.1570702746478873 0.8724562734375001 0.18281964084507044 0.8726486359375001 0.2035507723004695 0.8883445390625001 0.22903639671361503 0.8509879437500001 0.33866576760563377 0.846997453125 0.384694044600939 0.85244675625 0.4365692276995305 0.886063946875 0.5192270516431925 0.9398680468749999 0.5755885868544601 0.9697817453124999 0.586234161971831 0.9834043906250001 0.5667839272300469 1 0.5637867276995305 1 0.18204534272300468
10 0.0180281421875 0.33142730516431923 0.044660429687499996 0.34549738967136145 0.3991929703125 0.3522781408450705 0.4302575421875 0.33817400938967135 0.488319628125 0.28804698591549294 0.7315433578125 0.259233838028169 0.739946415625 0.24261404225352112 0.7415569343749999 0.17813763849765257 0.7325197171875 0.1561722441314554 0.7211417484375 0.14973127230046948 0.65981796875 0.1457001056338028 0.47833866093750005 0.10484272300469483 0.403812875 0.04656010563380281 0.36311614531249997 0.03408619483568075 0.231468721875 0.038032964788732394 0.047746601562500005 0.023064849765258216 0.0180281421875 0.33142730516431923
18 1 0.5793399530516432 0.927779346875 0.6117508708920187 0.8644603203125 0.6307338427230047 0.8390179124999999 0.6258890492957747 0.8041730625 0.6491718356807512 0.7838736703125 0.7226850516431925 0.7420634203125 0.7689353450704226 0.704072665625 0.8399795281690141 0.68319596875 0.8513017981220657 0.6808944359375 0.9007987582159624 0.6495412125 0.8838074225352113 0.6295091 0.8968628098591549 0.6175752 0.9197841877934272 0.6163282515625 0.9341671032863851 0.62636298125 0.9446266549295774 0.6806269421875 0.9612590399061033 0.57666825625 0.9441598990610328 0.5542169546875 0.904794617370892 0.5295228421875 0.8913185985915494 0.5132707937500001 0.8951977816901409 0.47113475468750005 0.8763756596244131 0.4226282546875 0.8851336854460095 0.38605565625 0.8709703309859155 0.34927284375 0.8936565962441314 0.334153603125 0.930369279342723 0.3015926515625 0.9617334037558685 0.30446983437499997 0.9744268732394366 0.387195275 1 0.7392802781250001 1 0.7360791250000001 0.9871162089201878 0.742348371875 1 0.9779659984375 1 1 0.7505998356807512 1 0.5793399530516432
10 0.5550327625 0.06928464319248825 0.5097497328125 0.035668694835680755 0.3459519625 0.024207281690140848 0.3456742171875 0.028740091549295774 0.4154419296875 0.0501245117370892 0.4777437203125 0.10023007981220658 0.528975696875 0.11740989906103286 0.6107735984375 0.12623727934272302 0.5550327625 0.06928464319248825
10 0.7256912625 0.3726150868544601 0.743421628125 0.4090591126760564 0.7534385109375 0.4770994201877934 0.7667936609375 0.5181094624413145 0.824875246875 0.5595376807511737 0.8753020734374999 0.6089544741784038 0.9001493296874999 0.6091890821596244 0.9207373750000001 0.566771338028169 0.89088074375 0.5325175539906103 0.8489159125000001 0.44287080985915495 0.70410405 0.2774026737089202 0.675284153125 0.26561559154929576 0.6010858125 0.27240589906103285 0.48041378124999995 0.2989121291079812 0.4877636953125 0.31740934272300464 0.55910435625 0.3894808075117371 0.59872534375 0.3455130140845071 0.6278533937499999 0.3308153192488263 0.6598586265625 0.32881110093896715 0.6983677484374999 0.34356801408450705 0.7256912625 0.3726150868544601
10 0.3425227015625 0.023967326291079814 0.3415484359375 0.030429028169014084 0.40406230625 0.04368303051643192 0.4758055453125 0.0996360117370892 0.556356284375 0.12284876525821596 0.61464995 0.1274254178403756 0.517600659375 0.03621804694835681 0.3425227015625 0.023967326291079814