9 0.4018837171875 0.7055847300469483 0.7761589375 0.5096897676056338 0.7653210374999999 0.46882874647887324 0.6562595640625 0.17742025821596244 0.2889794765625 0.35073384507042255 0.36012313125 0.5313479389671362 0.4018837171875 0.7055847300469483
32 0.500873328125 0.5487221713615024 0.438620675 0.6166533920187793 0.4528980546875 0.6781761737089202 0.5364698140625 0.6288775915492958 0.5334934890625 0.6095283755868545 0.500873328125 0.5487221713615024
32 0.49403250625000006 0.2818806924882629 0.4553908765625 0.3281904178403756 0.5356798515625 0.42732321126760564 0.5799608203125 0.3903755492957746 0.5553156828125 0.311966955399061 0.49403250625000006 0.2818806924882629
20 0.45558424531249997 0.3503548521126761 0.5324786125000001 0.4161620680751174 0.5474119625 0.4140817981220657 0.56689490625 0.3889310751173709 0.5622297125 0.32572300234741786 0.54959220625 0.307348161971831 0.48928752343750004 0.2858297582159624 0.46078987343750005 0.3214393685446009 0.45558424531249997 0.3503548521126761
5 0.390846934375 0.4381881854460094 0.38375795625000003 0.4489542394366197 0.388138875 0.4972453309859155 0.4695390921875 0.5578215915492958 0.4962100921875 0.5472041807511737 0.49273039374999994 0.5258278309859155 0.4868103875 0.5174464530516432 0.47328954999999995 0.5331387910798122 0.42617740625 0.4988530563380282 0.42579104687499997 0.4586336807511737 0.43626064531250003 0.44394460328638496 0.44781337656250003 0.44578735211267606 0.48492675625 0.49929952112676057 0.533420565625 0.42523428638497657 0.5070186828125001 0.38979228169014085 0.459906540625 0.35550654460093895 0.427828471875 0.3444401737089202 0.39121705156250003 0.41742590610328634 0.390846934375 0.4381881854460094
5 0.5249661640625 0.6053329694835681 0.4986066578125 0.5520487042253521 0.43663631093750005 0.6239617910798122 0.4525683171875 0.674095368544601 0.4610700875 0.6769388849765259 0.5271357140624999 0.6383971455399061 0.5249661640625 0.6053329694835681
5 0.589503675 0.46690063145539906 0.6082884828124999 0.4654347018779343 0.6184284203125 0.45366787558685445 0.6117112015624999 0.4436719201877934 0.6148059031249999 0.4248316549295775 0.589503675 0.46690063145539906
5 0.68033109375 0.47841347417840374 0.6802889953125 0.4962532323943662 0.6456875046875 0.5338666126760563 0.6298124781250001 0.5268721690140845 0.6377426890625 0.49987869483568076 0.5940678671875 0.5048115657276995 0.5851390000000001 0.47959119483568075 0.5790924171875 0.5247316009389671 0.5957242 0.5511806455399061 0.6395402 0.553707382629108 0.6844260921875 0.5117873122065728 0.7115516859375 0.4447256079812207 0.7154876203125 0.40965792723004696 0.70543188125 0.38574522535211264 0.6910114671875001 0.374523089201878 0.6675779875 0.373760103286385 0.6323631187500001 0.39937376291079807 0.640535228125 0.4051395305164319 0.6479522249999999 0.39145095774647887 0.6665942125 0.38252515727699526 0.6871179109375001 0.39174851408450706 0.700983009375 0.4341153145539906 0.6993429203125 0.4487278873239437 0.68033109375 0.47841347417840374
13 0.641731696875 0.30717094366197184 0.6375522218749999 0.3094791220657277 0.622904790625 0.32647663849765257 0.6199529078125 0.3527767746478873 0.6215506203125 0.3560064600938967 0.620894584375 0.36185148591549293 0.6248874984375 0.3699229389671362 0.638180759375 0.38245524413145543 0.6428310734375 0.38468442253521123 0.649264296875 0.3797608990610329 0.6531157546874999 0.3803752370892019 0.6614730609375 0.37575861971830987 0.6674351671875 0.3663002370892019 0.6694029953125 0.34876764319248826 0.6655939156249999 0.3303110492957746 0.6665776890624999 0.3215459976525822 0.6625834109375 0.3134717910798122 0.6590616140625001 0.3099352018779343 0.6552101578125 0.30932086384976526 0.6536124453125 0.3060911784037559 0.6478352593750001 0.30516967370892023 0.6455831562500001 0.30778528169014086 0.641731696875 0.30717094366197184
18 0.5469683421875 0.3307257863849765 0.54537063125 0.32749610328638495 0.5362131046874999 0.3304951220657277 0.5270145625 0.35133915258215964 0.5193116468750001 0.3501104765258216 0.5159313062499999 0.35403100234741786 0.5139631984374999 0.3715660915492958 0.5155611890625 0.374793279342723 0.5152331718750001 0.37771579577464787 0.52260806875 0.3818669835680751 0.523406925 0.3834818262910798 0.5388111125 0.3859389131455399 0.541064859375 0.38332356572769954 0.542990590625 0.3836307323943662 0.5445866578125 0.3868601572769953 0.5484381140625 0.3874744953051643 0.5537444640625 0.3838586455399061 0.55440021875 0.37801610798122065 0.5566539671874999 0.3754007605633803 0.5550562546875 0.3721710774647888 0.5566963453125 0.35755850469483563 0.5550983546875 0.3543313192488263 0.555754390625 0.34848628638497653 0.5488940718750001 0.3310329530516432 0.5469683421875 0.3307257863849765
18 0.5080137109375 0.2412244295774648 0.5003107953125 0.2399957558685446 0.49467807031250005 0.24653438028169014 0.49496234687499996 0.2614513661971831 0.5014962921875 0.2818274765258216 0.5566377234375001 0.3144191103286385 0.5647677359375 0.3380246431924883 0.5691907515625 0.3684759694835681 0.575623975 0.3635524460093897 0.5911123593750001 0.3303300070422535 0.6028354078125 0.2608114788732394 0.5994547890625 0.2647344953051643 0.595460509375 0.2566602887323944 0.594518834375 0.24758557746478874 0.5993540671875001 0.2394348615023474 0.5937620781249999 0.22813097417840375 0.5498032609375 0.21814436384976527 0.5395202234375 0.22245381455399063 0.534684709375 0.23060701877934273 0.5276394734375 0.22353357746478872 0.5228039640625 0.23168678169014087 0.5151010453125 0.23045810798122068 0.5080137109375 0.2412244295774648