9 0.6276183328125 0.5911586854460094 0.7187133328125 0.42418278638497653 0.372105 0.19542284741784038 0.2308333328125 0.46572769953051646 0.21546333281250002 0.5043305164319248 0.5665166671875 0.7564669788732394 0.6276183328125 0.5911586854460094
32 0.539855 0.6629583732394366 0.4854183328125 0.5861508615023474 0.44611166718749995 0.6410015657276995 0.44098166718750004 0.6596206572769953 0.5187466671875 0.7214021901408452 0.539855 0.6629583732394366
32 0.5554066671875 0.37575962441314553 0.52208 0.3239962441314554 0.4576466671875 0.34403255164319246 0.42431833281250003 0.41750234741784037 0.4643116671875 0.46091768309859155 0.5554066671875 0.37575962441314553
20 0.46386666718749997 0.340376838028169 0.4492183328125 0.35651455399061033 0.4375 0.4181333333333333 0.4541016671875 0.4460093896713615 0.46875 0.4504112676056338 0.552735 0.39759373943661974 0.5507816671875 0.3682503920187793 0.5263666671875 0.3286384976525822 0.46386666718749997 0.340376838028169
5 0.609375 0.4738854460093897 0.581055 0.3961264483568075 0.5478516671875 0.401995617370892 0.49707 0.428404382629108 0.4667966671875 0.45921251877934277 0.5068366671875 0.539906103286385 0.549805 0.49295774647887325 0.5615233328125 0.49295774647887325 0.5703133328125001 0.5090954624413145 0.56543 0.5487098591549296 0.5146483328125 0.5751186220657277 0.50293 0.5575111103286384 0.4960933328125 0.5648475751173709 0.49023500000000003 0.5853871666666667 0.515625 0.600057589201878 0.603515 0.5531092323943663 0.6132816671875 0.5061608755868545 0.6074216671875 0.4944250399061033 0.609375 0.4738854460093897
5 0.4492183328125 0.6704801244131455 0.5107416671875 0.7188957746478873 0.5195316671875 0.7174284812206573 0.541015 0.6704801244131455 0.487305 0.589789044600939 0.4550783328125 0.6382046948356808 0.4492183328125 0.6704801244131455
5 0.387695 0.48708857511737086 0.40625 0.4914904530516432 0.38574166718749997 0.4460093896713615 0.3867183328125 0.46508169014084505 0.3789066671875 0.4738854460093897 0.387695 0.48708857511737086
5 0.35449166718749997 0.5164319248826291 0.359375 0.5443079812206573 0.3427733328125 0.5487098591549296 0.3125 0.5061608755868545 0.3144533328125 0.4885558685446009 0.2988283328125 0.4562804389671361 0.2988283328125 0.4416075117370892 0.31738333281250003 0.401995617370892 0.33886666718749997 0.3961264483568075 0.356445 0.4078647887323944 0.362305 0.4225352112676056 0.3710933328125 0.4181333333333333 0.33886666718749997 0.38732519483568073 0.31543 0.3843906103286385 0.299805 0.3931918615023474 0.28711000000000003 0.41519874882629104 0.28711000000000003 0.4504112676056338 0.30663999999999997 0.5208338028169014 0.34668 0.5692494530516432 0.390625 0.5736513309859155 0.4101566671875 0.5501771525821596 0.40918 0.5046960868544601 0.3974616671875 0.528170265258216 0.35449166718749997 0.5164319248826291
13 0.3886716671875 0.37411956103286387 0.3886716671875 0.34771079812206573 0.3759766671875 0.3286384976525822 0.37207 0.32570391314553987 0.3681633328125 0.32570391314553987 0.3662116671875 0.3227693262910798 0.3603516671875 0.3227693262910798 0.3583983328125 0.32570391314553987 0.35449166718749997 0.32570391314553987 0.3505866671875 0.3286384976525822 0.3457033328125 0.33597496009389677 0.3457033328125 0.3447762136150234 0.3398433328125 0.36238372535211266 0.3398433328125 0.3799887323943662 0.3447266671875 0.39025727699530516 0.3525383328125 0.3961264483568075 0.356445 0.3961264483568075 0.362305 0.401995617370892 0.36718833281249996 0.4005283262910798 0.3818366671875 0.39025727699530516 0.3867183328125 0.38292331690140846 0.3867183328125 0.37705414788732394 0.3886716671875 0.37411956103286387
18 0.4921883328125 0.39172457042253517 0.48925833281250003 0.38732519483568073 0.481445 0.38732519483568073 0.47461000000000003 0.3653158051643193 0.46582 0.36091643192488265 0.46386666718749997 0.36385101643192486 0.46191333281249997 0.36385101643192486 0.453125 0.3799887323943662 0.453125 0.38585790375586854 0.4511716671875 0.38878998356807515 0.4511716671875 0.4034629107981221 0.4492183328125 0.40639749530516434 0.4511716671875 0.40933208215962436 0.4511716671875 0.41519874882629104 0.456055 0.41960062676056337 0.45996166718750003 0.41960062676056337 0.46191333281249997 0.4166660399061033 0.46386666718749997 0.4166660399061033 0.46582 0.41960062676056337 0.481445 0.41960062676056337 0.4824216671875 0.4181333333333333 0.49023500000000003 0.41519874882629104 0.49023500000000003 0.412264161971831 0.4921883328125 0.40933208215962436 0.4921883328125 0.39172457042253517
18 0.5234383328125001 0.30369702582159624 0.52539 0.28902660328638496 0.5205083328125 0.28169014084507044 0.512695 0.28169014084507044 0.5068366671875 0.2699543028169014 0.4990233328125 0.2699543028169014 0.49511666718749997 0.2611505469483568 0.487305 0.26701971830985916 0.4833983328125 0.25821596244131456 0.47363333281250003 0.2523467910798122 0.42871166718750003 0.2552813779342723 0.421875 0.2655524248826291 0.4257816671875 0.27435367840375585 0.4238283328125 0.28315743427230045 0.418945 0.29049389671361503 0.41601499999999997 0.28609201877934276 0.4199216671875 0.35651455399061033 0.43163999999999997 0.39172457042253517 0.4375 0.39759373943661974 0.4453133328125 0.3682503920187793 0.456055 0.34624350469483567 0.5146483328125 0.3227693262910798 0.5234383328125001 0.30369702582159624