9 0.27065472343749997 0.6527469389671362 0.43402973906250003 0.8729405821596243 0.45789220156250005 0.8971647300469484 0.6635924109375 0.376885720657277 0.5608857406250001 0.28024054929577463 0.46038631875 0.13846811502347417 0.27065472343749997 0.6527469389671362
32 0.59873571875 0.41423515727699534 0.541870540625 0.4938154014084507 0.5738482125 0.5544883122065728 0.58560975625 0.5627404671361502 0.6351016031250001 0.4476613286384976 0.59873571875 0.41423515727699534
32 0.41029505468750005 0.38250162910798124 0.37234251875 0.4310834366197183 0.3784950875 0.5285072629107981 0.423460709375 0.580736969483568 0.45662193437500004 0.5218924389671361 0.41029505468750005 0.38250162910798124
20 0.450155525 0.5149159812206573 0.42445671406249996 0.3871525985915493 0.4048124875 0.3892342253521127 0.37588947500000003 0.42477588732394367 0.3767613109375 0.5190524507042253 0.38582904375 0.5415380305164319 0.4253338015625 0.5609438450704225 0.44562375468750004 0.5368036784037559 0.450155525 0.5149159812206573
5 0.42683210781250003 0.39462017840375585 0.43871115468750005 0.471711617370892 0.45576727968749997 0.5181079530516431 0.5136160203125 0.4602784131455399 0.487274846875 0.39433220187793433 0.4885685984375 0.37672003990610325 0.5002240203125 0.36397879107981224 0.5259140328125 0.37247136384976526 0.5377930796875 0.44956280516431923 0.5248411875000001 0.4666624319248826 0.5289439515625001 0.47715121361502344 0.54189666875 0.4865539225352113 0.5544132875 0.4488208615023474 0.5330316500000001 0.31535926995305164 0.503024878125 0.29931376525821596 0.49460747656250004 0.3077794835680751 0.48122362812499997 0.30424582394366195 0.42661184687500003 0.344546117370892 0.42683210781250003 0.39462017840375585
5 0.6325572312500001 0.44636583568075117 0.6038440265625 0.41271067605633804 0.5444877203125 0.49108572535211265 0.5729863296875 0.5409303755868544 0.5937092984375 0.5506772089201878 0.632558290625 0.4596195492957747 0.6325572312500001 0.44636583568075117
5 0.46549119375 0.6378058755868545 0.4704542765625 0.6100466244131455 0.43807653125 0.6395458849765259 0.45081235 0.6386331690140845 0.45577897968750003 0.650630044600939 0.46549119375 0.6378058755868545
5 0.509742734375 0.6058833708920187 0.47952136406249996 0.6060273591549297 0.4937701375 0.6243228286384976 0.4812539828125 0.6885632417840376 0.5002501828125 0.6820352370892019 0.5013318265625 0.7071149788732394 0.46981735 0.7513759741784037 0.4583765265625 0.7479277370892018 0.435281525 0.7704719530516432 0.425566409375 0.7700448427230048 0.4013874609375 0.7410044014084507 0.3998732640625 0.7085450070422535 0.409586075 0.6824671995305164 0.4199465 0.6740869061032864 0.418002234375 0.6607502769953052 0.3940458515625 0.708288809859155 0.38951532499999997 0.7434277136150235 0.393617671875 0.7671676267605634 0.4067871078125 0.7868882746478874 0.430101725 0.7879132699530517 0.478885496875 0.7606104201877935 0.5153626421874999 0.7018413075117371 0.5231288843749999 0.6359219507042254 0.509742734375 0.6058833708920187
13 0.3964143359375 0.6362416338028168 0.3925282921875 0.6360707887323944 0.3908009234375 0.6330495892018779 0.373315375 0.6322808591549296 0.359285803125 0.6508057370892019 0.35691146875 0.6565918732394367 0.3564801578125 0.6624634295774648 0.354321659375 0.6653112793427229 0.35367469375 0.6741186126760563 0.35540205937499997 0.6771398122065728 0.3549707484375 0.683011368544601 0.35648264375 0.6889658427230048 0.3608010609375 0.6965188450704226 0.36662847187500003 0.6967750375586854 0.3776396421875 0.7060949061032864 0.389296121875 0.7066073685446009 0.3966341859375 0.6995668286384976 0.401382671875 0.6879970680751174 0.40181398437500004 0.6821255093896713 0.406346996875 0.6734890211267606 0.40591462656250005 0.6661068661971831 0.40073128125 0.6437920563380283 0.3964143359375 0.6362416338028168
18 0.4302933390625 0.49342846713615024 0.4292129390625 0.48159993427230047 0.427269915625 0.481514514084507 0.42554420625 0.47849338497652577 0.41388606875 0.47798084976525823 0.4106497078125 0.48225645774647885 0.4097870828125 0.49399956807511736 0.3944597984375 0.5036316197183098 0.3905764703125 0.516714558685446 0.3923038375 0.5197357582159624 0.39208818125 0.5226715352112676 0.40180288124999997 0.5363497816901408 0.40568892968750003 0.5365206267605633 0.40741463749999995 0.5395417535211268 0.41712975312499995 0.5399688661971831 0.4188571203125 0.5429900680751174 0.4210157984375 0.5401397112676056 0.4249001875 0.5403104812206573 0.4283538625 0.5330991713615023 0.42878517499999996 0.5272276150234741 0.42705762187499996 0.5242089201877934 0.42727327812500004 0.5212731408450704 0.4294319578125 0.5184227887323943 0.4311570234375 0.4949390680751174 0.4302933390625 0.49342846713615024
18 0.3797832578125 0.5309638309859155 0.3707096765625 0.4422172042253521 0.35905213593749996 0.4284510328638498 0.34955415156249997 0.4250907183098592 0.3441576375 0.4322141056338028 0.3432950140625 0.4439572159624413 0.3348777953125 0.45242042723004694 0.3340151703125 0.46416353990610326 0.3277547890625 0.4697788262910798 0.330778396875 0.481690279342723 0.324518015625 0.4873055680751174 0.31955387343749997 0.5018111103286385 0.3165373625 0.5694119061032864 0.3225831453125 0.5799861103286384 0.3288418703125 0.5743707464788732 0.3344552828125 0.57756279342723 0.3387737 0.5851157934272301 0.33553568125 0.5893913262910798 0.382594571875 0.585569690140845 0.40720128437499997 0.5689824530516432 0.4117342984375 0.5603459624413145 0.39316835 0.5477486995305164 0.3797832578125 0.5309638309859155