9 0.0016666671875 0 0.0016666671875 0.9989107981220657 1 0.9989107981220657 1 0 0.0016666671875 0
32 0.68457 0.046948356807511735 0.6474616671875 0.046948356807511735 0.55957 0.08509295774647888 0.3193366671875 0.05281752816901409 0.3007816671875 0.08362566431924882 0.2988283328125 0.13937777699530515 0.3056633328125 0.15845007746478876 0.5419916671875 0.2611505469483568 0.5947266671875 0.3286384976525822 0.6240233328125 0.352112676056338 0.9824216671875 0.45921251877934277 1 0.44454209624413143 0.9990233328125001 0.13204131455399062 0.8154299999999999 0.09096212910798122 0.68457 0.046948356807511735
32 0 0.3711849765258216 0.02832 0.3843906103286385 0.0458983328125 0.4107993732394366 0.0742183328125 0.40933208215962436 0.0986333328125 0.39906103286384975 0.1337883328125 0.3667830985915493 0.1757816671875 0.28315743427230045 0.18164 0.25087950000000003 0.17968833281250002 0.1804569647887324 0.1523433328125 0.08656025117370893 0.1757816671875 0.05135023474178404 0.1572266671875 0.0058691713615023474 0 0.0044018779342723 0 0.3711849765258216
18 0.5429683328125 0.3447762136150234 0.5429683328125 0.32423661971830986 0.53418 0.3169026596244131 0.5205083328125 0.3286384976525822 0.24316333281250002 0.6308682323943662 0.2539066671875 0.6616788732394366 0.2636716671875 0.667548044600939 0.3818366671875 0.5604456971830986 0.45996166718750003 0.47535273943661976 0.53125 0.37411956103286387 0.5429683328125 0.3447762136150234
18 0.4375 0.7585101713615023 0.4375 0.7203630680751173 0.424805 0.6807511737089202 0.393555 0.654342410798122 0.3583983328125 0.6484732394366197 0.3134766671875 0.6602115798122066 0.2675783328125 0.6968888896713614 0.28125 0.7350359929577465 0.30663999999999997 0.7614447582159625 0.30957 0.8098604061032865 0.3271483328125 0.7981220657276995 0.33886666718749997 0.8010566502347418 0.3613283328125 0.8377339600938967 0.37207 0.880282941314554 0.40038999999999997 0.8788156502347418 0.4052733328125 0.8509395938967136 0.44043 0.8392012511737089 0.4667966671875 0.8494723004694836 0.4375 0.7585101713615023
18 0.549805 0.6924895140845071 0.5429683328125 0.6763492957746479 0.55957 0.6514078239436619 0.5898433328125 0.6323355234741784 0.5917966671875 0.6088613450704226 0.5742183328125 0.5677821596244131 0.5976566671875 0.5501771525821596 0.5917966671875 0.5061608755868545 0.5986333328125 0.4988269178403756 0.6103516671875 0.5134973403755868 0.6210933328125 0.5002942089201878 0.625 0.479754617370892 0.615235 0.38878998356807515 0.5927733328125 0.3667830985915493 0.55957 0.352112676056338 0.5419916671875 0.352112676056338 0.4648433328125 0.47095086150234744 0.4667966671875 0.600057589201878 0.4355466671875 0.6880876361502347 0.4394533328125 0.7115618145539906 0.4677733328125 0.7453045375586854 0.5429683328125 0.779049765258216 0.5615233328125 0.7746478873239436 0.5703133328125001 0.7585101713615023 0.5703133328125001 0.7086272300469484 0.549805 0.6924895140845071
18 1 0.4562804389671361 0.9111333328125 0.5311023474178403 0.5791016671875 0.642606572769953 0.5615233328125 0.6514078239436619 0.546875 0.6734147112676057 0.55957 0.6954215962441315 0.5761716671875 0.6939543028169014 0.9990233328125001 0.528170265258216 0.9990233328125001 0.5193665093896713 0.9707033328125 0.5149646314553991 1 0.48268669718309865 1 0.4562804389671361
18 0.0009766671875 0 0 0.3711849765258216 0.0322266671875 0.38732519483568073 0.043945 0.4107993732394366 0.0742183328125 0.40933208215962436 0.1318366671875 0.36971768309859154 0.171875 0.2978278568075117 0.18164 0.2479449131455399 0.18164 0.20099655633802818 0.1542966671875 0.08069358450704225 0.171875 0.06015148591549296 0.1738283328125 0.03961189436619718 0.15918000000000002 0.0088037558685446 0.1416016671875 0 0.0009766671875 0
10 0.6865233328125 0.046948356807511735 0.6455083328125 0.046948356807511735 0.5673833328125 0.08216087558685445 0.38574166718749997 0.06748795070422535 0.325195 0.05281752816901409 0.3134766671875 0.055752112676056335 0.30273500000000003 0.0748244131455399 0.2988283328125 0.13937777699530515 0.3056633328125 0.15845007746478876 0.5419916671875 0.2611505469483568 0.5947266671875 0.3286384976525822 0.6240233328125 0.352112676056338 0.9726566671875 0.4533458521126761 1 0.44747668309859157 0.9970700000000001 0.13204131455399062 0.8154299999999999 0.09096212910798122 0.6865233328125 0.046948356807511735
18 0.3232459203125 1 0.6640633328125001 0.9991186220657277 0.6679683328125 0.9873827863849766 0.6386716671875 0.9463035985915493 0.6269533328125 0.9052219084507042 0.5927733328125 0.8714791854460094 0.5556633328125 0.8744137723004695 0.5087883328125 0.8509395938967136 0.46582 0.8568087629107982 0.450195 0.8480050070422536 0.424805 0.8538741784037559 0.3994133328125 0.8861496079812207 0.2958983328125 0.8714791854460094 0.3505866671875 0.8714791854460094 0.3613283328125 0.8641427230046949 0.3613283328125 0.8494723004694836 0.35156333281249996 0.8230635375586854 0.33300833281250003 0.803991237089202 0.3007816671875 0.8113251948356807 0.30273500000000003 0.7614447582159625 0.2832033328125 0.7438372464788732 0.2519533328125 0.6616788732394366 0.21484333281249998 0.602992176056338 0.2011716671875 0.5237683873239437 0.16894499999999998 0.490023161971831 0.14355500000000002 0.48708857511737086 0.0830083328125 0.44894397417840376 0 0.38292331690140846 0.0009766671875 0.9976538333333334 0.0322266671875 0.9976538333333334 0.22558666718749998 0.9330979647887324 0.2324216671875 0.9257640070422536 0.23046833281249998 0.8934860727699531 0.23925833281250003 0.880282941314554 0.2324216671875 0.8993552417840376 0.2333983328125 0.9389671361502347 0.0664066671875 0.9932519553990611 0.094261440625 1 0.3232459203125 1
10 0.5517583328125 0 0.49511666718749997 0.023474178403755867 0.4355466671875 0.06308607276995305 0.5166016671875 0.0792262910798122 0.56836 0.07775899765258215 0.6337883328125 0.046948356807511735 0.7041016671875 0.046948356807511735 0.7050783328125 0.007336462441314554 0.7021483328125 0 0.5517583328125 0
10 0.28125 0.30369702582159624 0.30175833281250003 0.27288638497652584 0.331055 0.2523467910798122 0.37011666718749997 0.24941220657276997 0.40136666718749997 0.2611505469483568 0.42871166718750003 0.2846247253521127 0.46386666718749997 0.340376838028169 0.5400383328125 0.29049389671361503 0.5488283328125 0.27435367840375585 0.43261666718749997 0.2112676056338028 0.3603516671875 0.1819242558685446 0.331055 0.18485884272300468 0.17480500000000002 0.3051643192488263 0.1259766671875 0.38145602582159627 0.09375 0.40639749530516434 0.1103516671875 0.45481314553990615 0.134765 0.4621471056338028 0.1884766671875 0.428404382629108 0.2490233328125 0.40493020422535214 0.265625 0.3682503920187793 0.28125 0.30369702582159624
10 0.5380866671875 0 0.43163999999999997 0.06308607276995305 0.48925833281250003 0.07629170657276996 0.5703133328125001 0.07775899765258215 0.6455083328125 0.04401377230046948 0.7080083328125 0.049882941314553994 0.7050783328125 0.001467293427230047 0.5380866671875 0