9 0.6112595796875 1 0.9837580046875001 0.8910752136150235 0.9919737390625001 0.4668776948356807 0.936316234375 0.049122077464788735 0.46208080625000003 0.024242204225352112 0 0.15936238028169014 0 0.6579633568075117 0.04556948125 1 0.6112595796875 1
32 0.5756764546875 0.03893534037558686 0.4944538265625 0.10161244600938966 0.2545816140625 0.13881829577464788 0.24041233593750003 0.17440107746478875 0.24579209687499998 0.22972251408450703 0.2549924890625 0.24649528873239435 0.50025016875 0.2795828075117371 0.5608103359375 0.3307448920187793 0.592619759375 0.345398485915493 0.9581935015624999 0.3477930915492958 0.9735165640625001 0.32834132863849763 0.9354034312499999 0.049074190140845075 0.6009999140625 0.03153033568075117 0.5756764546875 0.03893534037558686
32 0 0.5459168615023474 0.012509090625 0.5479719389671361 0.0332078453125 0.5688691971830986 0.060795359375000003 0.5593047887323943 0.0834003234375 0.5422131948356808 0.1136604609375 0.5004252605633803 0.1439089734375 0.4062407934272301 0.14543155624999998 0.3728562018779342 0.134301521875 0.30424519718309856 0.0951909015625 0.21986098356807512 0.11357428124999999 0.17855384507042252 0.08942166406249999 0.13920342723004694 0 0.16448471830985917 0 0.5459168615023474
18 0.44781654218750006 0.5135068356807512 0.504496821875 0.39362495539906106 0.51215159375 0.361441927230047 0.5094637468750001 0.34126741549295775 0.49988340156250005 0.3365846220657277 0.488008425 0.35203339201877937 0.25550672812499997 0.7284437183098592 0.2700769640625 0.7556251408450705 0.28042365468749997 0.7585890352112676 0.38231793281250004 0.6194963849765258 0.44781654218750006 0.5135068356807512
18 0.46283801562500004 0.7980741126760564 0.4578460203125 0.7606050539906104 0.44020961875 0.7253386220657277 0.4061001125 0.7083628920187793 0.37084634375 0.7126822441314554 0.3283180859375 0.7370971009389671 0.28809535625 0.7862877910798122 0.3064981015625 0.8198353215962441 0.3348594421875 0.8384919154929578 0.34406928125 0.8852065704225353 0.3597760390625 0.8686347723004695 0.37165475937500003 0.8681559530516432 0.3984874109375 0.8977385258215963 0.4145921125 0.9364501220657276 0.4421796265625 0.9268857136150235 0.44332185312499994 0.8981044248826291 0.47627147187499996 0.8764905211267605 0.5034790328125001 0.8790160938967135 0.46283801562500004 0.7980741126760564
18 0.451706346875 0.7294635868544601 0.4586103265625 0.7513999507042254 0.49080548437499993 0.7764197159624413 0.5689813828125 0.7879964953051644 0.58660623125 0.7783506150234741 0.59311666875 0.7599784507042253 0.5865889015625 0.7109821502347418 0.5643601515625 0.7010138051643193 0.555541821875 0.6871214741784037 0.5685627703125 0.657861366197183 0.5957625156249999 0.6304445798122066 0.5946067 0.6068273544600938 0.571988146875 0.5715204295774647 0.59267535 0.547505382629108 0.5811671390625001 0.5059523333333333 0.5869135953125 0.4967877300469484 0.6003280890625 0.5078361502347418 0.6091369703125 0.49178660093896714 0.6102812328125 0.4704915164319249 0.5887988046875 0.3839446854460094 0.5638859484375 0.36877177699530517 0.5293964890625 0.3638860305164319 0.51215363125 0.3689281314553991 0.45202900625 0.5077829624413145 0.470840190625 0.6340345985915493 0.451706346875 0.7294635868544601
18 0.5743224875 0.7010928145539906 0.5904153078125 0.6948896455399061 0.9835022640625001 0.4107631924882629 0.9823501875 0.4021159201877934 0.953994625 0.4059154835680751 0.9785082328125 0.36580792723004696 0.9750526640625001 0.33987102816901404 0.8976732984375 0.43885318779342725 0.5865699359375001 0.6436141643192489 0.5704788234375 0.6573010774647888 0.55898990625 0.6831184765258216 0.5743224875 0.7010928145539906
18 0 0.5464557910798122 0.016725225 0.5497337887323944 0.031291790624999996 0.5694294835680751 0.060795359375000003 0.5593047887323943 0.1121300671875 0.5038674929577465 0.141996659375 0.42177103051643194 0.14504753125 0.3699737746478873 0.13890378750000001 0.32385989906103285 0.0963392359375 0.21353830516431926 0.1108939203125 0.18831923004694834 0.1101221265625 0.16758443192488262 0.09172174375 0.1415255633802817 0.0733268109375 0.13792039201877934 0 0.15936238028169014 0 0.5464557910798122
10 0.9335694203125 0.04897797183098592 0.6009999125000001 0.03153033568075117 0.5737603984375 0.03949562676056338 0.5017343484375 0.09649133568075118 0.3216391046875 0.13418060563380282 0.26032814375 0.13713791549295776 0.2492174765625 0.1433815798122066 0.24117664218749998 0.16519597887323942 0.24579209687499998 0.22972251408450703 0.2549924890625 0.24649528873239435 0.50025016875 0.2795828075117371 0.5608103359375 0.3307448920187793 0.592619759375 0.345398485915493 0.947847140625 0.34483165727699533 0.9739005890625 0.3312237558685446 0.9335694203125 0.04897797183098592
18 0.6129386 1 0.7165639328125 0.9694193239436619 0.7188586359375 0.9567719929577465 0.6847453906250001 0.924826307511737 0.6678746734375001 0.8878360633802816 0.6299313515625 0.8644971596244131 0.5939136031250001 0.878024072769953 0.54486131875 0.8684125798122065 0.5034810656250001 0.8865022981220657 0.4870021875 0.8823368403755869 0.46286479375 0.8953844600938967 0.44218133125000003 0.9343694577464788 0.3387220703125 0.9496516361502347 0.3923667046875 0.9339650469483568 0.4019433078125 0.9236778896713616 0.4000235109375 0.9092682230046948 0.386988975 0.8861298192488263 0.366292253125 0.8727187629107981 0.33564035312499996 0.8891661338028168 0.33102896875 0.8396120117370892 0.3095659046875 0.8279198497652581 0.26816090937500003 0.756185427230047 0.22407929375000002 0.7091863450704226 0.2003011828125 0.6352922441314555 0.1642735875 0.6113905938967136 0.13898411875 0.6157909389671361 0.0746012875 0.595691309859155 0 0.5616993615023474 0 0.6692932887323944 0.0446054078125 1 0.2793852125 1 0.27742062968750003 0.9900350516431925 0.28431509374999997 0.9745453075117371 0.2801047359375 0.9952396126760564 0.2808616265625 1 0.6129386 1
10 0.469812890625 0.024647854460093897 0.423167015625 0.05957645305164319 0.3699175609375 0.11557109624413145 0.451537803125 0.10817492723004694 0.5021163390625001 0.09188755399061033 0.56226406875 0.04285734741784038 0.600999915625 0.03153033568075117 0.469812890625 0.024647854460093897
10 0.2316882515625 0.5048407605633802 0.2431731 0.46405095539906105 0.2500523390625 0.39616317605633805 0.266137346875 0.36001764788732393 0.29218705312500004 0.3314397910798122 0.3301192234375 0.3173530680751174 0.3623089296875 0.3199191384976526 0.39220393593749997 0.33513253990610326 0.4339838375 0.3798099647887324 0.5021740343750001 0.3089648802816901 0.50868414375 0.2905902558685446 0.38643477187499997 0.2619592089201878 0.31170899375 0.2538656338028169 0.2833554640625 0.26515140375586854 0.1458308046875 0.42813666197183103 0.1079180015625 0.5170780516431925 0.07957025 0.5508199741784038 0.10219083749999999 0.593613103286385 0.1270979875 0.5938140798122066 0.1753689625 0.5452646713615024 0.2316882515625 0.5048407605633802
10 0.42433227812499996 0.11313555868544602 0.50403239375 0.09132726760563381 0.5733763749999999 0.03661320187793427 0.59967373125 0.031460760563380284 0.4621892296875 0.024247892018779343 0.3660854515625 0.11669166901408451 0.42433227812499996 0.11313555868544602