9 0.23650638281249997 0 0.20337359375 0.18753156103286386 0.2044849109375 0.21522709624413147 0.19629224843749998 0.22761196713615023 0.15201557968749999 0.5008749436619718 0.12175333906250001 0.643842544600939 0.10644342968750001 0.7418251549295775 0.2263816140625 0.7766353568075117 0.262654859375 0.7525760070422535 0.30727906875 0.5962908802816901 0.3273025234375 0.5849055868544601 0.33613656875000003 0.5575619741784037 0.35169438125 0.5431355680751174 0.3820335015625 0.541334823943662 0.4093750390625 0.5111956150234741 0.4235999078125 0.5099732464788732 0.4484971875 0.4653425352112676 0.4534200484375 0.4488076737089202 0.4351843578125 0.4274171525821597 0.46077205625 0.3845382558685446 0.46532461718749996 0.35877076056338025 0.45403515 0.30939315727699535 0.53396034375 0.3214584483568075 0.533405465625 0.30761094600938965 0.44523742187500004 0.29121707981220657 0.45434170937499996 0.2396868192488263 0.44392880156250003 0.19667642723004697 0.46007739062499997 0.1505801971830986 0.459879671875 0.08373744131455399 0.48271810625 0.09607391549295774 0.4907246328125 0.07907364319248826 0.461297553125 0.041726631455399066 0.4686697515625 0 0.23650638281249997 0
22 0.53736526875 0.3135151126760563 0.5339113046875 0.30474789201877933 0.4932569375 0.296961720657277 0.45020890781249995 0.2913951384976526 0.4449173015625 0.2986978990610329 0.45472514999999997 0.311147338028169 0.5298645828125 0.3276523309859155 0.53736526875 0.3135151126760563
22 0.3847266546875 0 0.3866153390625 0.005645661971830986 0.46158177343749995 0.07976314319248826 0.48460436875 0.09671685211267607 0.49109493437499996 0.08830627699530516 0.4872702515625 0.07030878638497653 0.4394712171875 0.023661683098591547 0.41342909843750003 0 0.3847266546875 0
22 0.3871564234375 0 0.3950427640625 0.014589107981220656 0.46158177343749995 0.07976314319248826 0.48819543125 0.09338891784037559 0.4921066140625 0.08258016666666666 0.4872702515625 0.07030878638497653 0.4124603875 0 0.3871564234375 0
22 0.4050135734375 0.13940152347417842 0.3678641875 0.15709129812206574 0.241041959375 0.22920661971830986 0.2280639484375 0.24602883333333334 0.2383776390625 0.2556152159624413 0.26457195625 0.24329780516431923 0.3908867828125 0.17404500704225354 0.41740122187499995 0.15424677464788733 0.417030921875 0.14501414319248826 0.4050135734375 0.13940152347417842
22 0.1916454546875 0.24485278873239436 0.189026325 0.2630775070422535 0.27625490468749997 0.1941604577464789 0.272430221875 0.17616296713615023 0.2624852734375 0.17580868779342723 0.19386177031250001 0.23230844600938966 0.1916454546875 0.24485278873239436
22 0.19505046875 0.44421364084507037 0.207251978125 0.4544434906103286 0.277491725 0.37973576995305164 0.27140892031249997 0.35186218075117376 0.2093618390625 0.4141850258215963 0.19638185156250001 0.4310090774647887 0.19505046875 0.44421364084507037
18 0.20265079375 0.46349806807511734 0.21237370156250002 0.504754279342723 0.2671174015625 0.5234137676056339 0.2984682015625 0.5158869154929577 0.32889340625 0.48528229342723006 0.3493234765625 0.4376099389671361 0.35741650156250004 0.3918034248826291 0.35330801875 0.335767058685446 0.3424378921875 0.31233264319248827 0.309100046875 0.28579202112676055 0.27700864531249997 0.27485360798122066 0.22895323125 0.3146262981220657 0.1989975515625 0.3878875563380281 0.1965173890625 0.4189133896713615 0.204758678125 0.42324143427230043 0.2515696265625 0.3678647042253521 0.27279090156249997 0.3553687018779343 0.277997565625 0.37687271361502345 0.20265079375 0.46349806807511734
19 0.262654859375 0.7525760070422535 0.2874529171875 0.6745212910798122 0.2897469375 0.6388800586854461 0.2808511296875 0.587282868544601 0.2760132078125 0.5750109577464789 0.2528550703125 0.5701529366197183 0.249165928125 0.5400597582159624 0.2340143171875 0.5182014624413146 0.2165196453125 0.5152738474178404 0.2049220578125 0.5356020492957746 0.15698706406250001 0.501053 0.14810439687500002 0.5116836948356808 0.1478337359375 0.5358727089201878 0.1401469125 0.5453945258215962 0.1305363671875 0.5997902065727699 0.21724906875 0.7037116807511737 0.22485095156249998 0.7229966361502348 0.21836038906250002 0.7314072136150235 0.2056530375 0.7240404178403755 0.1266757828125 0.627310044600939 0.10506144843750001 0.738318631455399 0.22398795312500003 0.7788549460093898 0.262654859375 0.7525760070422535
22 0.2056530375 0.7240404178403755 0.21836038906250002 0.7314072136150235 0.22485095156249998 0.7229966361502348 0.2205188703125 0.7078616713615024 0.1350039875 0.602829485915493 0.1285352171875 0.6020566854460094 0.127002671875 0.6107308896713615 0.125293803125 0.6238035234741783 0.2056530375 0.7240404178403755
22 0.1859917 0.2802534718309859 0.191519625 0.294279558685446 0.2331841140625 0.29633908920187796 0.25578736874999997 0.2873496126760563 0.256934171875 0.26953017840375587 0.24643476406249998 0.25532603051643193 0.21370198125 0.2593463638497652 0.1951956265625 0.262144852112676 0.1859917 0.2802534718309859
9 0.40692115937500006 0.6666772183098592 0.3935724296875 0.6742691666666667 0.3897102875 0.7017884741784037 0.392893590625 0.7347447065727699 0.4049611203125 0.7570707769953052 0.40114957812499996 0.8013011713615024 0.41597992812499995 0.8306373896713615 0.41658540781250003 0.8611959765258216 0.44638237031249994 0.907777983568075 0.4400420453125 0.9663212910798122 0.451678803125 0.9958489835680752 0.6062102 0.9944983169014084 0.5974493171875 0.975963265258216 0.5329336703124999 0.8993370093896714 0.5216932421875 0.8666699647887325 0.5290077875 0.8479173450704225 0.49092008125 0.7802991009389671 0.48933923906250004 0.7099469272300469 0.46975788281249997 0.6395301924882629 0.48186131249999997 0.6163389272300469 0.484525634375 0.5899303309859155 0.47751764999999996 0.5389766103286385 0.46941190156249996 0.5225528732394367 0.4486458671875 0.5154747323943663 0.4335938953125 0.5270380821596244 0.40692115937500006 0.6666772183098592