9 0.5703859812500001 0.43142387323943665 0.5562321953125 0.43511877464788734 0.5337629125000001 0.4836456807511737 0.529738121875 0.5008726502347418 0.5491272859375 0.5188604201877934 0.525872846875 0.5657739061032864 0.5227187609375 0.5920750892018779 0.5366813203125 0.6389792441314553 0.45612908281250003 0.6409985516431925 0.45743448906250006 0.6546085399061033 0.5464614484375 0.6554339248826291 0.54015385625 0.7080314624413145 0.5528949671875 0.7487861737089202 0.5392508609375 0.7972354178403757 0.5430722640625001 0.8633650305164319 0.5195727609375 0.8551434366197184 0.5124905828124999 0.8733697769953052 0.5439323984375 0.9051970234741783 0.537787528125 0.9564376596244132 0.767174565625 0.9383769413145541 0.7938645156249999 0.7158156854460094 0.7912521124999999 0.6885954600938966 0.79877058125 0.6749051478873239 0.8282178375000001 0.39668172300469484 0.8507191234375 0.24987906572769952 0.8607119125 0.1502167159624413 0.738927159375 0.1367118779342723 0.703970525 0.16686353286384978 0.6678341171875 0.3293574037558685 0.648434671875 0.34412500234741783 0.6410859999999999 0.372734234741784 0.626315553125 0.3897319694835681 0.5960843265625 0.3968143591549296 0.5703859812500001 0.43142387323943665
22 0.45315594375 0.6494560492957746 0.4570840359375 0.6575308920187793 0.49814675625 0.6581361173708921 0.5414819953125 0.6561261408450704 0.5463759015625 0.6479731314553991 0.5358964515625 0.6373634107981221 0.45988766875 0.6341520633802816 0.45315594375 0.6494560492957746
22 0.566730703125 0.9192657370892019 0.6120689968749999 0.950589131455399 0.6294558109375 0.9492201854460094 0.6205453921874999 0.9278654788732394 0.5415861984375 0.8675963169014084 0.5176522828125 0.8548365375586855 0.511619878125 0.8642955633802817 0.516418965625 0.881442204225352 0.566730703125 0.9192657370892019
22 0.6306546296875 0.9491257981220657 0.6116359671875 0.9204850117370892 0.5415861984375 0.8675963169014084 0.5142428531250001 0.8587580070422536 0.5109189703125 0.8701402699530516 0.516418965625 0.881442204225352 0.6125142765625 0.9505540727699531 0.6306546296875 0.9491257981220657
22 0.59490206875 0.7986815187793428 0.6310798625 0.7746817206572769 0.7539495671875 0.6811439976525822 0.7660112 0.6622254413145541 0.755181296875 0.6545380774647886 0.729663609375 0.6713063169014085 0.6071459484374999 0.761921941314554 0.5817138078124999 0.7861509765258216 0.5825845109375 0.7952251901408451 0.59490206875 0.7986815187793428
22 0.8024811234375001 0.6570276126760562 0.8041113515625 0.6385303802816901 0.720648503125 0.7219856995305164 0.7254475921875 0.7391323450704226 0.735408378125 0.7377457464788733 0.8009456265624999 0.669831765258216 0.8024811234375001 0.6570276126760562
22 0.7882693015625 0.46028553990610327 0.7755173296875 0.4522910234741784 0.7093514937500001 0.5385104530516431 0.716943353125 0.5650384600938968 0.7755907171875001 0.4925093450704225 0.7876542296875 0.47358862676056335 0.7882693015625 0.46028553990610327
18 0.7796260796875 0.4425245915492958 0.7676698375 0.4033857159624413 0.71193308125 0.39447882159624414 0.681000946875 0.4074059225352113 0.6522452140625 0.4430148075117371 0.6344065203125 0.4937721009389671 0.6287995468750001 0.5405273474178404 0.63594454375 0.5952771079812206 0.6480814421875001 0.6165747112676055 0.68284685 0.6370221103286385 0.7155203953125 0.6422434389671362 0.7614033421874999 0.5944797417840375 0.7873771640625 0.5167293004694835 0.78817448125 0.48558519248826293 0.77970134375 0.4827407535211268 0.735908384375 0.5457326784037558 0.7153717390625001 0.5618089553990611 0.7090010390625 0.5414328075117371 0.7796260796875 0.4425245915492958
19 0.703970525 0.16686353286384978 0.683412446875 0.2484577840375587 0.683051425 0.2841379178403756 0.6947414609375 0.33365727464788736 0.70024304375 0.3449594647887324 0.7236567109375 0.34572267840375587 0.728976046875 0.37486588967136153 0.745307534375 0.393855441314554 0.762955 0.39369719953051646 0.7734466078125 0.37154939201877935 0.823238384375 0.39737394131455395 0.831541721875 0.3852994624413146 0.8305009312499999 0.36130874178403755 0.8376689453124999 0.3505407840375587 0.84432728125 0.2950184765258216 0.7520100296875001 0.20729985211267604 0.743365221875 0.18953865492957744 0.7493976265625 0.18007962910798123 0.7625000515625 0.1851517910798122 0.8466946234374999 0.2671036220657277 0.8622835249999999 0.15344622065727698 0.74119968125 0.13409667605633802 0.703970525 0.16686353286384978
22 0.7625000515625 0.1851517910798122 0.7493976265625 0.18007962910798123 0.743365221875 0.18953865492957744 0.7485163515625 0.2037631971830986 0.8396964046875001 0.2927905 0.8462048796874999 0.29242542723004694 0.8472666515625 0.28357156572769954 0.848266234375 0.27033312676056337 0.7625000515625 0.1851517910798122
22 0.8062137859374999 0.6209986737089201 0.7999273359375 0.6080806525821596 0.7581652953125 0.6133203873239437 0.7360570390625 0.6261671572769953 0.7358766703125 0.6440060187793427 0.7471425765624999 0.656231823943662 0.7796463234375001 0.6465342276995305 0.7979946984375 0.640531279342723 0.8062137859374999 0.6209986737089201
9 0.354723578125 0 0.3571788890625 0.004229295774647888 0.425826840625 0.06880740375586855 0.43883444374999997 0.099179220657277 0.4325390109375 0.11901923474178404 0.4742796171875 0.17929747183098593 0.4796739328125 0.2486592558685446 0.5030661671875001 0.3149404436619718 0.49222410468750005 0.3400106079812206 0.490992375 0.36661652582159626 0.5007603453125 0.41582873239436624 0.50975373125 0.43066974178403755 0.5308964625 0.4340484084507042 0.5453164546875 0.4199730281690141 0.564409896875 0.27709208920187794 0.5773425249999999 0.26724533333333333 0.5797114515625 0.23933073474178404 0.57474256875 0.2072651690140845 0.5614687593750001 0.1872738309859155 0.5628811453125 0.14282663849765256 0.5464654109375 0.11637896009389673 0.5442034609374999 0.08623638028169013 0.51189123125 0.04533250704225353 0.5143202375 0 0.354723578125 0