9 0 0.5531110093896714 0.037109678125000004 0.6587429953051643 0.0332032265625 0.699824927230047 0.0361322578125 0.7071597769953052 0.0517580640625 0.7012909272300469 0.070312903125 0.7467732840375587 0.06347580625 0.7511737089201878 0.038085484375 0.7130286244131456 0 0.7321011666666666 0.0009758062499999999 0.9976531877934272 0.3642580640625 0.9976531877934272 0.381835484375 0.9888499178403756 0.39160161250000003 0.9976531877934272 0.5771483875000001 0.9917843403755869 0.6757806453125 0.9991191877934272 0.7421870968750001 0.996184765258216 0.7382806453125 0.8113257605633802 0.7148435484375 0.7643774037558686 0.6044919359375001 0.7394360140845071 0.59277419375 0.7130286244131456 0.5732419359375001 0.7071597769953052 0.5605467734375 0.6880872323943662 0.5527338703125 0.6440733004694835 0.5273435484375 0.6117946384976527 0.5234370968750001 0.5912560962441314 0.4892580640625 0.5663147065727699 0.477538709375 0.5633802816901409 0.46777419374999996 0.5956565187793427 0.43457096718750005 0.5692491291079812 0.4169919359375 0.5692491291079812 0.3876951609375 0.5985909436619719 0.3779290328125 0.47828684037558683 0.369140321875 0.4826872629107981 0.3779290328125 0.616197485915493 0.34277419375 0.616197485915493 0.31738225781249996 0.6426048755868545 0.2841790328125 0.6308696056338028 0.241211290625 0.6484737230046947 0.244140321875 0.6117946384976527 0.23144516093749998 0.6044597910798122 0.21386774218750002 0.6572769953051644 0.1767580640625 0.6572769953051644 0.1435548390625 0.6807523849765258 0.1396483875 0.6924876572769953 0.13183548437499998 0.6924876572769953 0.11523387031250001 0.6616774201877934 0.12304677343749999 0.6528765704225352 0.12304677343749999 0.6294011807511738 0.11425806406250001 0.6279351807511737 0.1064451609375 0.6426048755868545 0.0283209671875 0.5046942300469484 0.016601612499999998 0.498825382629108 0.0126951609375 0.5193663497652582 0 0.5208323497652583 0 0.5531110093896714
22 0.367187096875 0.4826872629107981 0.37109354843750003 0.5443077394366197 0.3769532265625 0.6088626384976525 0.382812903125 0.6147290633802817 0.38867258125 0.5971249436619718 0.382812903125 0.4826872629107981 0.3720709671875 0.4753524154929577 0.367187096875 0.4826872629107981
22 0.23730483906250002 0.601525366197183 0.226562903125 0.6117946384976527 0.2070306453125 0.6939560798122066 0.1875 0.7849183708920188 0.1914064515625 0.7966560657276994 0.2070306453125 0.7761150985915493 0.2382806453125 0.6470077230046949 0.244140321875 0.6088626384976525 0.23730483906250002 0.601525366197183
22 0.17187580625 0.8494708474178403 0.13867258124999998 0.996184765258216 0.1523435484375 0.9991191877934272 0.164062903125 0.9844494929577464 0.18945322656250002 0.8553396948356807 0.18066451562500002 0.8392015751173708 0.17187580625 0.8494708474178403
22 0.2333983875 0.601525366197183 0.226562903125 0.6117946384976527 0.18554677343749998 0.7937216408450705 0.193359678125 0.7966560657276994 0.210937096875 0.7614429812206572 0.2382806453125 0.6470077230046949 0.241211290625 0.6044597910798122 0.2333983875 0.601525366197183
22 0.29589838749999997 0.6924876572769953 0.290038709375 0.6954220798122065 0.289062903125 0.7144946244131455 0.30859354843750003 0.7643774037558686 0.382812903125 0.9316322887323943 0.3964838703125 0.946301983568075 0.40039032187499995 0.9286978638497653 0.38671935468749996 0.8934847793427231 0.3144532265625 0.7262323192488264 0.29589838749999997 0.6924876572769953
22 0.40371467968749997 1 0.41601612968749996 0.9991191877934272 0.352538709375 0.8890843544600939 0.3417967734375 0.8993536267605633 0.34375 0.9140257464788732 0.3951567125 1 0.40371467968749997 1
22 0.508788709375 0.9301638638497652 0.522461290625 0.9448359835680752 0.53125 0.9433675610328638 0.5351564515625 0.9228290164319248 0.47167903281249995 0.8392015751173708 0.45507741875 0.8553396948356807 0.508788709375 0.9301638638497652
18 0.45703064531250004 0.8524052699530517 0.46972580625000004 0.8392015751173708 0.5419919359375001 0.9272294413145541 0.5664064515625 0.9022880516431925 0.5664064515625 0.8171946079812207 0.5546870968750001 0.7731806760563381 0.5283209671875 0.736501589201878 0.493164515625 0.7188974718309858 0.461914515625 0.7188974718309858 0.4267580640625 0.7394360140845071 0.41406290312499994 0.7614429812206572 0.4042967734375 0.8171946079812207 0.4042967734375 0.8670773896713616 0.44042903281249995 0.9272294413145541 0.49414032187499995 0.9521708309859155 0.5146483875000001 0.9477704084507043 0.51562580625 0.9345667112676057 0.46972580625000004 0.8802810845070423 0.45703064531250004 0.8524052699530517
19 0.6357419359375001 0.7541081338028169 0.6044919359375001 0.7805155234741784 0.5976564515625 0.7907872183098592 0.599609678125 0.8259978802816901 0.5810548390625 0.8392015751173708 0.5703129031249999 0.8670773896713616 0.5722661296875 0.8934847793427231 0.587890321875 0.9052224741784037 0.57617258125 0.9844494929577464 0.584961290625 0.994718765258216 0.600585484375 0.9888499178403756 0.6083983875000001 0.9976531877934272 0.6455080640624999 0.9976531877934272 0.693359678125 0.8436044225352112 0.7041016124999999 0.8274638802816902 0.7109370968750001 0.8348011502347418 0.7089838703125 0.8553396948356807 0.6640629031249999 0.996184765258216 0.7402338703125 0.9991191877934272 0.7402338703125 0.8142601854460094 0.7148435484375 0.7643774037558686 0.6591790328125 0.7482392840375587 0.6357419359375001 0.7541081338028169
22 0.6533230671875 1 0.662109678125 0.9991191877934272 0.7089838703125 0.8553396948356807 0.7109370968750001 0.8348011502347418 0.7041016124999999 0.8274638802816902 0.6953129031249999 0.837735575117371 0.6464838703125 0.9903159178403755 0.6474053750000001 1 0.6533230671875 1
22 0.40527419374999996 0.8978876267605634 0.398437096875 0.9169601690140845 0.4082032265625 0.9639085258215961 0.41406290312499994 0.9903159178403755 0.42773387031250004 0.9991191877934272 0.4355467734375 0.9873814929577466 0.42773387031250004 0.925763441314554 0.4169919359375 0.8949532042253521 0.40527419374999996 0.8978876267605634
9 0.7314451609375 0.5193663497652582 0.75097580625 0.5105630774647888 0.774414515625 0.4548114483568075 0.8134758062499999 0.44894260093896715 0.849609678125 0.394659396713615 0.8476564515625 0.359448734741784 0.852538709375 0.3491794647887324 0.8955080640625 0.3491794647887324 0.9042967734375 0.3330389225352113 0.8955080640625 0.31103195539906103 0.8623048390625 0.3169008028169014 0.8593758062499999 0.30663153051643194 0.8730467734375 0.3007626830985915 0.8623048390625 0.2904934131455399 0.8457032265625 0.2919594131455399 0.8652338703125 0.26261759859154926 0.8632806453124999 0.18925942723004696 0.875 0.18045857981220656 0.8720709671875 0.16725246009389672 0.850585484375 0.15845161267605634 0.8076177421875 0.1760557323943662 0.7851564515625 0.21566924178403754 0.75 0.33010449765258215 0.7314451609375 0.35504588732394365 0.71777419375 0.3491794647887324 0.6826177421875 0.4225352112676056 0.6376951609375 0.44307617840375585 0.5966790328125 0.4900245352112676 0.5791016124999999 0.47828684037558683 0.56152419375 0.48122126291079814 0.53027419375 0.5046942300469484 0.5214838703125 0.5208323497652583 0.5214838703125 0.5531110093896714 0.53222580625 0.5721835539906103 0.6279290328125 0.5751179765258216 0.6357419359375001 0.5927220962441315 0.6542967734375 0.5912560962441314 0.6748048390625 0.5780524014084507 0.68652419375 0.5545770093896714 0.7158209671875 0.5487081619718309 0.7314451609375 0.5193663497652582