31 0.4454640171875 0.628346390625 0.424837246875 0.6287294375 0.40366552968749997 0.6399378609374999 0.3972276984375 0.65087454375 0.3965144328125 0.659738509375 0.406537028125 0.673321003125 0.4191675859375 0.6829200484375 0.41655978749999995 0.68690195 0.4232976234375 0.69661075 0.44994880156250006 0.7148020203125001 0.46173424374999994 0.714582509375 0.473183371875 0.710437071875 0.482905959375 0.7033740828124999 0.48812311093750005 0.695410496875 0.4871100015625 0.6836274312499999 0.4839947875 0.681718465625 0.47969659375000007 0.6660648 0.47312846718749996 0.658319178125 0.472452896875 0.6504653484375 0.4591453796875 0.6330107078125 0.4454640171875 0.628346390625
31 0.37999910312499996 0.604974803125 0.3753255078125 0.60211124375 0.3635400671875 0.60233075625 0.3520909390625 0.606476190625 0.3512081265625 0.613375428125 0.37491225 0.63162069375 0.40437863125 0.63107544375 0.4271088953125 0.6208200625 0.44167323593749996 0.6185835953125001 0.44844876874999995 0.6115746 0.45071886250000004 0.603665009375 0.4472659484375 0.5978283546875 0.4332451640625 0.5892376796875001 0.42735244375 0.5893474359375 0.42406752187499996 0.5854752890625 0.41800525468750005 0.58362031875 0.40950318281250003 0.5877117593750001 0.389214278125 0.5920209453124999 0.3822705890625 0.5970669765625 0.3860613703125 0.6068297734375 0.39523885000000003 0.6105937109374999 0.3910726671875 0.6136210203125 0.380674509375 0.6128301796875 0.37999910312499996 0.604974803125
23 0.30597910625 0.3791858203125 0.26814250156249997 0.40250503125000003 0.2578748015625 0.420394946875 0.255059596875 0.4391314640625 0.2606709078125 0.4872136796875 0.27414658125 0.5066312828124999 0.2819353875 0.5114038062499999 0.2907751640625 0.5112400546875 0.319228275 0.4989132875 0.3327795046875 0.484893753125 0.344396625 0.48271282656250003 0.3653987953125 0.46953967499999993 0.3640478203125 0.45383046718750003 0.38803490625000003 0.423883978125 0.382553890625 0.39448406875 0.3961049578125 0.3804660796875 0.3923143390625 0.3707017359375 0.35093050312499996 0.352785521875 0.3334191078125 0.35507598749999997 0.30597910625 0.3791858203125
23 0.6438477812500001 0.5843523828125 0.644353640625 0.5902430328125 0.6374099515625 0.5952890640625 0.5914452828125001 0.6099078437500001 0.5917452890625 0.630553328125 0.5948605 0.63246229375 0.6008472109375 0.667754403125 0.5952923578125 0.6717903 0.5956300609375 0.6757179890625 0.6004718125 0.680544509375 0.6269911390625 0.68005325625 0.6413874859375001 0.6758522765625 0.647993309375 0.666880103125 0.6473177390625 0.6590262734375 0.6574158921875 0.63917163125 0.6564027828125 0.6273885640625 0.665825365625 0.5996800921875 0.6672518968750001 0.5819521625 0.656515871875 0.5772351796875 0.6506233140625 0.5773433875 0.6438477812500001 0.5843523828125
13 0.57838286875 0.5609807921875001 0.5742166875 0.5640081015625 0.5786828734375 0.5816262765625 0.564080675 0.6005820875000001 0.5645880875 0.60647295625 0.5884980640624999 0.6099633875 0.6344627328125 0.5953446078125 0.641406421875 0.5902985765625 0.6462874234375 0.57840751875 0.6393800390625 0.566733990625 0.625528803125 0.5601080421875 0.5990094765625 0.5605992953125 0.5899999890625 0.5587998671875 0.58722264375 0.5608170421875001 0.57838286875 0.5609807921875001
31 0.6344627328125 0.5953446078125 0.6393800390625 0.566733990625 0.5754356484375001 0.5610363359375 0.564080675 0.6005820875000001 0.5884980640624999 0.6099633875 0.6344627328125 0.5953446078125
31 0.3500683421875 0.274129728125 0.3267945234375 0.295212253125 0.3483590109375 0.3400478640625 0.32525490156250003 0.36309356875 0.36904207499999997 0.3917844765625 0.42106745781250005 0.3790204515625 0.4296636828125 0.410329328125 0.500964859375 0.38147305 0.5159045984375 0.366446475 0.512359084375 0.3252097203125 0.47521543125 0.2708288421875 0.4041972171875 0.25149336718750004 0.3500683421875 0.274129728125
33 0.3500683421875 0.274129728125 0.3267945234375 0.295212253125 0.3483590109375 0.3400478640625 0.32525490156250003 0.36309356875 0.3600325875 0.38998505 0.424014675 0.378964909375 0.4296636828125 0.410329328125 0.50946693125 0.3773816109375 0.512359084375 0.3252097203125 0.47521543125 0.2708288421875 0.40714288125 0.2514376078125 0.3500683421875 0.274129728125
33 0.5132609968749999 0.2327552328125 0.5114026078125 0.2111551578125 0.47970227187500003 0.20289198437499997 0.43685436875 0.219419946875 0.508229046875 0.31151901875 0.5374897390625 0.3257270546875 0.5910358078125 0.330635415625 0.6047927265624999 0.30186259375 0.5132609968749999 0.2327552328125
19 0.38976128125 0.42680307968750003 0.37515924375 0.44575734375 0.388972621875 0.469102634375 0.33328691875 0.4907846203125 0.4094861390625 0.518874521875 0.44627177500000004 0.5004915859375 0.48752498906249997 0.499728590625 0.524574490625 0.518709153125 0.5436427140625 0.5173730625 0.5392314296875 0.5518727828125 0.5697110859375 0.563109053125 0.616351325 0.5563441046875 0.612428690625 0.5278987859375001 0.5772393 0.53051696875 0.599198121875 0.477008771875 0.6297533328125 0.45480790625 0.636736275 0.433044296875 0.604304075 0.3648076328125 0.5895715781249999 0.36508114062499997 0.5519580328125 0.4424812078125 0.5245935875 0.433153903125 0.552465446875 0.448372075 0.54274269375 0.45543661249999995 0.5072138796875 0.4541284375 0.46288315 0.43626467187499995 0.5026158421875 0.41782774062500005 0.515491503125 0.3959543765625 0.503911915625 0.3814190546875 0.42217488281250004 0.42620228750000005 0.38976128125 0.42680307968750003
18 0.48812311093750005 0.695410496875 0.4856834671875 0.7013553609375001 0.473183371875 0.710437071875 0.4560112328125 0.71665544375 0.45479055312499994 0.719628540625 0.46447544531249996 0.7292833453124999 0.4649813046875 0.735173996875 0.471550984375 0.7429198359375 0.49074966875000003 0.7602645031249999 0.49542326406250004 0.7631280609375 0.5013175375000001 0.7630185218750001 0.525097053125 0.747828196875 0.530314203125 0.7398646109375 0.5225255609375 0.7350905390625 0.5001722515625 0.7325560296875 0.5185650703125 0.7233645625 0.5305216109375 0.7251099953125 0.551354234375 0.7099721156250001 0.5534561734375 0.700099565625 0.5392672328125 0.689545928125 0.52870108125 0.6867905765625 0.525248003125 0.68095546875 0.517459196875 0.67618294375 0.505672365625 0.676400690625 0.48694184375000005 0.68166446875 0.48812311093750005 0.695410496875
18 0.5585430265625 0.673453675 0.551429628125 0.676536528125 0.5521051984375 0.68439035625 0.5481070078125 0.6893821765625 0.546888046875 0.6923539421875 0.5534561734375 0.700099565625 0.5740450828125 0.7164358625 0.579939359375 0.7163263234375 0.5854942109375 0.7122904250000001 0.5917246359375 0.716108359375 0.600565965625 0.715944825 0.615168003125 0.6969905625 0.6171003953125 0.6851532828125 0.6124267999999999 0.6822897234374999 0.6004718125 0.680544509375 0.5909564671875 0.6728544296875001 0.5585430265625 0.673453675
18 0.652293396875 0.5281428296875 0.646400678125 0.5282525859375 0.632174040625 0.53441674375 0.6267871796875 0.54041715 0.6255666625 0.5433887000000001 0.6354211015625 0.55500823125 0.658787521875 0.56932580625 0.6890976296875 0.5785973484375 0.7154488015625 0.576143134375 0.728118609375 0.5690246015625 0.72744165 0.5611690078125 0.71826400625 0.5574066171875 0.7040752296874999 0.5468514328125 0.6829426 0.541343828125 0.652293396875 0.5281428296875
18 0.5253650421875 0.32201865937499996 0.5194724859375001 0.3221268671875 0.5153045859375001 0.3251555078125 0.515098896875 0.33990879218750003 0.5143856296875 0.3487727578125 0.5211234671875 0.35848155937500004 0.521798875 0.3663369359375 0.5557693046875001 0.3666905203125 0.5647787906249999 0.3684899484375 0.5694523859375 0.37135350625 0.5708033609375 0.3870627125 0.5782543015625 0.38790909687499997 0.58242048125 0.3848817875 0.581575365625 0.37506323125 0.5864563671874999 0.3631721734375 0.5857809609375 0.355316796875 0.58855830625 0.353299621875 0.5872073296875 0.3375904140625 0.583922571875 0.3337167203125 0.5731865453125 0.3289997390625 0.54355200625 0.327582025 0.5253650421875 0.32201865937499996
33 0.528312259375 0.321963115625 0.5194724859375001 0.3221268671875 0.5153045859375001 0.3251555078125 0.515098896875 0.33990879218750003 0.5143856296875 0.3487727578125 0.5175008421875 0.350681725 0.5180067015625001 0.3565723765625 0.5226802953125 0.359435934375 0.5401916921875001 0.35714546875000003 0.5492011781249999 0.35894489687500003 0.556989984375 0.363717421875 0.5512654203125 0.36579014062500004 0.5528222484375 0.366744515625 0.5677242921875 0.368435734375 0.572567596875 0.37326247343749996 0.573411159375 0.3830808109375 0.5706336515625 0.385099534375 0.5782543015625 0.38790909687499997 0.582250934375 0.3829170609375 0.5812376625 0.3711355421875 0.58855830625 0.353299621875 0.5872073296875 0.3375904140625 0.583922571875 0.3337167203125 0.5731865453125 0.3289997390625 0.561399715625 0.329217484375 0.546329515625 0.3255633046875 0.5374897390625 0.3257270546875 0.528312259375 0.321963115625
10 0.5587163609375 0.366636525 0.523355703125 0.3672913109375 0.5193592312499999 0.3722818015625 0.518982115625 0.3850732359375 0.5232424484375 0.41744624375 0.5308632640625001 0.42025425937499994 0.563276865625 0.41965346875 0.5698826875 0.41068129375 0.5694523859375 0.37135350625 0.5587163609375 0.366636525
19 0.6921068203125 0.16748865156249998 0.66243303125 0.182788515625 0.63272138125 0.21480772187500002 0.627222984375 0.27096173125 0.6373004843750001 0.3366621203125 0.669731128125 0.4048985640625 0.7079997546875 0.4209058109375 0.7679457937499999 0.4315968328125 0.799046115625 0.39856903906249996 0.777406234375 0.38716901875 0.7878420921875 0.3712420625 0.78404991875 0.36147750156249997 0.745575603125 0.360223540625 0.699837278125 0.2745340015625 0.7055997015625 0.2557419421875 0.7376754375 0.25121500937499996 0.747228478125 0.2421872921875 0.71943356875 0.1935337484375 0.6921068203125 0.16748865156249998
31 0.7577569343749999 0.2616604390625 0.7466833703125 0.2530142203125 0.7290038171875 0.253341721875 0.7033280515625 0.263651315625 0.7065751140625001 0.284242803125 0.7164281640625 0.2958605703125 0.7317622265625 0.33687825 0.74767754375 0.3503509890625 0.74540589375 0.3582603609375 0.7531947 0.3630328859375 0.76498153125 0.36281513906249996 0.7937725078125 0.3544145125 0.8007177515624999 0.3493686984375 0.8000423453125001 0.341513321875 0.787242078125 0.3299510953125 0.786566671875 0.32209571875 0.7765439125 0.3085147703125 0.7577569343749999 0.2616604390625
23 0.738858759375 0.11056855000000002 0.7339793125 0.12245982656250001 0.708978953125 0.140624796875 0.7001014796875 0.15750634218749998 0.7026731359375 0.170242453125 0.7175374828125001 0.1886514671875 0.72654696875 0.190450896875 0.747003865625 0.18810621875 0.7624511828125 0.178968965625 0.7676683328125 0.17100537968750001 0.7692628578125 0.15524195937500002 0.788538653125 0.13914970625 0.7930817875 0.1233325078125 0.7856685453125001 0.105768328125 0.792144071875 0.07811385 0.7899101187500001 0.0693054296875 0.7782929968750001 0.0714863546875 0.7519039656250001 0.0906599125 0.7440774625000001 0.1026051828125 0.7473606687500001 0.106478659375 0.738858759375 0.11056855000000002
28 0.8308992937499999 0.185568546875 0.8106482484375 0.1731583890625 0.785647890625 0.1913233609375 0.7627511890625 0.1996144484375 0.7761874484375 0.2357511765625 0.7950499843750001 0.24916837187500002 0.7955573968749999 0.2550592390625 0.8078500875 0.26073214375 0.8126541421875 0.282276459375 0.8351391390625 0.3034950359375 0.835646553125 0.30938590625 0.8493280796875 0.3140486734375 0.8887607640624999 0.2749662609375 0.8846322796875 0.2612757765625 0.890019140625 0.2552753703125 0.889173859375 0.2454583609375 0.8756983500000001 0.22603920937500002 0.8308992937499999 0.185568546875
18 0.7793042140625001 0.23766035937500002 0.7643080171875 0.2005688234375 0.7596344234375 0.197705265625 0.7480171390625 0.1998877375 0.7541343078125 0.2538606046875 0.76415706875 0.26744155 0.77224588125 0.29285955937499997 0.7970951265624999 0.3415688640625 0.804883934375 0.3463413890625 0.84319025625 0.345630840625 0.8470185703125 0.3386773890625 0.8299219875 0.311458621875 0.8252860906249999 0.29187726875000003 0.8124859859375 0.28031349687499996 0.8109652984375 0.26264111093750003 0.7793042140625001 0.23766035937500002
33 0.7410887640625 0.42816039687499996 0.7287960734375 0.42248749375 0.7111149671875 0.42281477812499996 0.671627378125 0.40977929843750005 0.6712518140625 0.42257095156249996 0.6743670265625 0.4244799171875 0.675718003125 0.44018912656250003 0.678833215625 0.44209809218749996 0.6793406281250001 0.4479889609375 0.690412803125 0.4566334140625 0.70236934375 0.45837884687499997 0.7051466890625 0.456361671875 0.719879184375 0.4560881640625 0.729396084375 0.4637784609375 0.738403853125 0.46557922031250004 0.7678704 0.46503242343749995 0.7720381359374999 0.46200533125 0.7715307218749999 0.4561144625 0.7549398375 0.43478789375 0.75287559375 0.42794265 0.7410887640625 0.42816039687499996
19 0.61342854375 0.1620627375 0.6199983875 0.1698070296875 0.620504084375 0.175699228125 0.613390846875 0.1787805328125 0.613015446875 0.1915706390625 0.61630020625 0.1954443328125 0.6336043578125 0.2079069359375 0.639496915625 0.207798728125 0.6594859765625001 0.182842509375 0.6733747453125 0.1727522125 0.6756463953125 0.1648428390625 0.68120125 0.1608069421875 0.683642609375 0.1548607484375 0.6760217953125001 0.1520527328125 0.62870615 0.1509623046875 0.6160378953125 0.158081053125 0.61342854375 0.1620627375
18 0.6535574515625 0.045279121875 0.6471196203125 0.05621580625 0.6469122140625 0.0709704203125 0.6638423578125 0.0962248953125 0.6724370296875 0.1275335546875 0.6833426015625 0.134215265625 0.6980749359375 0.1339433046875 0.7308641 0.12055085937500001 0.746347559375 0.0946955921875 0.7642343546875 0.079615021875 0.8077970765625 0.054223310937500005 0.8072590984374999 0.0479795390625 0.6933829828125 0.032043748437500005 0.6662255421875 0.0381619203125 0.6535574515625 0.045279121875
9 0.613379940625 0.31591006718750003 0.6139250515625 0.30508314062499997 0.54142229375 0.251357265625 0.5585018328125 0.20973879687500002 0.5392638984375 0.20911170625 0.5227673296875001 0.22318390781250003 0.48832718125 0.2002216609375 0.4449718640625 0.21085875625 0.380238978125 0.24745910937499999 0.3265796578125 0.29270568125 0.34014793125 0.3475233828125 0.27070358906249997 0.3979795203125 0.2548447296875 0.4366248921875 0.2609619015625 0.49059775937500005 0.3513309625 0.614796546875 0.46561000156250004 0.7424857640625 0.505061446875 0.7722392578124999 0.5315807734375 0.771748003125 0.5494677328125 0.7566658859375 0.536667628125 0.7451021140625 0.5604094468749999 0.7466295828125 0.543988271875 0.7272661921875 0.5746737796875 0.7237476296875001 0.6425612921875 0.67233711875 0.667205025 0.5814101 0.727734196875 0.5645533046875 0.6480803421875 0.5306280765625 0.666342865625 0.5027543046875 0.7001828359375 0.48442713125000003 0.702490628125 0.4597997453125 0.7652535890625 0.45175292031250003 0.7575024781249999 0.4302626 0.799337109375 0.40195311875 0.78342179375 0.3884803796875 0.78417275625 0.36289861874999996 0.8400660312499999 0.3264604703125 0.8349242718750001 0.30098846562500003 0.8594172171875 0.276932628125 0.8556641328125 0.2504520359375 0.8691759484375 0.253151625 0.8736059953125 0.2874878125 0.8857683890624999 0.2744784109375 0.8725362640625001 0.22358818125000002 0.7932973875 0.1601521765625 0.831679103125 0.12600603906250002 0.8131544359375 0.116514984375 0.8153317671875 0.0732068421875 0.804428940625 0.0475834875 0.690235775 0.0316033296875 0.6805751796874999 0.0334173328125 0.6514086390625 0.0546096125 0.65272191875 0.08703661562500001 0.595890928125 0.0782561078125 0.5695020609375 0.09742811875 0.6172480078125 0.1378463359375 0.5778530203125001 0.160210953125 0.5792039953125 0.1759201625 0.602945978125 0.17744608281250002 0.6151818734375001 0.28539203125 0.6755015828125 0.4376823359375 0.6389596609375 0.42459109687499996 0.6175648828125 0.3817186640625 0.5992097625 0.3741923359375 0.5943117171875001 0.31724615625 0.613379940625 0.31591006718750003
8 0.511453725 0.5720549296875 0.5050158953125 0.5829916109375 0.4838457328125 0.5942002546875 0.45749439843750006 0.5966560171874999 0.45846997343749996 0.62515533125 0.4753985625 0.6504095890625 0.48020400781249994 0.6719556671875 0.4881609703125 0.67869115625 0.49405508124999997 0.6785831640625 0.5124478984375 0.669391696875 0.520274403125 0.657446428125 0.5243102875 0.6357368125 0.5493104828125001 0.6175733906249999 0.5623543 0.5976629875 0.5734657234375 0.5895898625 0.57489209375 0.5718634796875001 0.5544713390625 0.5574901437500001 0.5362859281250001 0.551926996875 0.518604821875 0.55225428125 0.5146081875 0.5572463171875001 0.51545175 0.5670646578125 0.521683728125 0.5708828078125 0.5204632124999999 0.5738543578125 0.511453725 0.5720549296875
22 0.54486339375 0.5143999671875 0.5358539078125 0.5126005390625 0.5316877265625 0.5156278484375 0.5207083156250001 0.5423819453125 0.5198253390625001 0.54928273125 0.5333387093749999 0.5519825390624999 0.5392691265625 0.5351549890625 0.5446559875 0.52915458125 0.544150128125 0.52326393125 0.5469276359374999 0.521245209375 0.54486339375 0.5143999671875
8 0.41139943125 0.592592490625 0.414008784375 0.5886108078125 0.40655768124999997 0.587765971875 0.386436934375 0.59403811875 0.3855555109375 0.6009391234375 0.3921236375 0.60868474375 0.3967972328125 0.611548303125 0.4026899515625 0.611438546875 0.4150220578125 0.6003923265625 0.41190529218750005 0.5984831421875 0.41139943125 0.592592490625
8 0.43908298125 0.5370100296875 0.440773215625 0.5566471421875 0.4279352515625 0.5618027140625 0.41699198125 0.5718387984375 0.41695428593750006 0.58855659375 0.42457493749999997 0.5913661578125 0.43636193125 0.5911468640625 0.46044145312499996 0.596602021875 0.47812100468749996 0.59627451875 0.49512514999999996 0.5880916390625 0.5076252484375 0.5790099265624999 0.5119988359375001 0.5612280015625 0.517385696875 0.555227596875 0.5163724234375 0.5434460765625 0.5269764343750001 0.5294820859375 0.5230161078125 0.5177545609374999 0.5135007609375 0.5100644828124999 0.48752498906249997 0.499728590625 0.4521658859375 0.500383596875 0.44071675781249997 0.5045290312499999 0.42821666093750005 0.5136107437499999 0.4290617765625 0.5234292984375 0.4444696796875 0.5310111703125 0.43908298125 0.5370100296875