10 0.6966828125 1 0.6935875 0.9868578125 0.71485625 0.961303125 0.7140046875 0.9515265625 0.71644375 0.94955625 0.7136921875 0.93294375 0.711790625 0.926109375 0.694234375 0.9193640625 0.6773859375 0.9057703125 0.664509375 0.9078015625000001 0.6535328125000001 0.91666875 0.6495062500000001 0.930384375 0.6503578125 0.9401609375 0.6456515625 0.9460578125 0.6473546875 0.965609375 0.6530843749999999 0.97144375 0.6539359375 0.9812203125 0.6441796875 0.9891015624999999 0.645128125 1 0.6966828125 1
10 0.67445625 0.7972171875 0.667165625 0.7884562500000001 0.6203671875000001 0.7906859374999999 0.616709375 0.7936421874999999 0.6267515625 0.8190140625 0.625334375 0.832715625 0.6340140625 0.842446875 0.6376453125 0.8541624999999999 0.6582953125000001 0.881428125 0.6723640625 0.8930828125 0.6786046875 0.904784375 0.6893828125 0.9086343749999999 0.68694375 0.9106046875 0.6940640625000001 0.9174093750000001 0.70033125 0.9144390625 0.7045281250000001 0.9026765625 0.7010671875 0.892915625 0.703165625 0.887034375 0.6981984375 0.84500625 0.6855203125 0.8343203125 0.67445625 0.7972171875
31 0.7831625 0.7114874999999999 0.8040375 0.711365625 0.8090859375000001 0.7093796875 0.8200609375000001 0.7005125 0.817309375 0.6839015625 0.80706875 0.6712453125 0.79473125 0.6644703125 0.7789046875000001 0.6626078125 0.7681265625 0.6587578125 0.7618578125 0.661728125 0.7632203125 0.6773703125 0.769290625 0.687115625 0.770484375 0.7008015624999999 0.7831625 0.7114874999999999
20 0.7701484375 0.4122640625 0.72266875 0.4066734375 0.7144999999999999 0.40280781250000003 0.6884078125 0.40296093749999995 0.674821875 0.4118421875 0.670284375 0.41969375 0.6695484375 0.44121718750000005 0.6754484374999999 0.4490078125 0.6879578125 0.4577375 0.6959562499999999 0.45964687499999995 0.7116125 0.4595546875 0.7269281249999999 0.45555312499999995 0.73475625 0.45550781249999994 0.7375359375 0.45744687500000003 0.739975 0.4554765625 0.76606875 0.45532500000000004 0.7820921875 0.44447187499999996 0.784190625 0.43859062499999996 0.7816078125 0.423934375 0.779878125 0.41905468749999997 0.7701484375 0.4122640625
20 0.5348765625 0.3637546875 0.508415625 0.37466875 0.47373125 0.4110609375 0.45592187500000003 0.446378125 0.4551859375 0.46790000000000004 0.440553125 0.47972187499999996 0.4466234375 0.48946875 0.4614 0.494271875 0.5216406250000001 0.4665328125 0.6021546875 0.3868375 0.6361578125 0.3426234375 0.6283296875 0.34266874999999997 0.58924375 0.31355468750000004 0.5786359375 0.3116609375 0.5612234375 0.32154375 0.545709375 0.33826093749999997 0.5348765625 0.3637546875
20 0.708478125 0.648346875 0.7101828125 0.6678984375 0.7193734375 0.6834953125000001 0.7181265625 0.6991515625 0.72521875 0.720628125 0.723065625 0.755853125 0.7405953125 0.77726875 0.7624921875 0.788878125 0.76924375 0.80644375 0.792190625 0.8151140625 0.8000187499999999 0.8150671875000001 0.8082140624999999 0.8042609374999999 0.8037578125 0.768096875 0.7673640625 0.6949515625 0.7585671875 0.6539234375 0.74571875 0.6412828125 0.7121375 0.645390625 0.708478125 0.648346875
25 0.7421562500000001 0.78019375 0.720259375 0.768584375 0.706190625 0.7569296875 0.7008015624999999 0.7550046874999999 0.6799265625 0.7551265625 0.6687796875 0.7620390625 0.6665109375 0.7659640624999999 0.667703125 0.7796515625 0.67740625 0.8011125 0.6822296875 0.8265156250000001 0.6883 0.8362609375 0.6978578125 0.8410953125 0.7138546875 0.8449140625 0.7269015624999999 0.8448375 0.7549234375 0.8368499999999999 0.7681671875 0.8240562499999999 0.7708046875 0.8093703124999999 0.7626625 0.7908328124999999 0.7501546875 0.782103125 0.7421562500000001 0.78019375
20 0.5961546875 0.9023312499999999 0.578740625 0.9122140625 0.57264375 0.917140625 0.5705453125 0.9230218750000001 0.573325 0.9249609375000001 0.5738359375 0.9308265625000001 0.5839046875 0.9415281249999999 0.597121875 0.94340625 0.6244625 0.9275968750000001 0.6321203125 0.9255953124999999 0.6695578125 0.905815625 0.6756546875 0.9008890624999999 0.6740953125 0.8979640625 0.672534375 0.8950390625000001 0.6490781250000001 0.8805046875 0.6417609375 0.886415625 0.63149375 0.88843125 0.5961546875 0.9023312499999999
23 0.6386375 0.855453125 0.6318859375 0.8378875000000001 0.62215625 0.8310968750000001 0.5932828125 0.829309375 0.5924046875 0.83420625 0.6012546875 0.845890625 0.6013703125000001 0.8771890625 0.5783703124999999 0.8978640625000001 0.557665625 0.8999421875 0.5468875 0.8960921875000001 0.53645 0.896153125 0.5401078125 0.8931968749999999 0.530890625 0.8922734374999999 0.52723125 0.895228125 0.5280843749999999 0.9050046875 0.5487609375 0.9176 0.5670265624999999 0.9174921875000001 0.5917578125 0.9016984375 0.6424109375 0.883796875 0.6509484375000001 0.8769 0.64870625 0.8661546875000001 0.6386375 0.855453125
18 0.550378125 0.9162921875000001 0.5540375 0.9133374999999999 0.554234375 0.9006203125000001 0.5354578125 0.8948609375000001 0.5264109375 0.8958921875 0.5272625 0.90566875 0.5329921875 0.911503125 0.5425500000000001 0.9163390625 0.550378125 0.9162921875000001
25 0.4743859375 0.8081671874999999 0.48394531250000006 0.8130015625 0.5209875 0.8186546874999999 0.53664375 0.8185625 0.55003125 0.8223968749999999 0.5999484374999999 0.8260171875 0.6159453125 0.8298359375000001 0.6248234375 0.82685 0.625190625 0.8160890625 0.6168796875 0.795596875 0.6099296875 0.790746875 0.5782765624999999 0.7870203124999999 0.51168125 0.771759375 0.502803125 0.7747453125 0.47404531250000004 0.8042562500000001 0.4743859375 0.8081671874999999
30 0.4118984375 0.735175 0.40407031250000003 0.7352203125 0.401290625 0.73328125 0.38580468749999997 0.7353265625 0.3783171875 0.7392828125 0.36283125 0.7413296875000001 0.35917187500000003 0.7442859375 0.3596828125 0.7501515624999999 0.3666328125 0.7550015625000001 0.377240625 0.7568953125 0.388359375 0.7646546875 0.4535390625 0.7936171875 0.47963281249999995 0.793465625 0.4853890625 0.784628125 0.4838296875 0.781703125 0.47132031249999995 0.7729734374999999 0.470809375 0.7671078125 0.463690625 0.760303125 0.4118984375 0.735175
25 0.30712812500000003 0.7612171875 0.273690625 0.781953125 0.318703125 0.8041859375 0.3518890625 0.8255109375 0.40577968750000004 0.8447578124999999 0.4252375 0.8583375 0.44140468750000006 0.8641125000000001 0.451671875 0.8620953124999999 0.460209375 0.8551984375 0.4645765625 0.8453921875000001 0.462334375 0.834646875 0.42687968749999994 0.8172484375 0.41366250000000004 0.81536875 0.396303125 0.7959078125 0.34468125 0.7727359375 0.319834375 0.75723125 0.30712812500000003 0.7612171875
18 0.475946875 0.8110921875000001 0.47160624999999995 0.8062265625 0.47614375000000003 0.7983765625 0.4665859375 0.793540625 0.4457109375 0.7936640625 0.44293125 0.7917234375 0.4248359375 0.7937859375 0.3765046875 0.7784187499999999 0.36484843749999996 0.7794640625 0.3691875 0.7843296875 0.4004734375 0.79881875 0.40671406250000003 0.81051875 0.41644218750000006 0.817309375 0.42687968749999994 0.8172484375 0.43782812499999996 0.823053125 0.453825 0.8268718749999999 0.46755312499999996 0.834615625 0.5091328125000001 0.8324171874999999 0.524278125 0.826459375 0.5279359375 0.8235046875 0.5263765625 0.8205781249999999 0.475946875 0.8110921875000001
9 0.69388125 1 0.717125 0.9573765625 0.7287484375 0.8810171875 0.718025 0.8478234375 0.7500453125 0.840790625 0.773584375 0.8113093750000001 0.7975796875000001 0.8170375 0.8083843749999999 0.8062156249999999 0.8049781250000001 0.7671109375 0.7795046875 0.7144421875 0.819890625 0.6985578125 0.795609375 0.659575 0.814978125 0.627184375 0.7798921875 0.5990249999999999 0.77506875 0.573621875 0.8018984375 0.551946875 0.75571875 0.50135625 0.7469234375 0.4603265625 0.7796531250000001 0.44644218750000003 0.78316875 0.426859375 0.76251875 0.39959375 0.7877609375 0.38966406249999996 0.7515484375 0.1238328125 0.72970625 0.0828796875 0.6928625 0.0645109375 0.6511125 0.06475468749999999 0.5900203125 0.0827171875 0.5065203125 0.08320625000000001 0.47362187499999997 0.0951359375 0.4597234375 0.0854359375 0.38388125 0.083921875 0.356084375 0.0645234375 0.2607296875 0.0787734375 0.2355765625 0.134671875 0.251125 0.1932671875 0.24545625000000001 0.2480734375 0.261909375 0.2871015625 0.23065937500000003 0.3479265625 0.2593078125 0.377103125 0.24705781249999997 0.41629843749999995 0.27485468750000003 0.4356984375 0.2619234375 0.4670734375 0.32954218750000003 0.4940640625 0.2740375 0.5012359375 0.25920624999999997 0.525775 0.24667656249999997 0.6217015625 0.269540625 0.6743859375000001 0.2502 0.6921046875 0.2866765625 0.721234375 0.28628125 0.7466671875 0.30556875 0.7582921875 0.2761296875 0.7799828125 0.30670625 0.801321875 0.28424375 0.8131906250000001 0.280728125 0.8327734375 0.3107671875 0.8629187500000001 0.3412 0.86763125 0.337290625 0.9126468750000001 0.40669374999999997 0.9151765624999999 0.42725468749999995 0.8964718749999999 0.42175 0.8632484375 0.461428125 0.8542140625 0.46783906249999996 0.8678703125 0.5120015625 0.8803265625 0.551059375 0.9241140624999999 0.5684734375 0.9142312499999999 0.5892937500000001 0.9434515625 0.65109375 0.9186390624999999 0.6455609375 1 0.69388125 1
18 0.2897484375 0.8464140625000001 0.313546875 0.864859375 0.321375 0.8648125 0.3241546875 0.866753125 0.34225 0.864690625 0.3507859375 0.8577953125000001 0.3523734375 0.8460484375 0.35481250000000003 0.844078125 0.352571875 0.83333125 0.33955156249999996 0.8187359375 0.3160953125 0.8042015625 0.2978296875 0.8043078124999999 0.29034218749999996 0.8082640624999999 0.277096875 0.8210578125 0.28401875 0.8405781250000001 0.2897484375 0.8464140625000001
18 0.2857078125 0.6801609375 0.27615 0.6753250000000001 0.2657125 0.6753859375 0.255615625 0.6793578124999999 0.249859375 0.68819375 0.25366093749999996 0.701865625 0.263559375 0.7106109375 0.28650625 0.7192796875 0.2870171875 0.7251453125 0.284578125 0.7271156249999999 0.28645156250000003 0.7486234375 0.28940156250000004 0.75251875 0.298959375 0.7573531250000001 0.3144453125 0.7553062500000001 0.3226421875 0.7444984375 0.324740625 0.73861875 0.323009375 0.7337374999999999 0.30165156249999997 0.713321875 0.30062812499999997 0.7015906249999999 0.2857078125 0.6801609375
25 0.324059375 0.730796875 0.3278609375 0.74446875 0.3207140625 0.7523359375 0.34729062499999996 0.7727203125 0.37894375 0.776446875 0.3914796875 0.7705062500000001 0.3541234375 0.7462718749999999 0.4369703125 0.723290625 0.44150625000000004 0.7154390625 0.342228125 0.594734375 0.31874375 0.594871875 0.249115625 0.61973125 0.25410937499999997 0.6470890625 0.2884875 0.6820999999999999 0.31311093749999996 0.7249921875 0.324059375 0.730796875
18 0.48444843750000005 0.7288828125 0.47939999999999994 0.7308671875 0.4714015625 0.7289578125 0.45574531250000005 0.72905 0.4533078125 0.7310203125 0.4427 0.7291265625000001 0.41589687499999994 0.7361296875 0.4174578125 0.7390546875 0.44179375 0.7486937499999999 0.47202968749999996 0.7661234375 0.480028125 0.7680328125 0.500903125 0.7679109375000001 0.507 0.762984375 0.5090984375 0.757103125 0.5070265625 0.7483125 0.5051265625 0.7414765625 0.49939687499999996 0.7356421875 0.492446875 0.7307921875 0.48444843750000005 0.7288828125
23 0.4993625 0.660328125 0.49153437499999997 0.6603734375 0.47812031250000003 0.6712109374999999 0.476021875 0.6770921875 0.47914218750000004 0.6829421875 0.47182500000000005 0.688853125 0.47250625 0.696675 0.485328125 0.7239859375 0.5051265625 0.7414765625 0.50995 0.7668796875 0.5222875 0.7736531249999999 0.5619390625 0.779290625 0.558021875 0.7343203125 0.553565625 0.6981578125000001 0.5464734375 0.6766796875 0.539525 0.67183125 0.5106515625 0.6700437499999999 0.4993625 0.660328125
18 0.419296875 0.6852484375000001 0.44306718749999996 0.718365625 0.455234375 0.723184375 0.46567187499999996 0.7231234375 0.47681874999999996 0.7162109375 0.47165468749999995 0.6868984375 0.48002031250000005 0.6780468749999999 0.5014328124999999 0.66911875 0.4991921875 0.6583734375 0.48878125 0.6437625 0.47905312499999997 0.636971875 0.46305625 0.633153125 0.43174375 0.6333359375 0.38996718750000003 0.6482515624999999 0.390478125 0.6541171875 0.419296875 0.6852484375000001
23 0.7135078125 0.75101875 0.7241421875 0.738240625 0.720878125 0.7157640625 0.6989468750000001 0.628840625 0.6786375 0.605484375 0.671715625 0.5859625 0.655746875 0.5674718750000001 0.6377937499999999 0.5861609375 0.6371749999999999 0.6389828125 0.6390484375 0.660490625 0.6703671875 0.7502921875 0.6745375 0.7532015624999999 0.7135078125 0.75101875
23 0.6891499999999999 0.47142343750000004 0.6733234375 0.46955937499999995 0.6371875 0.444340625 0.6032656249999999 0.44453906249999997 0.5950968750000001 0.4406734375 0.5822203125 0.4427046875 0.571075 0.4496171875 0.5673890625 0.46724375 0.5625109375 0.47118593750000004 0.568921875 0.484840625 0.586990625 0.49745156250000006 0.6165437500000001 0.507059375 0.6323703125 0.5089234375 0.6622656250000001 0.5224421875 0.6970390625 0.5320203125 0.7126953125 0.5319281250000001 0.73081875 0.5151953125000001 0.73484375 0.501478125 0.7324328125 0.4887765625 0.7056578124999999 0.4811078125 0.6891499999999999 0.47142343750000004
23 0.7807359375 0.518815625 0.76856875 0.5139953125 0.7545 0.502340625 0.746671875 0.5023859374999999 0.740915625 0.5112234375 0.7299390625 0.520090625 0.7126953125 0.5319281250000001 0.7013796875 0.536884375 0.7196171875 0.55145 0.7303953125 0.5553 0.7434421875 0.5552234375 0.7542203125 0.559071875 0.7708984375 0.5707125 0.7865546875 0.5706203125 0.791603125 0.568634375 0.8022390625 0.5558578125 0.8001671874999999 0.5470671874999999 0.7916578125 0.5392921875 0.7794890624999999 0.534471875 0.7807359375 0.518815625
23 0.7176890625000001 0.5592859375 0.7079328125 0.5671671875000001 0.6927890624999999 0.573125 0.6771046875 0.5878875 0.679884375 0.589828125 0.6869765625 0.6113046875 0.6998265625 0.6239453125 0.7102640625000001 0.623884375 0.712703125 0.6219140624999999 0.72053125 0.6218671875 0.7330671875 0.6159265625 0.74594375 0.61389375 0.7762328125 0.6019796875 0.779721875 0.59706875 0.7771390625000001 0.5824125 0.7668999999999999 0.5697578125 0.7488312500000001 0.5571484375 0.7330046875 0.555284375 0.7176890625000001 0.5592859375
18 0.6011546875 0.6450609375 0.6241 0.65373125 0.6383671875 0.65266875 0.637515625 0.64289375 0.6399546875000001 0.640921875 0.6351578124999999 0.6008484375 0.6325484375 0.6008640625 0.5973531249999999 0.631390625 0.5982046875 0.6411671875 0.6011546875 0.6450609375
10 0.4901984375 0.6300609374999999 0.49105 0.6398359375 0.5096296875 0.6583125 0.5202375 0.66020625 0.5226765624999999 0.6582359375 0.5331140624999999 0.6581750000000001 0.5522578125 0.653171875 0.5545265625 0.649246875 0.5507515625 0.620903125 0.549021875 0.6160234375 0.5419015625 0.6092187499999999 0.5262453125000001 0.609309375 0.5234656249999999 0.6073703125 0.505371875 0.60943125 0.496834375 0.616328125 0.4901984375 0.6300609374999999
20 0.30724999999999997 0.5078890625 0.29800468750000003 0.5216359374999999 0.2967578125 0.5372921875000001 0.3057796875 0.5509328124999999 0.3292359375 0.5654671875 0.33723437500000003 0.5673781250000001 0.363328125 0.567225 0.3810828125 0.561253125 0.396765625 0.5464890625 0.3988640625 0.5406078125 0.395940625 0.5220421875000001 0.3912609375 0.5132656250000001 0.3758015625 0.5006406250000001 0.35702500000000004 0.49488281250000005 0.33354218750000003 0.49501875 0.3157875 0.5009921875 0.30724999999999997 0.5078890625
18 0.5454718749999999 0.5602921875 0.47655156249999997 0.5783 0.43111718750000005 0.596171875 0.4112640625 0.608025 0.3806328125 0.6160296875 0.37260781249999997 0.6287906249999999 0.3814578125 0.6404765625 0.3882359375 0.6433718749999999 0.40128281250000003 0.6432953125 0.411209375 0.63736875 0.43679218750000004 0.6313500000000001 0.4787125 0.6330609375 0.4849796875 0.630090625 0.49686250000000004 0.60165625 0.5170546875 0.5937140624999999 0.5405390625 0.5935765625 0.5542953125000001 0.58665 0.5614421875 0.5787828125 0.5590296875 0.56608125 0.5560796875 0.5621859375 0.5454718749999999 0.5602921875
18 0.2869484375 0.5745171874999999 0.2841140625 0.601921875 0.29350156250000003 0.6048 0.3110859375 0.5968734375 0.33944843750000003 0.5927953125000001 0.363928125 0.6190609375 0.3731453125 0.619984375 0.38046250000000004 0.6140734375 0.40360625 0.6100265625 0.42850781250000003 0.5961875 0.4513109375 0.5882296874999999 0.45740781249999996 0.583303125 0.45567812500000004 0.578421875 0.3897625 0.5709828124999999 0.3426234375 0.5693015625 0.318628125 0.5635734375 0.2923640625 0.5617703125 0.2869484375 0.5745171874999999
23 0.5350343750000001 0.560353125 0.5533 0.560246875 0.56146875 0.5641109375 0.5717359375 0.5620953125 0.6086890625 0.5217765625 0.611496875 0.5090453125 0.5953296875 0.5032703125 0.5850625 0.5052875 0.5715046874999999 0.49949843749999995 0.537071875 0.4938296875 0.4619109375 0.5001375 0.44415625 0.5061109375 0.42572031250000003 0.5042625000000001 0.4182328125 0.5082187499999999 0.39945624999999996 0.502459375 0.388140625 0.5074156249999999 0.3971609375 0.52105625 0.3965953125 0.544534375 0.400765625 0.54744375 0.4346859375 0.5472453125000001 0.44725000000000004 0.5266328125 0.4610046875 0.5197046875 0.48953749999999996 0.5175828124999999 0.50814375 0.5213859375000001 0.5178734375 0.5281765625 0.5270640625 0.543771875 0.5145 0.5643859375 0.5350343750000001 0.560353125
23 0.24863749999999998 0.3145671875 0.2449515625 0.33219375 0.232928125 0.3440015625 0.236559375 0.3557171875 0.25167656250000003 0.36443125 0.26943125 0.35845937499999997 0.2912125 0.3387703125 0.3141859375 0.3327671875 0.3406734375 0.3071828125 0.35876874999999997 0.3051203125 0.38123125 0.2932515625 0.40267187499999996 0.2696515625 0.428425 0.26558906250000003 0.436790625 0.2567375 0.43715937499999996 0.24597656250000002 0.4241671875 0.21670937499999998 0.39790312499999997 0.21490625 0.3752703125 0.22481874999999998 0.24863749999999998 0.3145671875
23 0.32542031250000003 0.3718265625 0.3544640625 0.37556875 0.38100625 0.320640625 0.3719859375 0.3069984375 0.3432828125 0.3071671875 0.295721875 0.345590625 0.32542031250000003 0.3718265625
23 0.3810140625 0.410625 0.41462187500000003 0.3918453125 0.4342703125 0.30272343749999997 0.42615625 0.2695140625 0.40528125 0.26963750000000003 0.38035312499999996 0.298146875 0.38256718749999996 0.32356562499999997 0.35653437499999996 0.384359375 0.3810140625 0.410625
18 0.31277499999999997 0.43645468750000005 0.264928125 0.441625 0.26904374999999997 0.473878125 0.343296875 0.48713749999999995 0.336940625 0.44413749999999996 0.31277499999999997 0.43645468750000005
18 0.3811296875 0.4419234375 0.33433125 0.444153125 0.328575 0.452990625 0.333909375 0.4842578125 0.38380000000000003 0.50255 0.4116515625 0.49260624999999997 0.415678125 0.478890625 0.3811296875 0.4419234375
10 0.343209375 0.44116718749999995 0.3833984375 0.4379984375 0.40560937499999994 0.46818906250000003 0.43638281250000005 0.47681250000000003 0.45240625 0.465959375 0.4744390625 0.4042109375 0.416353125 0.396725 0.3757953125 0.41065625 0.3617265625 0.399 0.343209375 0.44116718749999995
18 0.311215625 0.4335296875 0.344428125 0.44018281249999996 0.3592875 0.40097187500000003 0.3479984375 0.39125624999999997 0.311215625 0.4335296875
18 0.5371265625 0.4644875 0.464009375 0.4942578125 0.42350625 0.47884374999999996 0.410603125 0.49554687499999994 0.431109375 0.5061859375 0.516196875 0.49395156250000005 0.586990625 0.49745156250000006 0.5371265625 0.4644875
18 0.5380046875 0.459590625 0.5538046875 0.4761265625 0.5654609374999999 0.47507968749999996 0.5770015625 0.4427359375 0.5493484375000001 0.43996250000000003 0.5380046875 0.459590625
20 0.559275 0.4340359375 0.582390625 0.4446609375 0.6189218750000001 0.444446875 0.6410437499999999 0.42866875000000004 0.6657203125 0.4422171875 0.6730921875 0.4069625 0.65814375 0.400203125 0.6571765625 0.359128125 0.6342296875 0.350459375 0.559275 0.4340359375
18 0.39815625 0.5474593750000001 0.372375 0.5661937499999999 0.426634375 0.5746796875 0.4469984375 0.5686921875000001 0.429296875 0.545321875 0.39815625 0.5474593750000001
23 0.6133968750000001 0.51588125 0.5497578125 0.5945 0.5459015625 0.6101734375000001 0.5518015625 0.6179625 0.5545265625 0.649246875 0.558696875 0.65215625 0.5908875 0.647078125 0.5867171875 0.6441671875 0.58166875 0.646153125 0.5773296875 0.6412890625000001 0.598571875 0.6304046875 0.6264515625 0.6057890625 0.6334265625 0.59596875 0.6350140625 0.584221875 0.6588937500000001 0.5586515624999999 0.67250625 0.535096875 0.6704343749999999 0.52630625 0.6325406250000001 0.510878125 0.6194953125 0.5109546875000001 0.6133968750000001 0.51588125
18 0.7084984375000001 0.543690625 0.6973796875 0.5359296875 0.6791140625 0.5360375000000001 0.6677984375 0.5409937499999999 0.6590640624999999 0.56060625 0.659575 0.566471875 0.6724249999999999 0.5791125 0.6828624999999999 0.5790515625 0.688959375 0.574125 0.700303125 0.554496875 0.7102296875 0.5485703125 0.7084984375000001 0.543690625
18 0.4295890625 0.293946875 0.49411562499999995 0.3004171875 0.50806875 0.2807734375 0.4367640625 0.271409375 0.4295890625 0.293946875
10 0.5010375 0.3199390625 0.49411562499999995 0.3004171875 0.43826875000000004 0.303678125 0.4163796875 0.382053125 0.4240109375 0.394725 0.47426874999999996 0.40225625000000004 0.497440625 0.3835359375 0.5040765625 0.3698046875 0.476790625 0.3562703125 0.47576875 0.3445390625 0.4984 0.334625 0.5010375 0.3199390625
18 0.44425156250000003 0.26745312499999996 0.4835625 0.2691796875 0.4942234375 0.24172968749999998 0.4358234375 0.2156625 0.44425156250000003 0.26745312499999996
20 0.5288890625 0.3099953125 0.575515625 0.305809375 0.5769328125000001 0.2921078125 0.524459375 0.25915937499999997 0.49794375 0.2994171875 0.508496875 0.3306546875 0.5288890625 0.3099953125
23 0.6571546875000001 0.089171875 0.6206515625 0.0747140625 0.5760953125 0.0876890625 0.573771875 0.12095937500000001 0.6264421875 0.141190625 0.6656109375 0.126290625 0.665296875 0.107709375 0.6571546875000001 0.089171875
18 0.49401875000000006 0.1644609375 0.55883125 0.204184375 0.566884375 0.1767515625 0.55020625 0.1651109375 0.49401875000000006 0.1644609375
23 0.4205828125 0.0856640625 0.4038765625 0.0886953125 0.392875 0.112234375 0.4031140625 0.124890625 0.4922890625 0.15958125 0.5316 0.16130781249999998 0.544871875 0.13384374999999998 0.4205828125 0.0856640625
20 0.2546328125 0.0837 0.2618953125 0.10713124999999998 0.2368234375 0.119015625 0.25234375 0.1922828125 0.3077875 0.12446874999999999 0.28555 0.10894999999999999 0.3487125 0.099778125 0.372053125 0.0830140625 0.3698125 0.0722671875 0.34825625 0.06456875 0.2546328125 0.0837
18 0.6007171875 0.13058281249999998 0.5621140625 0.1220046875 0.540646875 0.1602765625 0.5648125 0.167959375 0.56821875 0.20706406249999998 0.6189625000000001 0.2351328125 0.6195828125 0.1823109375 0.6007171875 0.13058281249999998
18 0.3525421875 0.0987765625 0.3916546875 0.1132203125 0.40265781250000005 0.08968125 0.365615625 0.0840296875 0.3525421875 0.0987765625
19 0.3179109375 0.1058265625 0.24868593749999998 0.1952375 0.245115625 0.24416406249999997 0.2605203125 0.2861328125 0.2965390625 0.280053125 0.356465625 0.2337328125 0.35408125 0.20635937499999998 0.3824984375 0.17293750000000002 0.38172812500000003 0.11914687500000001 0.3514921875 0.1017171875 0.3179109375 0.1058265625
8 0.76606875 0.45532500000000004 0.7820921875 0.44447187499999996 0.7816078125 0.423934375 0.7701484375 0.4122640625 0.6884078125 0.40296093749999995 0.670284375 0.41969375 0.6695484375 0.44121718750000005 0.6959562499999999 0.45964687499999995 0.76606875 0.45532500000000004