20 0.3969533 0.8191249296875001 0.4192181875 0.8766443562499999 0.44489713125 0.8864187546875 0.5442223140625 0.8056833546875 0.560413253125 0.7778913843749999 0.5236722765625 0.682394840625 0.5106497421875 0.680814303125 0.4071860734375 0.75967636875 0.3969533 0.8191249296875001
9 0.4381222765625 0 0.3547673609375 0.004840096875 0.321132203125 0.0158560796875 0.3105426890625 0.007408051562499999 0.309580434375 0.007463926562500001 0 0.0632394546875 0 0.445252284375 0.060219943750000005 0.619264603125 0.0796809890625 0.6995464218749999 0.17885328125 0.9986545625 0.26571921875000004 0.998149190625 0.43498197968749996 0.982428125 0.44123116875 0.973485903125 0.454910853125 0.9805767843750001 0.488447440625 0.9774610921875 0.5824152812500001 0.9585226765625 0.58947495625 0.949396121875 0.6079737453125 0.9565363124999999 0.72518125 0.9288733328125 0.7079107062500001 0.8508150609375 0.7147294265624999 0.8391146546874999 0.7161970609375 0.791719746875 0.668614665625 0.7597066406249999 0.652669375 0.7691260859375 0.654140140625 0.700783328125 0.6281107171875 0.592883009375 0.6141165390625 0.581004390625 0.5790638125 0.5873185249999999 0.574189946875 0.6196181281250001 0.5589800390625 0.5948646328125 0.5591036468749999 0.5856791046875001 0.58977536875 0.5749163109375 0.6359135984375001 0.507690846875 0.642250409375 0.44894427812500004 0.6299601265625 0.43413864999999996 0.5871217328125 0.420910290625 0.547941475 0.3625105703125 0.5323623109375 0.365316690625 0.5226224 0.38801854687500004 0.5115462828124999 0.386086328125 0.5630371609375 0.33360760625 0.5692488 0.3049958828125 0.517407440625 0.25935024218749997 0.48504433750000003 0.1892470859375 0.50609975625 0.1920006203125 0.517421521875 0.1755603140625 0.4787356921875 0.059466134375 0.467605734375 0 0.4381222765625 0
19 0 0.44960850781249995 0.04513364375 0.585325578125 0.06034355 0.6100790734375 0.0784856015625 0.560989040625 0.106849471875 0.5152940874999999 0.15006181875 0.4800164546875 0.1271882828125 0.4265334671875 0.0965369015625 0.311610634375 0.12746991875 0.1777376296875 0.1084892203125 0.144500503125 0.10314282968749999 0.0878596234375 0.0618878546875 0.0599450546875 0 0.06869186875 0 0.44960850781249995
19 0.0618017984375 0.625526153125 0.0843045140625 0.7065688453125001 0.14624878125000002 0.7438487125 0.1896958234375 0.753039071875 0.1792205296875 0.8099123078125 0.24602771250000002 0.877736209375 0.3244054375 0.8897994312499999 0.348263134375 0.8697906671875 0.401461040625 0.7934386499999999 0.40097756406249996 0.7673418046875 0.3413552296875 0.6812041703125 0.3352734578125 0.6587346671875001 0.3025395328125 0.616192775 0.2817282 0.6160144734374999 0.283435228125 0.592141178125 0.270902428125 0.5747617890625001 0.243399109375 0.5561520765625 0.1999520671875 0.5469601578125001 0.1916829203125 0.5013192578125001 0.18133905781249998 0.48616350781250006 0.1550514703125 0.480425553125 0.112449334375 0.511666653125 0.0840838984375 0.5573616968749999 0.0618017984375 0.625526153125
19 0.338599890625 0.38975341406249997 0.3714558578125 0.4231083078125 0.4581058578125 0.4598645796875 0.5535053484375 0.5893048875 0.591236746875 0.569415540625 0.6373749765625 0.502190078125 0.6412756359375 0.45959404218750005 0.63434113125 0.4385873109375 0.582983246875 0.4190369546875 0.5535303828125 0.42172521406249996 0.53990233125 0.40323483125 0.4958482078125 0.37713315468749997 0.4223506046875 0.2908761921875 0.3675833625 0.27717838125 0.3593048296875 0.2943794671875 0.3456736484375 0.2968353734375 0.338599890625 0.38975341406249997
20 0.41603413749999996 0.20299103125 0.44597360625000004 0.20545176562499998 0.46021186875 0.2199056171875 0.5059605031250001 0.3059238359375 0.475528171875 0.340208240625 0.49012943125 0.3689981765625 0.5082605296875 0.382751784375 0.5267624484375 0.36894412499999996 0.544175375 0.3121313328125 0.47725866874999995 0.16970303125 0.46545499218749997 0.1600479609375 0.41603413749999996 0.20299103125
18 0.2677747015625 0.3318169359375 0.2977110421875 0.3552255203125 0.32813711562500003 0.3628368125 0.33921636093749996 0.3438211828125 0.342630415625 0.2960745921875 0.3610087265625 0.291454021875 0.3656369453125 0.277528503125 0.424297025 0.29052606875000003 0.4437674578125 0.3079643421875 0.4533884546875 0.2735016328125 0.4369596890625 0.25682423125 0.38535615624999997 0.2556479625 0.3755020265625 0.224693359375 0.32621573125 0.1956072625 0.27910585625 0.2525346421875 0.2677747015625 0.3318169359375
18 0.350452071875 0.08519689531249999 0.3104738453125 0.007412050000000001 0.309580434375 0.007463926562500001 0.1390545453125 0.038187021875 0.1380782078125 0.0488368796875 0.17957257499999998 0.100273059375 0.20621377343749997 0.18318908750000001 0.249792246875 0.141298128125 0.2829032484375 0.0934400703125 0.350452071875 0.08519689531249999
19 0.11758136718750001 0.3772062484375 0.129136265625 0.4261816921875 0.148846090625 0.4671431390625 0.18085401875 0.481014421875 0.19338681875 0.4983938109375 0.20189848281249997 0.546608475 0.26968669843750004 0.561888471875 0.2800368203125 0.535150084375 0.27444008593749997 0.5178296687499999 0.27810917812499997 0.40981623125000005 0.31072731875000004 0.39870175625000004 0.2995354171875 0.364060834375 0.23540534218750003 0.30361103749999996 0.1850175375 0.3153065234375 0.1604275875 0.3485388203125 0.117341978125 0.353683075 0.11758136718750001 0.3772062484375
18 0.36029681406249997 0.178993484375 0.3742878625 0.2118215140625 0.41359485625000003 0.24008629531249998 0.43817854843750004 0.2487496984375 0.46775501875 0.23687434999999998 0.4440271875 0.2058018875 0.4189537625 0.2129373390625 0.41128700625 0.20515413593749998 0.387925303125 0.16746991093750002 0.3741799015625 0.11626935625000001 0.3606691984375 0.13048758124999998 0.36029681406249997 0.178993484375
18 0.11758136718750001 0.3772062484375 0.129136265625 0.4261816921875 0.148846090625 0.4671431390625 0.18085401875 0.481014421875 0.19338681875 0.4983938109375 0.20189848281249997 0.546608475 0.26993078125 0.56446370625 0.2800368203125 0.535150084375 0.27444008593749997 0.5178296687499999 0.27810917812499997 0.40981623125000005 0.31072731875000004 0.39870175625000004 0.2995354171875 0.364060834375 0.22737245781249998 0.3024396 0.179417675 0.3189339578125 0.1604275875 0.3485388203125 0.11928839531249999 0.353332953125 0.11758136718750001 0.3772062484375
19 0.706206809375 0.8537405093749999 0.7157042 0.8284648875 0.714006559375 0.7894946375 0.66666668125 0.760058415625 0.652425290625 0.7665508515624999 0.649762265625 0.67538838125 0.6223919437500001 0.5847495921875 0.6002412734375 0.5808850624999999 0.5786976875 0.5939302890625 0.5811213203125 0.66157115 0.574056953125 0.69164564375 0.535353909375 0.7012384671875 0.5633328796875 0.7878392546875 0.4526859296875 0.8850165203125 0.4443135171875 0.9815602640625001 0.46434878749999997 0.979699625 0.725425334375 0.931448565625 0.706206809375 0.8537405093749999
19 0.29353500625 0.6047232546875 0.3369773546875 0.6558092203125 0.34524962812500004 0.6805022734375 0.401101171875 0.7581547171875 0.425933640625 0.72749774375 0.46415320781249997 0.7127557421875 0.500912959375 0.6825683125 0.520144003125 0.6764849734375 0.5340145765625001 0.6975506796875 0.5556786390624999 0.6962662140625 0.5668768 0.6890129968750001 0.5769828359375 0.6596993734375001 0.5716333171875 0.62400634375 0.46163413125 0.4657744484375 0.439122028125 0.447575303125 0.3570955515625 0.41784145156249997 0.32009484375 0.42450736093749997 0.2975764828125 0.4482023546875 0.302922871875 0.5048432359375 0.340281884375 0.533459790625 0.366206475 0.5248616625 0.2962152421875 0.5911479515625 0.29353500625 0.6047232546875
20 0.0611587296875 0.0522207359375 0.0618878546875 0.0599450546875 0.10995685625 0.0971055953125 0.11092224218749999 0.14929937499999998 0.1311218 0.1744619703125 0.11504664375 0.2349610796875 0.1682382921875 0.20050320156249998 0.16228325625 0.147900321875 0.182246553125 0.12859345312499998 0.16910666875 0.0943043078125 0.15742347031249998 0.0964084375 0.163403540625 0.08921955312499999 0.1485237734375 0.101899675 0.1254218 0.040643017187500005 0.0611587296875 0.0522207359375
18 0.16605091875 0.1773333625 0.17578457187500002 0.19652564374999998 0.19927614062500001 0.18312864375 0.1835843234375 0.132279771875 0.1637446328125 0.14240111093750002 0.16605091875 0.1773333625
18 0.335465909375 0.1887042578125 0.3493411734375 0.188822025 0.3550630796875 0.1760091546875 0.360548721875 0.1187252609375 0.34849783125 0.12744280624999998 0.335465909375 0.1887042578125
18 0.2444098703125 0.315080559375 0.2705754171875 0.33000395312499997 0.27801060624999996 0.2514220875 0.24039812187499998 0.2830738453125 0.2444098703125 0.315080559375