9 0.9358098640625 0.4847398890625 0.9450422796875 0.441138421875 0.9033504421874999 0.39345210625 0.9102368953125 0.347523190625 0.8902082640625 0.3149938859375 0.8439894703125 0.288142934375 0.83037060625 0.2556414890625 0.79154096875 0.2593336234375 0.7447924046875001 0.210852675 0.7371930078125 0.23708160781249998 0.728253984375 0.31600472968750004 0.7156209437500001 0.4957251875 0.718119034375 0.5146150406250001 0.721168934375 0.6336938703125 0.71711809375 0.7070449109375 0.7139991578125 0.7250520828125 0.7271361046875 0.7369088828125 0.7937381046875001 0.71313994375 0.8017840062499999 0.69579575625 0.8444973875 0.6917345312500001 0.8748647984375 0.6416603234375 0.910092225 0.6217317625 0.8837490656250001 0.5744986046875 0.8828711468750001 0.529308359375 0.9358098640625 0.4847398890625
19 0.45920840937499996 0.1512839265625 0.459739734375 0.1729141671875 0.4660527046875 0.187617778125 0.4645997484375 0.2030598140625 0.4516787421875 0.21767911562500003 0.4495976625 0.22616666406250002 0.453116609375 0.22965783750000002 0.51397425 0.23726245 0.5528054453125 0.2335705609375 0.57041838125 0.2236061578125 0.5691621328124999 0.20969718125 0.562304303125 0.20078433437499998 0.56501350625 0.1992512734375 0.546059503125 0.182561203125 0.5424708234375 0.1389037734375 0.53660435625 0.13308490625 0.4963352953125 0.1247980734375 0.49227149062500003 0.1270976625 0.491000153125 0.1406094453125 0.45920840937499996 0.1512839265625
19 0.1879546609375 0.14391636562500001 0.170356815625 0.12646000625 0.1459828484375 0.11283581093749999 0.08530682656250001 0.1033009453125 0.063182025 0.10667994843749999 0.050080956249999996 0.12322975 0.0352849515625 0.266834878125 0.0953177609375 0.2968360171875 0.1157247203125 0.2980840515625 0.12692788593749998 0.288091790625 0.1664704703125 0.3040996421875 0.1709807796875 0.31068479375 0.186512634375 0.309207940625 0.206193115625 0.31817699374999997 0.23165680156250001 0.3202196625 0.24114057031249997 0.31485419531250003 0.244941046875 0.3017398515625 0.239354553125 0.279315221875 0.2195059859375 0.24485542031250002 0.22170050937500002 0.1942716046875 0.1879546609375 0.14391636562500001
19 0.28940089062499996 0.2382098234375 0.28137007812500003 0.228133253125 0.2328053203125 0.19895485156249998 0.22521945625 0.1977627796875 0.2222167453125 0.24332260468750003 0.234577803125 0.2619148265625 0.24216211250000003 0.26310665625 0.26311393125000004 0.2585639265625 0.2884927921875 0.247861096875 0.28940089062499996 0.2382098234375
19 0.30176610937500004 0.07953174843750001 0.28751912343749997 0.0400758140625 0.24301816875 0.0085978234375 0.24235479999999998 0.008463215625000001 0.14194726875000002 0.0049569078124999996 0.1224638921875 0.0219735703125 0.0979629484375 0.07786664531250001 0.0957835125 0.10102970156249999 0.14616446875 0.11090555625000001 0.1681909140625 0.12220205937499999 0.22847507500000003 0.1904392 0.248882034375 0.1916872328125 0.2880749125 0.18413459062499998 0.32971366562500004 0.16423413281250002 0.3126591203125 0.1409867671875 0.256956559375 0.11950128125 0.2588560203125 0.11294398750000001 0.2943483296875 0.10383042499999999 0.30176610937500004 0.07953174843750001
19 0.15876855781250002 0.5222743796875 0.11957568125 0.529827021875 0.0917660328125 0.52545690625 0.083455246875 0.5319860953125 0.1107200375 0.542146978125 0.1259719171875 0.5572758859375 0.12741134062499998 0.5692548515625 0.1379697375 0.57972861875 0.17425825781249998 0.6030602921875 0.189426875 0.6054439484375 0.2132695171875 0.5974379046875 0.2517374734375 0.5976065234375 0.27224123125 0.58417880625 0.27314932812500003 0.5745275328125 0.26683635625 0.5598239234375 0.24824559218750003 0.5392733421875 0.234265046875 0.5106326515624999 0.1916349328125 0.5274391296875 0.15876855781250002 0.5222743796875
19 0.22858435937500002 0.32561323125 0.1679083375 0.3160783640625 0.15651001874999998 0.355421884375 0.1535208421875 0.37356070468749997 0.15657819374999998 0.395587896875 0.1700154375 0.43001959375 0.1900591578125 0.4351281375 0.2240136921875 0.42871111562499997 0.234127140625 0.4303003828125 0.24884925156249998 0.42379929531249994 0.2546324546875 0.416872909375 0.255540553125 0.4072216375 0.269632984375 0.393765815625 0.26657563125 0.3717386265625 0.2608907828125 0.3639895046875 0.2427465234375 0.35232366718749997 0.2411270359375 0.3422752 0.22858435937500002 0.32561323125
19 0.180825184375 0.47872936250000003 0.09919734375 0.473737225 0.07942006406249999 0.4794439234375 0.0766109484375 0.49565224687500004 0.0737050359375 0.5265363203125 0.08128934531250001 0.5277281484375 0.0921292703125 0.5215963953125 0.143055084375 0.5256814875 0.16147931875 0.5207415640625 0.1916349328125 0.5274391296875 0.19958247812500002 0.5247704484375 0.23327368593750003 0.5075386734375 0.250984975 0.48289876249999997 0.26147519531249996 0.453206515625 0.2531794984375 0.43231494687499994 0.2213044875 0.43024417656249997 0.1937597234375 0.43668905625 0.19139866875 0.4617823671875 0.180825184375 0.47872936250000003
19 0.42466790625 0.06848369374999999 0.4410110609375 0.07203131874999999 0.44264563749999997 0.054659026562500004 0.43886024843750004 0.040352609375 0.42983651875 0.027181815625 0.41617195625000003 0.014533045312500001 0.317003334375 0.01107 0.29087153906249996 0.0180764828125 0.277323965625 0.025741540624999996 0.2920309890625 0.0466612125 0.299963446875 0.0714132890625 0.31485364531250004 0.09040295312499999 0.322437953125 0.0915947796875 0.3282211546875 0.0846683953125 0.337341684375 0.0831634375 0.33689518125 0.0742786953125 0.35784699999999997 0.069735965625 0.3964950171875 0.0679740859375 0.413298209375 0.052985448437500006 0.42169381875 0.0592017546875 0.42466790625 0.06848369374999999
18 0.4413592109375 0.09559156875 0.47882071406250004 0.12008696875 0.48640502343750003 0.12127879687500001 0.48957581875 0.1012097203125 0.5011406671875 0.0873567046875 0.4997028015625 0.07537798125 0.4452564859375 0.06780147343750001 0.4413592109375 0.09559156875
18 0.395961090625 0.22361438749999998 0.3809891828125 0.19187971875 0.3612254359375 0.17016541406250002 0.3359433703125 0.1661924921875 0.292768396875 0.1887897328125 0.25917554531250003 0.191346 0.25104637812499997 0.1959449375 0.24914691875 0.20250223125 0.2672911796875 0.21416806875 0.2915667921875 0.242467771875 0.2908403140625 0.250188790625 0.2774728046875 0.2559233484375 0.276746325 0.2636443671875 0.28757116250000003 0.2849333734375 0.30868951093749997 0.30588114843750003 0.3187030484375 0.3221456796875 0.33134408125000003 0.3241321390625 0.351667775 0.312634921875 0.3531207328125 0.297192884375 0.39123898281249997 0.27380100937499996 0.3993832390625 0.24178131406249997 0.395961090625 0.22361438749999998
19 0.417556121875 0.1986053890625 0.444094434375 0.2164872875 0.4649629875 0.19919930624999999 0.4658710859375 0.18954803125 0.4573922125 0.1705864734375 0.45704406249999996 0.1470262234375 0.485761809375 0.1417450671875 0.48685152656249997 0.1301635390625 0.462765009375 0.1078106796875 0.442301403125 0.0980666765625 0.44040706093750004 0.0727434265625 0.4195399703125 0.067287678125 0.4060988140625 0.058647209374999995 0.382314603125 0.0690537328125 0.3651562046875 0.06962153125000001 0.35361624375 0.07107379999999999 0.340369909375 0.075520490625 0.328325771875 0.08233114687500001 0.3172817265625 0.093653753125 0.30243685 0.0847911328125 0.2951031984375 0.1021359875 0.2537554 0.11739986093749999 0.3117415828125 0.1373935359375 0.3305910984375 0.16429209843749998 0.358784846875 0.16763505 0.3730245671875 0.1829292796875 0.386407590625 0.1888135984375 0.394803196875 0.1950299046875 0.417556121875 0.1986053890625
9 0.35418182656249997 0.34045312031249997 0.3647402234375 0.3509268859375 0.403374709375 0.3765860109375 0.4133065375 0.3801055328125 0.426310809375 0.378231484375 0.44111618750000003 0.3844756484375 0.44671621406249995 0.3794792734375 0.463785846875 0.3753058796875 0.4730198203125 0.33170465625 0.4696809375 0.3262829828125 0.443142625 0.30840108437499997 0.3723547109375 0.29727719375 0.3630525609375 0.30071240625 0.35193266093750003 0.32344991875 0.35418182656249997 0.34045312031249997
9 0.5323811734375 1 0.5655011296875 0.9848047171875001 0.565151421875 0.9612442218749999 0.476764371875 0.8843677234375 0.49893262031249996 0.847022203125 0.5059277453125001 0.8610056140625 0.5153559999999999 0.8668388671875 0.534617553125 0.8742173624999999 0.5337681859375001 0.8857959171875001 0.5707347078125 0.884246178125 0.591665271875 0.8566975875 0.6885585265625 0.8493976296874999 0.697088365625 0.8290251890624999 0.681149121875 0.8014948687500001 0.660885775 0.789605721875 0.670237003125 0.7508180546875 0.6689503796875 0.7033242890625 0.6305126015625 0.64831415 0.6172736249999999 0.58453168125 0.5407160421875 0.552913171875 0.5018864046875 0.55660530625 0.48021095156250004 0.5283678890625 0.46887280625 0.527675259375 0.46938426718750004 0.507081725 0.45614492812499996 0.49629635937499994 0.44019869062500006 0.483998096875 0.41832966093749996 0.47403323906250006 0.4165291578125 0.4628703703125 0.3944584578125 0.4550488671875 0.38624080625 0.43634931093749996 0.3707889265625 0.43392114218750005 0.373203284375 0.42341904374999995 0.352327496875 0.433196653125 0.3504193078125 0.43833597500000004 0.35373991562499996 0.4181854484375 0.35775980937499996 0.40576060781249995 0.387855040625 0.4191932078125 0.4052151109375 0.41648205312500003 0.4113366015625 0.41200325937500004 0.42819235000000005 0.41465203749999996 0.4379162609375 0.432500771875 0.42315667343749996 0.45303034531249997 0.43488975312499994 0.46466653593749996 0.475733084375 0.4547641359375 0.456006709375 0.376587559375 0.470490678125 0.3313072171875 0.429510228125 0.30332064375 0.4474235125 0.28601799843750003 0.44803581093749995 0.2643527875 0.45463929687500004 0.25438205625 0.42106153593749995 0.229517565625 0.440228784375 0.22613137499999997 0.446553503125 0.2195094703125 0.4596065734375 0.20197586250000002 0.459816940625 0.1845991515625 0.4563169125 0.161200190625 0.4593900265625 0.1493536734375 0.48016022812500003 0.1467411984375 0.45220851093750003 0.23930911093749999 0.5699567875 0.2421421734375 0.5812567515625 0.2174741609375 0.55038975 0.19107685624999998 0.5390109515625 0.130672196875 0.49286009531249997 0.121244825 0.503312684375 0.0858927984375 0.507130909375 0.0756113109375 0.4964990453125 0.06741230625 0.4639911578125 0.0644805015625 0.44522707656250005 0.066972590625 0.4433327328125 0.041649340624999996 0.42558613593750005 0.0181866640625 0.4192403859375 0.014640196875 0.149377165625 0.005216365625 0.12282713125 0.0181130625 0.0942472921875 0.1037264859375 0.06995659062500001 0.10284754375 0.0498993359375 0.125160003125 0.0352849515625 0.266834878125 0.0818669859375 0.289825321875 0.060915167187499994 0.2943680515625 0.0413741484375 0.3657315109375 0.0801465421875 0.47172290468750006 0.083679528125 0.5161065218750001 0.0731330984375 0.5372981671875 0.059187478125000005 0.5340191765625 0.049456571875 0.5314025 0.0342080640625 0.5268296765625 0.029776131249999997 0.5587745875000001 0.030560707812499997 0.5958924640625 0.0415960578125 0.5998032156249999 0.050022374999999994 0.6011273593750001 0.05834941406250001 0.6035234265625 0.07501748281250001 0.60803255625 0.097952028125 0.6096777875 0.10098075625 0.686546740625 0.0716895296875 0.752460425 0.081341384375 0.7725857078125 0.1124883609375 0.7823772531250001 0.1386499015625 0.831540665625 0.138079134375 0.877188053125 0.15913405 0.9109630203125001 0.18209574374999998 0.9395968765625 0.2179103921875 0.952840725 0.2337572078125 0.9662124546875 0.2399846015625 0.975765871875 0.39420074843749997 1 0.5323811734375 1
19 0.394803196875 0.1950299046875 0.3882102515625 0.1969320546875 0.38748377500000003 0.20465307500000002 0.3963243296875 0.2197538796875 0.398293521875 0.25336284062500003 0.39123898281249997 0.27380100937499996 0.37850115156249997 0.2864903 0.3781379125 0.290350809375 0.3954708734375 0.29699216875 0.43592155625 0.303348746875 0.443059359375 0.29565583125 0.45047713749999996 0.2713571546875 0.44849285625 0.26516895156250003 0.44361775156250005 0.2624440640625 0.45969602031249995 0.25517669062500004 0.4540111734375 0.24742756875 0.428100984375 0.23650015781249997 0.42611825937500003 0.2303121984375 0.4420133546875 0.22497483593749998 0.4425582125 0.219184071875 0.4200837046875 0.1990025828125 0.394803196875 0.1950299046875
19 0.15876855781250002 0.5222743796875 0.1428734640625 0.5276117421875 0.13023243125 0.5256252796875 0.111991371875 0.5286351953125 0.0917660328125 0.52545690625 0.0809261046875 0.5315886562500001 0.08309200781250001 0.53584660625 0.110356796875 0.5460074859375 0.12227135156249999 0.5557149671875 0.1260551828125 0.5700211375 0.176240984375 0.6092482515625 0.19701118281250002 0.6066357765625 0.21579865781250002 0.5978353421875 0.262212603125 0.5953350375 0.27224123125 0.58417880625 0.27314932812500003 0.5745275328125 0.26683635625 0.5598239234375 0.2504114921875 0.543531290625 0.234265046875 0.5106326515624999 0.18639658750000002 0.52857475 0.15876855781250002 0.5222743796875
31 0.2788341765625 0.58227665625 0.2838909 0.5830712874999999 0.3096330015625 0.56850795 0.3208361671875 0.5585156890625 0.3213810265625 0.5527249249999999 0.28230003593749997 0.51818105625 0.26947738593750004 0.51812485 0.250328228125 0.5307860375 0.24860883125000002 0.5354128328125001 0.25293907656250003 0.5439284843750001 0.2648536328125 0.5536359640625 0.2788341765625 0.58227665625
19 0.2781076984375 0.589997675 0.3160307953125 0.5959570578125 0.33463509375 0.589086634375 0.3742911203125 0.56299821875 0.39452999375000003 0.5387555046875 0.393092128125 0.5267767812499999 0.381805696875 0.524023790625 0.3624749203125 0.5386152328125 0.34423230625 0.5416249015625 0.3239086109375 0.55312211875 0.31252538125 0.5650448796875 0.28678172343749997 0.5796079734374999 0.279197415625 0.5784161453125 0.27612497343750003 0.583809715625 0.2781076984375 0.589997675
19 0.380995953125 0.51899955625 0.3582565625 0.48800306875 0.35970951875 0.47256103125 0.35285168906250003 0.46364818437500005 0.349249478125 0.447411759375 0.3352673765625 0.4187708234375 0.29951017968750004 0.4170693890625 0.28903504999999996 0.41934087499999995 0.2776502640625 0.43126339218750004 0.2619367890625 0.4346705 0.2622016734375 0.44548549687500005 0.27177026406250004 0.45286552812499997 0.280065959375 0.473757096875 0.2805957296875 0.49538709374999995 0.28528921406249996 0.5000422359375001 0.2869087015625 0.510090703125 0.2951226890625 0.5182372640625 0.29900487343750004 0.517867928125 0.299632996875 0.5248224171875 0.31172917187500004 0.5325996421875 0.31931348125 0.5337914687499999 0.3261728671875 0.5427045609375 0.3362847578125 0.5442935828125 0.371958690625 0.533249765625 0.380995953125 0.51899955625
19 0.4012062046875 0.54959860625 0.451475271875 0.601570971875 0.49384050156250003 0.5739494953125 0.49782104218749995 0.558904653125 0.4915080703125 0.54420104375 0.48112973906249995 0.531796778125 0.47336381093749996 0.5325352046875 0.46984486406250003 0.5290440328125 0.468587059375 0.515134809375 0.4619108484375 0.5042917078125 0.43221682968749997 0.47905812656249996 0.42210338125 0.47746885937499994 0.415328815625 0.481301265625 0.4004115515625 0.5171536125 0.4012062046875 0.54959860625
19 0.285147146875 0.596980265625 0.2436083046875 0.6022054609375 0.2262586984375 0.622984615625 0.223996 0.63340241875 0.24709862968750002 0.660538396875 0.2853698765625 0.69005803125 0.2895034140625 0.7279246968749999 0.3056633921875 0.7334023328125 0.3809782609375 0.723690859375 0.40943112187499997 0.70759470625 0.44359745625 0.644405909375 0.4472298453125 0.605800815625 0.410593175 0.5589088906249999 0.392630534375 0.545312796875 0.343575559375 0.5895121765625 0.331925890625 0.5906196953125 0.323433484375 0.599079140625 0.285147146875 0.596980265625
19 0.5404225359375 0.5969399390625 0.5340944750000001 0.6096570890625 0.52153670625 0.620415878125 0.52433073125 0.6316283171875 0.5466220625 0.653739815625 0.5614289953125 0.659984225 0.5682868265625001 0.668897071875 0.580927859375 0.6708835328125 0.5964597140625 0.6694066796875 0.6032342796875 0.6655742734375 0.631965559375 0.6328721125000001 0.63594765625 0.6178275156249999 0.620792571875 0.5880228562500001 0.6102326203125 0.5775488453125 0.6003023468750001 0.57402956875 0.59253641875 0.5747679953125 0.5760964656249999 0.5858961218750001 0.5404225359375 0.5969399390625
19 0.6034158984375 0.66364401875 0.60232618125 0.6752255468749999 0.5596960671875 0.6920320234374999 0.5519983140625 0.7329364640625 0.550098853125 0.7394937578125 0.5643593734375 0.7515286859375 0.5802409328125 0.7736123265625 0.566328565625 0.7851376484375 0.5650572281249999 0.79864943125 0.5828382484375 0.814175778125 0.6239305875000001 0.8000658406250001 0.642006671875 0.7715656671875 0.669284996875 0.7543055437499999 0.665681228125 0.7380688734375 0.668768759375 0.70525454375 0.6534336125 0.6773803843749999 0.6293396203125 0.6471504265625 0.6147991265625 0.6517212578125 0.6034158984375 0.66364401875
19 0.622562453125 0.8282533750000001 0.6477596953125 0.8194808 0.6564337203124999 0.8090911000000001 0.663488259375 0.7886529328125 0.6621471921875 0.7619984578125 0.6570920250000001 0.7612040703125 0.642006671875 0.7715656671875 0.62411220625 0.7981355859375 0.598551725 0.81076866875 0.57254318125 0.8145167671875001 0.57028048125 0.82493456875 0.5763285687499999 0.8288231828124999 0.622562453125 0.8282533750000001
19 0.643694334375 0.821780146875 0.622562453125 0.8282533750000001 0.5868037 0.8265516953125 0.5761469499999999 0.8307534375 0.57406586875 0.8392409859375001 0.5819150625 0.8512478109374999 0.6017771640625 0.8582866093750001 0.6196565390625 0.8591374500000001 0.6380792171875 0.8541972812499999 0.648192665625 0.8557865484375 0.6593942765625 0.8457940421875 0.68413148125 0.8555577281250001 0.6966876937500001 0.8447986921874999 0.6983222687499999 0.8274264015625 0.6939935796875 0.81891099375 0.6646612421875 0.7898166578125 0.6605958796875 0.7921160031250001 0.6562521015625 0.8110213546875 0.643694334375 0.821780146875
19 0.5431973109375 0.8128434328124999 0.533978428125 0.8290238984375 0.5227752609375 0.8390161578124999 0.5026347421875 0.8485833656249999 0.50073528125 0.8551406609375001 0.511112059375 0.8675446812500001 0.52609905625 0.871858590625 0.5430703343750001 0.8823607046875 0.560949709375 0.8832115453125 0.589401015625 0.8671151453125001 0.5928382546875001 0.8578613109375001 0.57370263125 0.8431014937500001 0.5751555859375 0.8276594578124999 0.570825340625 0.8191438046874999 0.5738977828125 0.8137502359375001 0.5609918671874999 0.800948778125 0.5518713375 0.8024537328125 0.551326478125 0.808244496875 0.5431973109375 0.8128434328124999
19 0.5348032593750001 0.8066273718750001 0.5532259390625 0.801687203125 0.567039953125 0.8048373890624999 0.56252964375 0.7982522359375 0.56380098125 0.7847404546875001 0.5748209703125 0.776678203125 0.5755474484375 0.7689571843749999 0.55361935625 0.7429851765625 0.5460334921875 0.7417931015625 0.49996769375000005 0.7678536593749999 0.5022168609375 0.7848568609375 0.5272189515625 0.80543554375 0.5348032593750001 0.8066273718750001
19 0.1292343078125 0.8770721437500001 0.1332013140625 0.8894483046874999 0.1491796734375 0.89685619375 0.1729104265625 0.9309466609375001 0.18148609843750002 0.9352324671875 0.1944071046875 0.9206131671875 0.199114121875 0.8978473062500001 0.2101356703125 0.8897852984375 0.2110437671875 0.8801340265625001 0.204912415625 0.8635001609374999 0.191824878125 0.85262895625 0.1537201625 0.848599828125 0.1368337046875 0.8508432125000001 0.1316786265625 0.8647240843749999 0.1292343078125 0.8770721437500001
19 0.2216323421875 0.835766271875 0.2094378140625 0.8426645531249999 0.212844871875 0.8882522406250001 0.20146164375 0.9001749984374999 0.1993790078125 0.9086623046875 0.1969346890625 0.9210103609375 0.20045519218750002 0.9245017796875 0.205510359375 0.9252961687499999 0.22193677968749997 0.941589046875 0.2396345359375 0.944370140625 0.25010966875 0.9420986546875 0.2853370953125 0.9221700937499999 0.32182076875 0.916150509375 0.3343785375 0.9053917203124999 0.342339615625 0.8753020328125001 0.341628228125 0.8556022921875 0.3332341765625 0.8493862312499999 0.312827215625 0.848138196875 0.26768305 0.837126475 0.2216323421875 0.835766271875
19 0.3972324359375 0.8917632859375001 0.389368153125 0.90717721875 0.376728678125 0.9051910031249999 0.3658054859375 0.8985775031250001 0.36635034375000003 0.8927867390625 0.3717703078125 0.8897208624999999 0.36861304375000004 0.8823689359375001 0.35579039218749997 0.8823127296875001 0.3447704015625 0.8903749796874999 0.343219090625 0.920492525 0.3652455390625 0.9317890249999999 0.36668496093749997 0.9437679921875001 0.3768801171875 0.95810226875 0.3969238390625 0.9632108109375 0.42040479687500004 0.9590655203124999 0.433044275 0.9610517359375 0.44505718281249995 0.9560837093749999 0.4483112453125 0.9487598859374999 0.4670987203125 0.9399594531250001 0.4755911234375 0.9315000078125 0.4855364875 0.9075985234375 0.46830032343749994 0.8862814125 0.44392791249999997 0.8726574625 0.3972324359375 0.8917632859375001
19 0.5174687421875 0.7999857687499999 0.5013087625 0.7945081328125 0.497886615625 0.7763412078124999 0.49220176718750003 0.7685920875 0.484617459375 0.7674002578125 0.480553653125 0.7696998500000001 0.4827179984375 0.773957553125 0.476125053125 0.775859703125 0.47260454999999996 0.7723682859375 0.474505565625 0.7658112359375 0.46439211875 0.76422196875 0.4603283125 0.766521559375 0.4607748171875 0.7754063015625 0.4484970234375 0.76955933125 0.43729541562499996 0.7795518375 0.412459853125 0.784463659375 0.40324097031250006 0.8006441234375 0.3937572015625 0.8060095890625 0.3547443875 0.8116317328125 0.3528449265625 0.8181890265625 0.35636542968749996 0.8216804453125001 0.366295703125 0.825199721875 0.38777728906250003 0.8422869875 0.4150420796875 0.8524478703125 0.42406581250000003 0.8656186640625 0.4314685 0.8687407468749999 0.4362587828125 0.8587201375 0.4567640984375 0.8452926640625 0.46724078437500005 0.8430214234375001 0.505525565625 0.8451200515625 0.5216022796875001 0.837852434375 0.5345232859375 0.8232331343749999 0.535613003125 0.8116516062500001 0.5174687421875 0.7999857687499999
19 0.3524665984375 0.849470296875 0.35137688125 0.8610518234375 0.36391955781249996 0.8777137921874999 0.38341842187499997 0.8886131 0.3960594546875 0.8905995624999999 0.43227824375 0.8737649796875001 0.43065875781249996 0.8637165124999999 0.4267750140625 0.8640856031249999 0.412696115625 0.8501204203125001 0.38777728906250003 0.8422869875 0.366295703125 0.825199721875 0.353836290625 0.8212830062500001 0.349142803125 0.8166278640625 0.343724396875 0.819693984375 0.3524665984375 0.849470296875
19 0.38972046250000003 0.7534671703125 0.4073198640625 0.7709237734375 0.4383851328125 0.767970309375 0.4505781046875 0.761071784375 0.4594337484375 0.7487518296875 0.46270290000000003 0.7140072453124999 0.455216946875 0.6981399109375 0.42506133281249997 0.6914423453125 0.42099597187500004 0.6937416890625 0.41719705156250003 0.706856278125 0.42658246406250006 0.71616631875 0.425311128125 0.7296781015625 0.395685284375 0.74461053125 0.3912582390625 0.75077063125 0.38972046250000003 0.7534671703125
19 0.48824984843749997 0.7287951640625 0.468024509375 0.7256168765625 0.46396070468749995 0.7279164671875 0.4578975265625 0.7514486140625001 0.45599806562499995 0.7580059078125 0.462046153125 0.7618945203124999 0.48985580312500004 0.7662646375 0.501685534375 0.7632266203125 0.492481740625 0.7519863250000001 0.48824984843749997 0.7287951640625
19 0.49013577656249996 0.749658875 0.4981665890625 0.7597354468749999 0.505750896875 0.760927275 0.51776380625 0.755959246875 0.5073022078125 0.7308097296875 0.5014357406250001 0.7249908625 0.4878866109375 0.732655675 0.49013577656249996 0.749658875
19 0.5202653703125 0.6339276609375 0.5162015656250001 0.6362272531250001 0.514930228125 0.649739034375 0.5081556625 0.653571440625 0.48774870156250005 0.6523234062500001 0.47049900625 0.6584272999999999 0.45810776875 0.6946765953125 0.456389928125 0.699303634375 0.4630661390625 0.7101467359375 0.46549692499999995 0.7252196828125 0.48824984843749997 0.7287951640625 0.501254121875 0.7269211171875 0.513251940625 0.74937385 0.5216459921875 0.7555899125 0.54757126875 0.7390965625 0.556971771875 0.7209858453125 0.5569853046875 0.6935648390625 0.578663603125 0.6813010921875 0.5540247515625001 0.6568618984375 0.544094478125 0.6533426203125 0.527668059375 0.63704974375 0.5202653703125 0.6339276609375
19 0.7363874328125 0.7364477546875 0.786335415625 0.7100178609375 0.7951910609375 0.6976979078125 0.7959175390625 0.6899768890625 0.788068346875 0.6779700625 0.77326296875 0.6717258984375001 0.757367875 0.6770632609375 0.7334919156249999 0.669359234375 0.7234498078125 0.6851909484375 0.7222237125000001 0.7097370749999999 0.720952375 0.72324885625 0.7167069515625 0.7274787 0.7161620921875 0.7332694656250001 0.7363874328125 0.7364477546875
19 0.7855626140624999 0.2956112671875 0.7655188921875 0.2905027234375 0.7575713453125 0.29317140468749997 0.7451119328125 0.28925468906249996 0.741046571875 0.291554034375 0.7408514187499999 0.32090529375 0.73316875625 0.33438897343749996 0.72927148125 0.36217906875 0.7336001703125 0.3706944765625 0.7316023546875 0.39192727656250004 0.7349412375 0.3973489484375 0.7838843265625 0.3952460828125 0.802307003125 0.3903059140625 0.821276096875 0.3795752265625 0.8356349703125 0.3769346484375 0.83077495625 0.346789 0.8022523625 0.3227188984375 0.808398803125 0.311932003125 0.8100333781250001 0.2945597109375 0.8068776703125 0.287208028125 0.80109446875 0.2941344125 0.7855626140624999 0.2956112671875
19 0.809779425 0.433594253125 0.8012719296874999 0.4694744578125 0.8091211218750001 0.48148128437500004 0.8387485234375 0.46654909843750003 0.8718933140624999 0.4551078421875 0.881112196875 0.438927378125 0.880764046875 0.41536712812500004 0.8932369921875001 0.39186283906249997 0.8799678390624999 0.3829218890625 0.8622716374999999 0.380141040625 0.820912859375 0.383435734375 0.7941778375 0.39490485 0.7962453843749999 0.4138383046875 0.809779425 0.433594253125
19 0.8417267687500001 0.2985607375 0.8396441328125 0.307048040625 0.84532898125 0.3147971625 0.8604991546875 0.3171810625 0.873768309375 0.32612201406249997 0.8840467328124999 0.35320153906249996 0.8791580953125001 0.37789765625 0.8873705265625 0.386043971875 0.8974839749999999 0.3876332390625 0.9105850437499999 0.371083440625 0.912582859375 0.3498506375 0.9008514812499999 0.3382131484375 0.8880423609375001 0.3107359375 0.877483965625 0.300262171875 0.8473267953124999 0.2935643609375 0.8417267687500001 0.2985607375
19 0.881112196875 0.438927378125 0.8720749328125 0.4531775890625 0.8186064484375001 0.4761160609375 0.8048756984375001 0.48571112968749997 0.8020681390625001 0.5019196953125 0.7990789609375 0.5200585171875 0.8094557390625001 0.5324625375 0.852070765625 0.54307681875 0.885943590625 0.5239147890625 0.9081667437500001 0.5058602765625 0.908711603125 0.5000695125 0.9300266625000001 0.49166627343749997 0.94213636875 0.4720224953125 0.9468449421875 0.44925687812500004 0.943241175 0.43302020781249995 0.9336725843749999 0.4256401765625 0.9213115265624999 0.4070479546875 0.8985586031249999 0.40347247187499996 0.88672886875 0.4065104875 0.881112196875 0.438927378125
19 0.8837490656250001 0.5744986046875 0.8904403671875001 0.557920946875 0.8893657375 0.5420817140625 0.878624165625 0.533537959375 0.8518891453125 0.5450070734375 0.8320285999999999 0.5379685203125 0.806564915625 0.535925853125 0.7889504234375 0.5458900109375 0.7779153453125 0.5813730203125 0.7684315749999999 0.5867384875 0.7454970328125 0.5850932578125 0.726891178125 0.5919634375 0.7244182359375 0.6591532578125 0.726037721875 0.6692017265625 0.7369609140625 0.6758152265625 0.754838734375 0.6766658234375 0.77326296875 0.6717258984375001 0.7960158921875 0.6753013812499999 0.8350287078124999 0.6696792375 0.8473065 0.6755262078125 0.8593178546875 0.6705579359375 0.8600443312499999 0.6628369171874999 0.8708842578124999 0.6567051671875 0.8750464171875001 0.6397300687499999 0.8909415109375001 0.6343927046875 0.9129830484375001 0.6182684468749999 0.8837490656250001 0.5744986046875
19 0.7217511875 0.5784235515625 0.7274360359375 0.586172671875 0.7657223734375 0.5882715468749999 0.7839634328125 0.585261634375 0.7862412203125 0.5474230703125 0.8024995531249999 0.5382251984375 0.8032260328125 0.5305041796875 0.7874292921875 0.521166034375 0.7744250203124999 0.523040084375 0.7578034484375 0.5360984656250001 0.7486829187499999 0.5376034234375 0.7497575453125 0.5534426531250001 0.740273778125 0.5588081203125 0.724741921875 0.5602849734375 0.7217511875 0.5784235515625
19 0.79375319375 0.6857191859375 0.8019656265625 0.6938655015624999 0.832486034375 0.696702803125 0.84467900625 0.6898042765625 0.842613015625 0.670871065625 0.8119109874999999 0.66996401875 0.7960158921875 0.6753013812499999 0.79375319375 0.6857191859375
13 0.12161044531250001 0.780872540625 0.113298103125 0.7874014875 0.1130196859375 0.8040074921875 0.1235780828125 0.8144812578125 0.1335099109375 0.8180007796875 0.1455212625 0.8130325078125 0.1493217390625 0.7999181640625 0.1441817515625 0.786378278125 0.12161044531250001 0.780872540625
19 0.7422385453125 0.44006444218749996 0.7396155234374999 0.46794195156249996 0.724661115625 0.47538436562499997 0.7184424843749999 0.5181603578125 0.716527934375 0.5521384125 0.7198668171875 0.5575600859375001 0.73756301875 0.5603409359375 0.749575928125 0.5553729093750001 0.7510288828125 0.5399308703125001 0.7615040140625 0.537659384375 0.7676504546875 0.5268724890625001 0.7970946796875 0.5138703140625 0.8030881234375 0.4501719125 0.8095978046875001 0.43552450781249996 0.796063765625 0.41576856093750003 0.7889394937499999 0.3960404703125 0.747763890625 0.39740515625 0.7330417796875001 0.40390624375 0.7422385453125 0.44006444218749996