9 0.6032555000000001 0.20029154531249999 0.5226777359375 0.173917709375 0.44438175781249994 0.173688528125 0.4229630578125 0.219760971875 0.3902299953125 0.20346001875000003 0.3532562015625 0.205835196875 0.34929743750000003 0.238953159375 0.3591351765625 0.261985340625 0.3514050484375 0.2743132109375 0.3272608359375 0.2443125421875 0.29738644999999997 0.23834412968750002 0.2561720609375 0.259397 0.22886156249999998 0.2940166375 0.2376658640625 0.3276298171875 0.2598639515625 0.3577539359375 0.212355184375 0.37395227656249996 0.22444906874999998 0.5125237921875 0.24287565781249998 0.5218562578125 0.257156490625 0.618219421875 0.2750061875 0.6433640031250001 0.27052449843750004 0.704123475 0.29719145468749997 0.718185459375 0.280013484375 0.7455817703125 0.293489153125 0.8551414906250001 0.3333627671875 0.9196255859375 0.3701082875 0.91463485 0.3795690875 0.8548706328125 0.4032697109375 0.834944409375 0.417535175 0.7853877234375 0.4340696046875 0.8066730328125 0.4309698328125 0.838422271875 0.4169992921875 0.857725009375 0.4310646703125 0.906775278125 0.443653428125 0.9164843328125001 0.44126385 0.8666824484375001 0.47441231406249995 0.8316877843749999 0.49271842499999996 0.8620619203125001 0.549152109375 0.8584366484375 0.56804806875 0.8283028921875 0.640157325 0.8473332140625001 0.7012341875 0.8184319703125 0.686417475 0.7944060953125 0.662206746875 0.7972764906250001 0.6863636453125 0.7825782609374999 0.6954218609375 0.729412321875 0.6628349203125 0.6026750203125 0.6725110375 0.590222140625 0.6875020593750001 0.60503418125 0.7324880828125 0.6047745234375 0.74859174375 0.5314356 0.7320163046875 0.45362511874999994 0.7310216015625 0.3301172234375 0.6859407390625 0.262023875 0.65709965625 0.24547290312499997 0.6497311015625 0.1946773234375 0.6032555000000001 0.20029154531249999
18 0.60790376875 0.5562499515625 0.6229486203125 0.582889825 0.6698804984375 0.582503596875 0.6972320046875 0.604409134375 0.7294549625 0.6036542593750001 0.747102165625 0.536790165625 0.742082184375 0.47927129687500003 0.7173200703125 0.40855757031250006 0.639024228125 0.40832995156249996 0.61841055625 0.44120427500000003 0.5765653109375 0.46623986562499997 0.583651896875 0.5025936140625 0.6202770734375 0.5186461078125 0.60790376875 0.5562499515625
10 0.3836457859375 0.6100938124999999 0.35927343437500003 0.5774791453125 0.3503770921875 0.55030933125 0.3308605359375 0.5391071734375 0.3166489375 0.5263197374999999 0.2863591484375 0.57164694375 0.284977228125 0.600657175 0.33515754375 0.6487025484375 0.3559327046875 0.6513117265624999 0.3721313375 0.6463273703125 0.3836457859375 0.6100938124999999
18 0.3776230984375 0.8549956421875 0.3955395828125 0.8472722796875001 0.4178171421875 0.7998295546875 0.355624959375 0.7262630109375 0.29805044999999997 0.7168167359375001 0.28173119999999996 0.7428412015625 0.2904023390625 0.8421949515625 0.32815551875 0.9160163328125 0.344179709375 0.920244253125 0.3780666890625 0.9049225359375 0.3776230984375 0.8549956421875
31 0.6023221265625 0.6604614875 0.5002332359375 0.8024227125 0.5335431890625 0.8029115515624999 0.5959892859375 0.7896989750000001 0.6546099187500001 0.7438653515625 0.6585685484375 0.7107458296875 0.6427853171875 0.6644345687500001 0.627163575 0.653606809375 0.6023221265625 0.6604614875
28 0.61818241875 0.43859027812500007 0.6346758390625 0.40335041406250005 0.653330703125 0.41529843906249997 0.7093079765625 0.40644361093750003 0.7286473890625 0.4262351875 0.7310216015625 0.3301172234375 0.678559365625 0.2559256328125 0.658414925 0.249332175 0.6655425187499999 0.3422110953125 0.6580405296875 0.3571529640625 0.552728978125 0.361289471875 0.5453474671875 0.35518967031250004 0.539307003125 0.263556025 0.5053663312500001 0.26705146874999997 0.49918120625 0.3082392125 0.47430410624999997 0.2946130890625 0.4482773953125 0.30320584375 0.45729795468749995 0.3593691734375 0.48959114374999996 0.35175959687499997 0.503315228125 0.434137996875 0.5502342859375 0.4784491078125 0.61818241875 0.43859027812500007
29 0.41751485156249996 0.258235059375 0.4273652765625 0.236568340625 0.4223323375 0.22374525156249997 0.3787821984375 0.2068240703125 0.3519947609375 0.2138037578125 0.3608528921875 0.25924477343749996 0.39770620624999997 0.2779112640625 0.41751485156249996 0.258235059375
29 0.4110229328125 0.542604671875 0.40416462031249994 0.5088664828125 0.353407278125 0.4766316640625 0.3213997734375 0.5246994359375 0.35607882343749997 0.540875378125 0.361675834375 0.5825836921875001 0.3933757296875 0.609468765625 0.4110229328125 0.542604671875
18 0.3621681609375 0.26310404374999996 0.3338243609375 0.3083062390625 0.347151496875 0.3376866796875 0.369644509375 0.3375568515625 0.39793434375 0.2805252609375 0.3621681609375 0.26310404374999996
18 0.3514998875 0.3426662171875 0.32830950468750003 0.37964983281250003 0.34375693906250004 0.399691428125 0.3514998875 0.3426662171875
18 0.339395728125 0.43940922968749996 0.3069574546875 0.3928527703125 0.31901019218750004 0.47489755 0.339395728125 0.43940922968749996