31 0.5705625000000001 0.6310796875 0.5501671875 0.6278265625 0.536125 0.6305625 0.521115625 0.6460765625 0.519625 0.653796875 0.5123078125 0.6605890624999999 0.5064124999999999 0.6755656250000001 0.5031265625 0.67703125 0.500890625 0.6886140625 0.5052265625000001 0.6972640625000001 0.5141203125 0.7056453125 0.5250296875 0.7113640625000001 0.5366828124999999 0.7132234375000001 0.5649890625 0.698834375 0.5726796875 0.6901125 0.5705125 0.6857875 0.5840296875 0.6779953125 0.5953796875 0.6658765625 0.5956 0.6569578125 0.590365625 0.6451796875 0.5705625000000001 0.6310796875
31 0.6451140625 0.6260546875 0.6449609374999999 0.6190671875 0.6340515625 0.6133484375 0.6223984375 0.6114890625 0.61746875 0.6136874999999999 0.615978125 0.621409375 0.6055937499999999 0.6207484375 0.6017828125 0.6171562500000001 0.61126875 0.6146890625 0.6160453125 0.605503125 0.60969375 0.599515625 0.59004375 0.5924031249999999 0.5820484375 0.5871484375 0.5758484375 0.58815 0.5721890625 0.5915453125 0.5663625 0.5906156250000001 0.5515734375 0.5972109375 0.5475421875 0.6025375000000001 0.5489640625 0.6107234375 0.55494375 0.618640625 0.5691390625 0.62289375 0.5905859375 0.6362625000000001 0.619721875 0.6409078125 0.6451140625 0.6260546875
23 0.7144140625000001 0.3993390625 0.68975 0.3715296875 0.672640625 0.3668125 0.6297671874999999 0.3788765625 0.624990625 0.3880640625 0.63695 0.4038984375 0.6284453125 0.43238750000000004 0.6490781250000001 0.4655234375 0.646096875 0.48096562499999995 0.6655265625 0.49699687499999995 0.6768078125 0.5007843750000001 0.6887671875 0.5166203125 0.7156671875 0.5328468749999999 0.7244078125 0.534240625 0.7326234375 0.5305765625000001 0.7480046875 0.5131328125 0.7585921875 0.46607343749999997 0.7577625 0.44703906250000003 0.7494609375 0.427809375 0.7144140625000001 0.3993390625
23 0.3571078125 0.562221875 0.358225 0.5564312499999999 0.3522453125 0.5485140625 0.34641875 0.5475859375 0.3352890625 0.550784375 0.3348484375 0.568621875 0.3412859375 0.597503125 0.33904999999999996 0.6090859375 0.346978125 0.630246875 0.3454875 0.6379671874999999 0.35109375 0.6478140625 0.3649171875 0.6539984375000001 0.3911390625 0.6581796875 0.396440625 0.6540515625000001 0.39718593750000003 0.650190625 0.3921046875 0.6454015625 0.40172656250000005 0.6111203125 0.40501250000000005 0.6096546875 0.40746874999999994 0.5891546875 0.36345937500000003 0.568209375 0.3571078125 0.562221875
13 0.36449375 0.5395234375 0.35642968750000004 0.5501765625 0.360021875 0.5626875 0.3663734375 0.568675 0.41038281249999997 0.5896203125 0.4344359375 0.5894765625 0.4355546875 0.5836859375000001 0.4230703125 0.5627921875 0.42933750000000004 0.545884375 0.4255265625 0.5422921875 0.4167859375 0.5408984375 0.4142453125 0.5385046874999999 0.40513125 0.5390406249999999 0.378909375 0.534859375 0.36449375 0.5395234375
31 0.36449375 0.5395234375 0.3663734375 0.568675 0.41038281249999997 0.5896203125 0.4355546875 0.5836859375000001 0.428440625 0.5427578125 0.36449375 0.5395234375
31 0.6004109375 0.38315 0.65061875 0.40309375000000003 0.697 0.38064375 0.6765203125 0.354496875 0.7025734375 0.3128890625 0.6817203125 0.288671875 0.6304609375 0.2586125 0.5580796875 0.2679625 0.5155937500000001 0.3168984375 0.50776875 0.357434375 0.5209984375000001 0.37446562499999997 0.5886203125 0.4131046875 0.6004109375 0.38315
33 0.697 0.38064375 0.6765203125 0.354496875 0.7025734375 0.3128890625 0.6817203125 0.288671875 0.6275484375 0.258146875 0.5580796875 0.2679625 0.5155937500000001 0.3168984375 0.513003125 0.3692109375 0.5886203125 0.4131046875 0.597496875 0.382684375 0.6597328124999999 0.4025578125 0.697 0.38064375
33 0.49064218750000005 0.3139140625 0.5211171875 0.3038515625 0.6014609375 0.222153125 0.5607390624999999 0.1997421875 0.52846875 0.20354999999999998 0.52436875 0.22478281249999998 0.42645937500000003 0.2807984375 0.4370796875 0.3113421875 0.49064218750000005 0.3139140625
19 0.43389531249999996 0.5456171875 0.4652671875 0.53868125 0.4645046875 0.503740625 0.48325625 0.507725 0.521946875 0.4939984375 0.5627375 0.5005015625 0.5972593749999999 0.5239140625 0.6756890624999999 0.506575 0.6227875 0.4772484375 0.6389140624999999 0.45594375 0.6264296875 0.4350515625 0.5943796875 0.42994062499999997 0.518084375 0.3740015625 0.5050921875000001 0.3868515625 0.5155609375 0.4104078125 0.552996875 0.434284375 0.507209375 0.44588593750000005 0.47187343750000005 0.442240625 0.4629796875 0.4338578125 0.492184375 0.422596875 0.4640984375 0.42806718750000006 0.434928125 0.34581875 0.42036093750000003 0.3434953125 0.38109375 0.4068734375 0.3857359375 0.4295 0.41368593750000004 0.45584375 0.4298453125 0.512140625 0.39525625 0.5046359375 0.38839531250000003 0.5323921875 0.43389531249999996 0.5456171875
18 0.519659375 0.7314 0.5207765625 0.725609375 0.53138125 0.7173515625 0.5304828125000001 0.7142234375000001 0.5141203125 0.7056453125 0.5026859375 0.69486875 0.500890625 0.6886140625 0.5034984375 0.6751015625 0.48549218749999995 0.66725625 0.47383749999999997 0.6653984375 0.46562187499999996 0.6690625 0.46159062500000003 0.6743875 0.450834375 0.6756578125 0.43567343750000004 0.6841828125 0.4367234375 0.6942984375 0.45577968750000003 0.7122609375 0.4678078125 0.7121890625 0.48506875000000005 0.7238953125 0.4626578125 0.7233046875 0.45444218750000004 0.7269703125 0.458778125 0.7356203125 0.48074843749999996 0.7540453125 0.4865765625 0.7549750000000001 0.49150625000000003 0.7527765625 0.512340625 0.7381921874999999 0.519659375 0.7314
18 0.3791125 0.6582515625 0.3741828125 0.66045 0.374859375 0.672496875 0.38734375 0.6933890625 0.3960859375 0.6947828125 0.40265781250000005 0.6918515625 0.40773906249999997 0.696640625 0.4135671875 0.6975703125 0.43567343750000004 0.6841828125 0.442990625 0.6773906249999999 0.44209375 0.6742640625 0.4386546875 0.6687406250000001 0.4401453125 0.6610203125 0.4334203125 0.6569625 0.4013703125 0.6518531249999999 0.3911390625 0.6581796875 0.3791125 0.6582515625
18 0.2763390625 0.529446875 0.28814687499999997 0.53829375 0.313996875 0.5444046874999999 0.3449953125 0.5394 0.3696421875 0.5284078125 0.3806203125 0.5182187500000001 0.379721875 0.5150921875 0.3750125 0.508371875 0.3615625 0.5002578125 0.3557359375 0.499328125 0.32399062500000003 0.5081953125 0.30247812500000004 0.5107328125 0.2873171875 0.5192593750000001 0.27783125000000003 0.521725 0.2763390625 0.529446875
18 0.51268125 0.316434375 0.50886875 0.312840625 0.5030421875 0.3119125 0.4844421875 0.314915625 0.454934375 0.3122 0.4438046875 0.31539843749999996 0.4401453125 0.3187953125 0.43716406250000006 0.3342375 0.4397046875 0.33663125 0.4382140625 0.344353125 0.44180624999999996 0.3568640625 0.43994218749999997 0.366515625 0.443753125 0.3701078125 0.45122343750000005 0.370303125 0.4542046875 0.3548609375 0.459134375 0.3526625 0.46824843749999995 0.35212656249999996 0.501940625 0.35650468750000003 0.50343125 0.3487828125 0.511121875 0.3400609375 0.5113421875 0.3311421875 0.51268125 0.316434375
33 0.4846796875 0.3447984375 0.5017890625 0.349515625 0.50671875 0.34731718749999996 0.5078359375 0.3415265625 0.511121875 0.3400609375 0.5113421875 0.3311421875 0.51268125 0.316434375 0.50886875 0.312840625 0.500128125 0.311446875 0.49064218750000005 0.3139140625 0.48190156249999994 0.3125203125 0.46658906250000004 0.31405781250000003 0.454934375 0.3122 0.4438046875 0.31539843749999996 0.4401453125 0.3187953125 0.43716406250000006 0.3342375 0.4425515625 0.353003125 0.44031562500000004 0.364584375 0.443753125 0.3701078125 0.451596875 0.36837343749999996 0.44905625000000005 0.365978125 0.45091875000000003 0.3563265625 0.45622187500000005 0.3521984375 0.4711625 0.352590625 0.47280468750000004 0.3518578125 0.46735 0.34899843750000004 0.47556562500000005 0.345334375 0.4846796875 0.3447984375
10 0.4542046875 0.3548609375 0.449665625 0.39393125 0.45527187500000005 0.403778125 0.487321875 0.4088890625 0.495165625 0.40715625 0.502771875 0.3755390625 0.5037359375 0.362759375 0.5002984374999999 0.3572375 0.465334375 0.3516625 0.4542046875 0.3548609375
19 0.3242109375 0.15705156250000002 0.2915859375 0.201590625 0.30010625 0.211903125 0.3314109375 0.22087343750000002 0.3351546875 0.2403734375 0.28087968750000003 0.3192640625 0.24263125 0.31515468750000003 0.237853125 0.3243421875 0.2465265625 0.3416421875 0.2238953125 0.349971875 0.25125312499999997 0.3871640625 0.3117609375 0.38487343749999997 0.3513484375 0.374275 0.39061406249999997 0.31089687499999996 0.40746874999999994 0.2469296875 0.40789375000000005 0.19029218750000002 0.38180625 0.154296875 0.3540078125 0.1349421875 0.3242109375 0.15705156250000002
31 0.24425625 0.27562031249999996 0.242765625 0.2833421875 0.228875 0.2930640625 0.22738437500000003 0.3007859375 0.23373750000000001 0.3067734375 0.2613828125 0.319140625 0.2730375 0.3209984375 0.281253125 0.317334375 0.27982968750000003 0.3091484375 0.29700625 0.29795937499999997 0.3164875 0.2592828125 0.3274640625 0.2490953125 0.332834375 0.229059375 0.308475 0.2152265625 0.29099375 0.21243906250000003 0.27911874999999997 0.21949999999999997 0.25560625 0.263503125 0.24425625 0.27562031249999996
23 0.3172328125 0.08430937499999999 0.3136421875 0.0717984375 0.305646875 0.0665453125 0.3093046875 0.0631484375 0.3028 0.050173437499999994 0.2786609375 0.027421875000000002 0.26737968749999996 0.023634375 0.2642453125 0.032087500000000005 0.26776875 0.0605046875 0.2585875 0.0769484375 0.261434375 0.09331874999999999 0.2788484375 0.11201406249999998 0.27877968750000004 0.1279203125 0.283115625 0.1365703125 0.2974640625 0.14781249999999999 0.3174859375 0.15299374999999998 0.3266 0.15245781249999998 0.3432515625 0.1362109375 0.34713125 0.12389687499999999 0.3401015625 0.1058640625 0.3172328125 0.08430937499999999
28 0.150615625 0.18508125 0.1487515625 0.19473125 0.1534609375 0.20145156250000001 0.1479390625 0.2144984375 0.18291875 0.258875 0.19696093750000002 0.256140625 0.1980796875 0.25034999999999996 0.22257500000000002 0.23236875 0.2295875 0.2116015625 0.24235937500000002 0.20766874999999999 0.243478125 0.201878125 0.26356875 0.1911546875 0.28065937500000004 0.1570703125 0.2588421875 0.1456328125 0.2359734375 0.124078125 0.2146125 0.13360624999999998 0.165996875 0.1676359375 0.150615625 0.18508125
18 0.202415625 0.259 0.18263125 0.2837015625 0.185696875 0.291153125 0.22357343749999997 0.29719375000000003 0.2317890625 0.2935296875 0.2615015625 0.24852500000000002 0.2721734375 0.22436093750000002 0.28352343750000003 0.21224375 0.295228125 0.15939375 0.283946875 0.1556046875 0.2790171875 0.157803125 0.26028125 0.1926203125 0.2263015625 0.2130671875 0.22294687500000002 0.23043906249999999 0.20905625 0.2401625 0.202415625 0.259
33 0.2909921875 0.3835515625 0.2782203125 0.387484375 0.26656562500000003 0.3856265625 0.2638046875 0.39215 0.2451375 0.41105937499999995 0.24401875 0.41685 0.24783125 0.42044218750000006 0.2769671875 0.4250890625 0.2860796875 0.42455156250000003 0.2963125 0.41822499999999996 0.3108796875 0.42054843750000004 0.3134203125 0.4229421875 0.3254484375 0.4228703125 0.337321875 0.41581093750000003 0.338440625 0.41002031250000004 0.3417265625 0.4085546875 0.3447078125 0.39311250000000003 0.34799375 0.391646875 0.348959375 0.3788671875 0.308475 0.3863390625 0.2909921875 0.3835515625
19 0.3715578125 0.12182343749999999 0.3637140625 0.12355624999999999 0.36551093749999997 0.1298125 0.3705921875 0.1346015625 0.372015625 0.1427875 0.3847203125 0.1547609375 0.40191406250000006 0.182375 0.407740625 0.18330312499999998 0.4261875 0.1733125 0.42984687499999996 0.169915625 0.43081250000000004 0.15713749999999999 0.4240875 0.15308125 0.42520468749999996 0.1472890625 0.4325234375 0.1404984375 0.43035468750000005 0.1361734375 0.4185484375 0.12732656250000002 0.3715578125 0.12182343749999999
18 0.252421875 0 0.2512359375 0.0061375 0.2917390625 0.0374671875 0.3078828125 0.054962500000000004 0.32051875 0.08284375000000001 0.351603125 0.100734375 0.3661703125 0.10305625 0.37767343750000004 0.09792656250000001 0.3894625 0.067971875 0.4088765625 0.0452015625 0.4102140625 0.0304921875 0.4049796875 0.0187140625 0.3931734375 0.009868749999999999 0.3669078125 0 0.252421875 0
9 0.2552671875 0 0.2417859375 0.0239765625 0.2394140625 0.0673703125 0.22006874999999998 0.07423437499999999 0.2545234375 0.113553125 0.1693859375 0.1656375 0.15095468750000002 0.21442968750000002 0.16164375 0.22906718750000002 0.1696234375 0.1955203125 0.1832921875 0.194715625 0.1768046875 0.220540625 0.1985546875 0.2478859375 0.190796875 0.2725140625 0.24236093749999998 0.3165515625 0.2404296875 0.342109375 0.223253125 0.3532984375 0.2617390625 0.387290625 0.2518125 0.40759375000000003 0.3131515625 0.4243390625 0.3128625 0.44916406249999996 0.344471875 0.4721109375 0.35964999999999997 0.5023875 0.27718750000000003 0.5250515625000001 0.3353921875 0.5502515625 0.3502984375 0.644153125 0.4121796875 0.7047578125 0.4422125 0.71253125 0.42391875 0.7295109375 0.4476 0.731296875 0.433709375 0.7410203125 0.449853125 0.7585171875000001 0.47607499999999997 0.7626984375 0.518271875 0.7385875000000001 0.6448437499999999 0.6274515625 0.7473625 0.5164593749999999 0.7590671875 0.463609375 0.747396875 0.42295 0.6838734375 0.36307812500000003 0.7030484375 0.310425 0.65461875 0.257934375 0.5943140625 0.21250468749999998 0.5524734375 0.195884375 0.5159515625 0.2139359375 0.5010796875 0.1976375 0.48195468750000003 0.1955828125 0.4945234375 0.23937031250000002 0.417075 0.28273125 0.41648281249999997 0.29357968749999996 0.435234375 0.2975640625 0.4244265625 0.3535421875 0.40545468749999997 0.358475 0.37977500000000003 0.398153125 0.342203125 0.40609062500000004 0.4178890625 0.2629640625 0.4413 0.1572640625 0.46498125 0.15905156250000002 0.46796249999999995 0.14360937499999998 0.431271875 0.115871875 0.4828015625 0.0823046875 0.4586625 0.0595546875 0.40144062500000005 0.060378125000000005 0.4061328125 0.028296875 0.379453125 0.00315 0.370071875 0 0.2552671875 0
8 0.537615625 0.622840625 0.5415625000000001 0.5946203125 0.5157125 0.5885078125 0.4959109375 0.5744078125 0.4906765625 0.5626296875000001 0.4815625 0.563165625 0.4806640625 0.5600390625 0.4872375 0.5571078125 0.4891 0.54745625 0.4856625 0.5419328125 0.4681796875 0.5391453125 0.44958125000000004 0.5421484375000001 0.427846875 0.55360625 0.42740625000000004 0.5714421875 0.4375703125 0.581021875 0.4484109375 0.6026484375 0.47127968750000004 0.6242015624999999 0.4730078125 0.6463640625 0.47951249999999995 0.6593390625 0.4967734375 0.6710453125 0.5026015625 0.6719734374999999 0.5111890625 0.6663796875 0.518203125 0.6456109375 0.537615625 0.622840625
22 0.4727203125 0.5000765625 0.46360625000000005 0.5006125 0.46084531249999994 0.5071359375 0.4633859375 0.50953125 0.46226874999999995 0.5153218749999999 0.46697812499999997 0.5220421875000001 0.47109375 0.5396109375 0.48476406250000004 0.53880625 0.4846109375 0.5318171875 0.47653125 0.50366875 0.4727203125 0.5000765625
8 0.5854859375 0.5926703125 0.5876546874999999 0.5969953125 0.5865375 0.6027859375 0.5832499999999999 0.6042515625 0.5943125 0.616959375 0.6001390625 0.6178890625 0.60506875 0.6156906249999999 0.6123859375 0.6088984375 0.612234375 0.601909375 0.5929562500000001 0.5928671875 0.5854859375 0.5926703125
8 0.5825734375 0.59220625 0.584284375 0.5755671875 0.5744921875 0.5640578125 0.5623125 0.557140625 0.5660406250000001 0.5378375 0.5613312500000001 0.53111875 0.5773890625 0.5257203125000001 0.5792531249999999 0.51606875 0.56781875 0.5052921875 0.556909375 0.49957343749999994 0.521946875 0.4939984375 0.49513125 0.500665625 0.4849 0.5069921875000001 0.47975 0.518109375 0.4887953125 0.5334796875000001 0.486559375 0.5450609375 0.49126875 0.55178125 0.4937421875 0.5700828125 0.5051765625 0.580859375 0.5211671875 0.59136875 0.5386484375 0.5941562499999999 0.563075 0.59208125 0.5747296875 0.593940625 0.5825734375 0.59220625