9 0.5283203125 0.840290625 0.5498046875 0.8114968749999999 0.6201171875 0.83505625 0.68359375 0.8101875 0.6708984375 0.78531875 0.646484375 0.786628125 0.671875 0.7735390625 0.685546875 0.721184375 0.6640625 0.5929156250000001 0.6748046875 0.5811359375 0.6884765625 0.5968421875 0.7333984375 0.5994609375 0.755859375 0.527471875 0.74609375 0.448940625 0.755859375 0.3259078125 0.716796875 0.25522812500000003 0.689453125 0.2369046875 0.6865234375 0.185859375 0.6396484375 0.1884765625 0.5615234375 0.1570640625 0.4833984375 0.151828125 0.4580078125 0.1963296875 0.4267578125 0.17800625 0.3896484375 0.17800625 0.3828125 0.21072656250000002 0.390625 0.23428749999999998 0.3818359375 0.2460671875 0.3603515625 0.21465312499999997 0.3310546875 0.2068 0.2880859375 0.22512500000000002 0.2578125 0.257846875 0.263671875 0.2918765625 0.283203125 0.3232890625 0.234375 0.33637812500000003 0.234375 0.47511875000000003 0.251953125 0.4855890625 0.2578125 0.5824453125 0.2734375 0.608621875 0.263671875 0.6688296874999999 0.2890625 0.6845359375 0.26953125 0.7107140625 0.2734375 0.8206578125 0.3076171875 0.8874109375 0.3447265625 0.8847921875000001 0.359375 0.82589375 0.384765625 0.8075703125 0.4033203125 0.7591421875 0.41796875 0.7813921875000001 0.412109375 0.8128046875000001 0.396484375 0.8311296875 0.40625 0.880865625 0.41796875 0.8913375 0.419921875 0.8416 0.4560546875 0.808878125 0.4716796875 0.840290625 0.5283203125 0.840290625
18 0.6572265625 0.3978953125 0.6337890625 0.4293078125 0.58984375 0.45155781250000004 0.59375 0.48820625 0.62890625 0.50653125 0.61328125 0.5431796875 0.6259765625 0.570665625 0.6728515625 0.5732828125 0.6982421875 0.5968421875 0.73046875 0.5981515625 0.75390625 0.5327078125 0.75390625 0.47511875000000003 0.7353515625 0.4031296875 0.6572265625 0.3978953125
10 0.35676874999999997 0.5207937499999999 0.338265625 0.5083921874999999 0.3251953125 0.4947515625 0.291015625 0.5379437499999999 0.287109375 0.5667390625000001 0.3330078125 0.617784375 0.353515625 0.6217109375 0.3701171875 0.617784375 0.384765625 0.5824453125 0.36328125 0.5484140625 0.35676874999999997 0.5207937499999999
18 0.40234375 0.7735390625 0.3466796875 0.696315625 0.2900390625 0.6832281250000001 0.271484375 0.7080953125 0.271484375 0.8075703125 0.302734375 0.8834843749999999 0.318359375 0.88871875 0.353515625 0.87563125 0.357421875 0.82589375 0.3759765625 0.81935 0.40234375 0.7735390625
31 0.638671875 0.6531234375 0.6240234375 0.64134375 0.5986328125 0.6465796874999999 0.484375 0.7813921875000001 0.517578125 0.784009375 0.5810546875 0.7748484375 0.6435546875 0.7329640625 0.650390625 0.7002421875 0.638671875 0.6531234375
28 0.7275390625 0.40051249999999994 0.7451171875 0.4214546875 0.755859375 0.3259078125 0.7099609375 0.24868437499999999 0.6904296875 0.24083125 0.689453125 0.3337609375 0.6806640625 0.3481578125 0.5751953125 0.345540625 0.568359375 0.3389953125 0.5703125 0.24737499999999998 0.5361328125 0.24868437499999999 0.5263718749999999 0.289296875 0.5027296875 0.27413906250000003 0.47600468749999997 0.2810296875 0.480115625 0.33752499999999996 0.513009375 0.3320140625 0.51953125 0.4149109375 0.5625 0.4620296875 0.6337890625 0.426690625 0.6533203125 0.392659375 0.6708984375 0.40574843749999995 0.7275390625 0.40051249999999994
29 0.4150390625 0.1806234375 0.3876953125 0.185859375 0.392578125 0.23166875 0.427734375 0.25261093749999997 0.44921875 0.23428749999999998 0.4609375 0.2133453125 0.45703125 0.20025624999999997 0.4150390625 0.1806234375
29 0.330078125 0.4934421875 0.36328125 0.511765625 0.365234375 0.55365 0.39453125 0.5824453125 0.41796875 0.5170015625 0.4140625 0.48297187499999994 0.3662109375 0.44763125 0.330078125 0.4934421875
18 0.3720703125 0.3088921875 0.39453125 0.31020156249999997 0.427734375 0.25522812500000003 0.3935546875 0.23559531250000001 0.361328125 0.2787875 0.3720703125 0.3088921875
18 0.3759765625 0.314128125 0.349609375 0.3494671875 0.36328125 0.37040937500000004 0.3759765625 0.314128125
18 0.35546875 0.409675 0.3271484375 0.361246875 0.33203125 0.44370468750000003 0.35546875 0.409675