9 0.16396875 0 0.1280140625 0.169625 0.12299374999999999 0.2938265625 0.137290625 0.3019046875 0.148703125 0.4215 0.1425453125 0.5955921875 0.1741609375 0.6666078125 0.17352499999999998 0.7351015624999999 0.2126125 0.8884546875 0.2716078125 0.9707156250000001 0.4657375 0.9741125 0.47416562500000003 0.9537078125 0.45135 0.9396078125 0.536365625 0.8902046875 0.5373875 0.87065 0.515084375 0.846771875 0.5918890625000001 0.7854828125 0.62214375 0.7135921875 0.702084375 0.6768234375 0.725421875 0.652765625 0.7345765625 0.5902921875 0.7200968750000001 0.5293625 0.668890625 0.4951921875 0.6706296875 0.46195 0.636865625 0.4319984375 0.7248125 0.4110296875 0.7752359375 0.37570156250000003 0.761959375 0.3480671875 0.6839859374999999 0.2909203125 0.5884546875 0.2598890625 0.5760875000000001 0.243034375 0.7024765625 0.2188234375 0.7434734375 0.16669375 0.9399546875 0.12511406249999998 0.9430109375000001 0.09482968750000001 0.9223296875000001 0.06804375 0.7525265625 0.10617499999999999 0.7054640625 0.1053515625 0.641675 0.08662031249999999 0.44184375 0.1359703125 0.48305781249999996 0.05155 0.469065625 0.037603125 0.47696249999999996 0 0.16396875 0
10 0.57005625 0.35840937500000003 0.59501875 0.3314453125 0.5961421875 0.309934375 0.5810500000000001 0.2607375 0.55691875 0.24367812500000002 0.5217234375 0.24110468749999997 0.474253125 0.248103125 0.46481562500000007 0.2596828125 0.46316875 0.31935156249999996 0.5012796875000001 0.3787375 0.51778125 0.4573171875 0.5633203124999999 0.45909374999999997 0.5709296875 0.4543328125 0.57005625 0.35840937500000003
10 0.2644140625 0.4607140625 0.2260625 0.49037968750000005 0.22423437499999999 0.4971984375 0.24096250000000002 0.5151078124999999 0.2710796875 0.5303140625 0.3036390625 0.52696875 0.3188578125 0.5174484374999999 0.3456359375 0.5120453125 0.4399640625 0.50978125 0.45345625 0.5051249999999999 0.46745937499999995 0.4906890625 0.501846875 0.4805265625 0.512 0.45525937499999997 0.51008125 0.435653125 0.4935578125 0.41383281250000004 0.46648281249999995 0.396721875 0.4460984375 0.3924515625 0.3813890625 0.39131875 0.289990625 0.42201562499999995 0.2927265625 0.425978125 0.2644140625 0.4607140625
10 0.614515625 0.52164375 0.5904734375 0.531009375 0.577071875 0.5620921875 0.5602296875 0.57451875 0.5854640625 0.6268296875 0.60551875 0.693728125 0.6363515625 0.695246875 0.6560328125 0.684825 0.65654375 0.6750484375 0.637534375 0.5318328125 0.6263828124999999 0.51989375 0.626996875 0.5081609375 0.609859375 0.49807499999999993 0.6335953125 0.49457500000000004 0.63310625 0.4475921875 0.6451796875 0.44193125 0.632403125 0.43289999999999995 0.574790625 0.43678437499999995 0.5670671875 0.47188125000000003 0.580753125 0.49169375000000004 0.5740515625 0.507234375 0.6047828125 0.5107078125 0.614515625 0.52164375
10 0.5474546874999999 0.5654874999999999 0.538040625 0.52030625 0.5338828125 0.5153390625000001 0.45720312500000004 0.5179125 0.4358984375 0.531240625 0.4336609375 0.54588125 0.4592921875 0.61875 0.48383281250000004 0.6279874999999999 0.5048203124999999 0.64890625 0.5121109374999999 0.6783921875 0.5077375 0.7057187500000001 0.5242609375 0.7275375000000001 0.52009375 0.750953125 0.5020359375 0.758465625 0.5017296875 0.7643328125 0.5277937500000001 0.7726171875000001 0.5314390625 0.7873609375 0.5723109375 0.7939484375 0.59209375 0.781571875 0.5936281250000001 0.7522390624999999 0.58055625 0.72069375 0.602884375 0.6878109375 0.5777640625 0.6051640625 0.5474546874999999 0.5654874999999999
10 0.26323124999999997 0.6241265625 0.241734375 0.6129859375 0.2348515625 0.5756765625 0.2162953125 0.5645875 0.1528125 0.5399890625 0.1469296875 0.5398859375 0.14378437500000002 0.5437453125 0.14244375 0.597546875 0.1558203125 0.6232265625 0.1544921875 0.6486484375 0.1700046875 0.6616421875 0.17872656250000002 0.6637515625 0.1995203125 0.6602 0.2207234375 0.648828125 0.2259921875 0.6606640625 0.23644062500000002 0.6579109375 0.230353125 0.66171875 0.23440781249999998 0.668640625 0.254996875 0.669 0.262196875 0.6720625 0.2562125 0.673915625 0.2575296875 0.6768734375000001 0.2692953125 0.6770796875 0.28907812499999996 0.6647031250000001 0.2957796875 0.6491625 0.26323124999999997 0.6241265625
13 0.200665625 0.8353984375 0.20796718749999998 0.8365046875000001 0.2458078125 0.8166156250000001 0.2582890625 0.8031328125 0.265603125 0.775859375 0.26470625000000003 0.736696875 0.256803125 0.71894375 0.2482859375 0.7129218749999999 0.2459578125 0.7011375 0.22466406249999998 0.6860859375 0.1928203125 0.6757421875 0.1781125 0.675484375 0.17354843749999999 0.6783406249999999 0.17131093749999998 0.69298125 0.1716046875 0.7154953125 0.1954984375 0.8216078124999999 0.200665625 0.8353984375
13 0.49747031249999996 0.7613218749999999 0.5111671875 0.752753125 0.5174593749999999 0.745034375 0.5183796875 0.727434375 0.51016875 0.715546875 0.4946546875 0.702553125 0.48593281250000003 0.70044375 0.44769531249999994 0.699775 0.42740156249999994 0.721928125 0.4254703125 0.730703125 0.42323281250000006 0.74534375 0.43144375 0.7572296875 0.45 0.7683203125 0.479515625 0.7668796875 0.49747031249999996 0.7613218749999999
10 0.3667078125 0.08083125 0.3774515625 0.10059218750000001 0.37044375 0.12199843749999999 0.37215937499999996 0.1455171875 0.3939640625 0.150790625 0.4204359375 0.15125468749999998 0.4373796875 0.136871875 0.46469375 0.0649296875 0.48315937499999995 0.04959375 0.4688609375 0.0415140625 0.4662265625 0.035596875 0.47008906250000004 0.0180484375 0.45680156250000004 0.0187953125 0.411146875 0.0473546875 0.36641406249999997 0.0583171875 0.3572828125 0.064028125 0.35545468750000003 0.070846875 0.3667078125 0.08083125
10 0.2678203125 0.564509375 0.2741125 0.556790625 0.27219375 0.537184375 0.21662499999999998 0.501959375 0.20506406250000003 0.49784218750000003 0.18416875 0.5033484374999999 0.17534375 0.50319375 0.1543453125 0.51065625 0.15474375 0.5312140624999999 0.17299375 0.5481703125 0.2250171875 0.566696875 0.23090000000000002 0.5668 0.2481390625 0.5749296875 0.2678203125 0.564509375
18 0.31772187500000004 0.567340625 0.28233437499999997 0.540296875 0.2764515625 0.54019375 0.274009375 0.5587453124999999 0.261528125 0.572228125 0.250978125 0.5769375 0.250671875 0.5828046875 0.27957343749999997 0.593096875 0.294178125 0.595309375 0.3107140625 0.5887484374999999 0.31426875 0.577065625 0.3173125 0.5751625 0.31772187500000004 0.567340625
10 0.6327484375 0.08842187500000001 0.60261875 0.1015953125 0.5344562500000001 0.1101890625 0.43869687500000004 0.1398296875 0.4203328125 0.153209375 0.38503750000000003 0.1525921875 0.3645265625 0.20703749999999999 0.36198281250000003 0.22754531249999999 0.40721562499999997 0.23518750000000002 0.43540156249999995 0.2591671875 0.4684734375 0.2460453125 0.5278109375 0.23729687500000002 0.5777125 0.24012812499999997 0.6430359375 0.22952656249999998 0.7102890625 0.21015156250000003 0.7227828125 0.1682890625 0.7790765625 0.1614453125 0.885284375 0.12905 0.8685562499999999 0.1111421875 0.8728265625 0.085771875 0.8657281250000001 0.0807546875 0.787925 0.1048375 0.7377171875 0.1078734375 0.696640625 0.10519843749999999 0.66804375 0.0890390625 0.6327484375 0.08842187500000001
18 0.6738890625 0.427753125 0.6982375000000001 0.41252187500000004 0.733840625 0.407271875 0.7656953125 0.38923593749999996 0.7721921875 0.3776046875 0.770375 0.35604375 0.70203125 0.3117875 0.686825 0.29292656250000004 0.6002203125000001 0.26009375 0.5809484375 0.26269375 0.601309375 0.323725 0.57451875 0.357509375 0.5697265625 0.4210375 0.573678125 0.42991406249999997 0.594165625 0.43223124999999996 0.6738890625 0.427753125
18 0.8724171875 0.09359375 0.87525625 0.0956015625 0.8748484375000001 0.1034234375 0.8776875000000001 0.1054296875 0.8826499999999999 0.12313281250000001 0.8896453125000001 0.13010468749999998 0.9251453125 0.1268125 0.9386374999999999 0.1221546875 0.9421921875000001 0.11047343750000001 0.939353125 0.10846562500000001 0.9375359375000001 0.0869046875 0.9320625 0.07897968749999999 0.93236875 0.0731125 0.925271875 0.0680953125 0.9105640625 0.0678375 0.8925078125000001 0.0753515625 0.8806406250000001 0.0771 0.874553125 0.08090937499999999 0.8724171875 0.09359375
29 0.3699734375 0 0.3794171875 0.006675 0.395634375 0.0343609375 0.3875140625 0.0488984375 0.40830781250000003 0.0453484375 0.47343906249999995 0.010278125 0.475528125 0 0.3699734375 0
31 0.139721875 0.311734375 0.1439796875 0.31474531250000004 0.18505625 0.3174203125 0.22268125 0.3298234375 0.2580796875 0.328484375 0.26721093749999997 0.3227734375 0.2879015625 0.321178125 0.2924671875 0.318321875 0.2931828125 0.3046328125 0.2794984375 0.2848203125 0.2609421875 0.27373125 0.22889374999999998 0.2672984375 0.20334218750000002 0.2492359375 0.1945171875 0.24908125 0.1624578125 0.2710296875 0.15788125 0.302265625 0.153315625 0.305121875 0.14155 0.30491562499999997 0.139721875 0.311734375
23 0.1421515625 0.32156406249999997 0.14345625 0.352903125 0.138584375 0.361625 0.1422296875 0.37636875000000003 0.15054375 0.38630156250000003 0.148703125 0.4215 0.1614796875 0.43053125000000003 0.193834375 0.431096875 0.20884687500000002 0.42548906249999996 0.2353203125 0.4259515625 0.253171875 0.42234999999999995 0.26230312499999997 0.41663750000000005 0.2919203125 0.413240625 0.3025734375 0.4065765625 0.3279453125 0.3717890625 0.3232890625 0.34822031249999996 0.2994625 0.3252953125 0.2879015625 0.321178125 0.25260625000000003 0.320559375 0.2410453125 0.31644375 0.14681875 0.31675156250000003 0.1421515625 0.32156406249999997
13 0.1489984375 0.4440140625 0.1502921875 0.503734375 0.15455000000000002 0.5067453125 0.163375 0.5068984375000001 0.21409375000000003 0.49408593749999996 0.23387656250000002 0.481709375 0.2462546875 0.47018281249999994 0.2675609375 0.456853125 0.27699843749999997 0.445275 0.281165625 0.4218609375 0.2620984375 0.42054843750000004 0.24414375000000002 0.42610625 0.205803125 0.4273921875 0.193834375 0.431096875 0.1761859375 0.4307890625 0.17314218750000002 0.4326921875 0.1584359375 0.43243593750000003 0.155596875 0.430428125 0.15103125 0.43328437500000005 0.1489984375 0.4440140625