10 0.0666146046875 0.2506158734375 0.040543703125000004 0.271463965625 0.027462934374999998 0.2681351984375 0.026262010937500004 0.319752775 0.037147215625 0.320892834375 0.045262135937499996 0.31126241875 0.055026810937500004 0.312285878125 0.060732460937499996 0.3181245203125 0.080260246875 0.3201714109375 0.08627154375 0.31556247656249997 0.09603621875 0.3165859375 0.109856790625 0.31279416250000003 0.1189868765625 0.301959175 0.12131972656250001 0.28910240468750004 0.1081073953125 0.271995846875 0.1017655578125 0.254300296875 0.0949699203125 0.252276975 0.078408009375 0.24923172968750001 0.0763792796875 0.2516393328125 0.0666146046875 0.2506158734375
10 0.23849109375 0.30138540625 0.2298928625 0.2939327796875 0.19301729843749998 0.28220679375 0.18261800156250002 0.2693264515625 0.1406714140625 0.26361870625 0.13473649999999998 0.2656169203125 0.125048246875 0.26198117656250003 0.113178421875 0.2659776046875 0.1100597046875 0.2722005265625 0.11670406250000001 0.2794484453125 0.11873279375000001 0.2770408421875 0.12233485468750001 0.2878994 0.1339005609375 0.2943521375 0.1452370046875 0.30864172968750003 0.172043771875 0.3297934234375 0.183684334375 0.33363385 0.19322130937499998 0.342494190625 0.2069670234375 0.341314728125 0.232125603125 0.3518125734375 0.23516946249999998 0.3482019640625 0.23849109375 0.30138540625
31 0.3670447171875 0.1917094140625 0.36554936875 0.1758309953125 0.359056253125 0.16336004375 0.34662825937499997 0.1528857421875 0.33006791406249997 0.149840525 0.3209378625 0.160673946875 0.3188327109375 0.16569383437500002 0.31822447187499997 0.18659216875 0.3286237703125 0.1994725109375 0.3422930265625 0.2009068953125 0.351904859375 0.20715492656249998 0.3675280265625 0.2087924578125 0.370646778125 0.20256797031249998 0.3670447171875 0.1917094140625
20 0.6218771984375 0.25248675 0.6173880296875 0.204851440625 0.610818528125 0.194991209375 0.605975165625 0.1931741328125 0.5913671625 0.1903320328125 0.58543225 0.192330246875 0.57419705 0.20818355624999998 0.57343753125 0.2343064890625 0.5714088015625001 0.2367140921875 0.5732846890625 0.2395310578125 0.573056990625 0.247367940625 0.568695409375 0.262632315625 0.5682384468749999 0.2783060515625 0.5699630578125 0.286347615625 0.5784084468749999 0.2990248125 0.5860679703125 0.3050681625 0.60762605 0.3047074765625 0.6155896921874999 0.300301659375 0.6247946375 0.2868543609375 0.62555568125 0.260733021875 0.6218771984375 0.25248675
20 0.71361181875 0.39835573125 0.711963628125 0.3877018828125 0.6837363703125 0.348059459375 0.6839640703125001 0.3402225765625 0.6389219859375 0.3734944796875 0.557286371875 0.452713971875 0.5281215015625 0.512543303125 0.5325843234375001 0.5274218312500001 0.54219771875 0.5336698875 0.5543700640625 0.5192258296875 0.57592658125 0.51886511875 0.6116873359375 0.5016512343749999 0.6489170546875 0.46756055312499994 0.6604563765625 0.4412580765625 0.68622319375 0.43085758749999997 0.7033153609375 0.41561675468750003 0.71361181875 0.39835573125
20 0.3876140140625 0.225308515625 0.37526240624999996 0.2122234921875 0.33440584218749997 0.202698865625 0.26204882343749997 0.1649824078125 0.2259591640625 0.1598887046875 0.214953225 0.16790516093750002 0.2147239609375 0.175742015625 0.2228667953125 0.19886840625 0.2402894296875 0.2059351890625 0.25139817343750004 0.2280616640625 0.2724228703125 0.245987003125 0.3077266625 0.2444468546875 0.329055478125 0.2519230265625 0.344753503125 0.2509482453125 0.3601489703125 0.2604226578125 0.37967671875 0.2624711140625 0.3827206140625 0.2588589390625 0.3876140140625 0.225308515625
25 0.24850715625 0.22644770468750003 0.24678254531250002 0.2184061421875 0.23833712031249998 0.20573050781250002 0.2199742140625 0.1972544203125 0.20521489843750002 0.19963848125 0.19210224375 0.2126747984375 0.183455503125 0.2405912640625 0.1830749625 0.2536527140625 0.186524184375 0.269735840625 0.1911398484375 0.2793898 0.20075168125 0.2856378296875 0.22606310000000002 0.29091110468750003 0.247315459375 0.301001125 0.26098631562499996 0.302433975 0.2649673546875 0.3002310515625 0.272145134375 0.28919138437499997 0.2727533734375 0.26829305 0.27095234218750003 0.262863771875 0.2596158984375 0.2485741796875 0.24850715625 0.22644770468750003
20 0.1398602953125 0.3251091109375 0.14594648593749998 0.3178862984375 0.1319466875 0.294147428125 0.1290556703125 0.29253346874999997 0.1261646171875 0.2909210734375 0.121092028125 0.2969392875 0.100424184375 0.334076778125 0.0982426109375 0.3417089515625 0.08178350625 0.3688066375 0.0833552734375 0.38207277031250003 0.09383099218749999 0.3923408265625 0.099689484375 0.39295489687499996 0.10156537343750001 0.3957718640625 0.10750028593750001 0.39377364843749996 0.1125728765625 0.3877554359375 0.12286936875000001 0.3704928453125 0.1376038640625 0.335353596875 0.1398602953125 0.3251091109375
23 0.19476734375 0.3457044828125 0.18819784374999998 0.33584425156250003 0.170775209375 0.32877747031250004 0.1602994890625 0.3185094140625 0.149597671875 0.3160767015625 0.142496315625 0.324504084375 0.12340027499999999 0.37490614375 0.107017590625 0.39939154375 0.10648420781250001 0.417677565625 0.118608115625 0.4385994703125 0.1283727546875 0.4396244953125 0.1314150859375 0.4360122921875 0.1307056046875 0.42676772500000004 0.12766174531250002 0.430378334375 0.127965865625 0.41992916718749995 0.12436380312499999 0.40907061093749997 0.1269259171875 0.388376984375 0.148153490625 0.365710253125 0.17947468125 0.366373 0.1909624015625 0.375437996875 0.1958837140625 0.37464438125 0.19476734375 0.3457044828125
18 0.11792436875000001 0.43941074375 0.12768904375 0.44043420156249996 0.128931871875 0.43139431562499997 0.1236051984375 0.4124941953125 0.1108730859375 0.41246905937499995 0.1078307546875 0.4160812625 0.10760149062499999 0.423918115625 0.11221872031249999 0.43357210312500005 0.11792436875000001 0.43941074375
25 0.23785759999999997 0.39040799375 0.234865340625 0.35865113125 0.2301732921875 0.3516078921875 0.20985804218749998 0.34292868906249996 0.1990798015625 0.34310826250000004 0.19588462812500002 0.351945034375 0.1993338484375 0.368028159375 0.201794325 0.41806950781249996 0.205319965625 0.43154034843750005 0.204863003125 0.4472140859375 0.2096578578125 0.48440025468750003 0.214273484375 0.4940557765625 0.21817966718749998 0.49446516718750005 0.2483844875 0.46618801875000004 0.2515796609375 0.45735124843749997 0.23785759999999997 0.39040799375
30 0.2619273234375 0.505600625 0.2552829296875 0.498354271875 0.2494244375 0.4977402015625 0.2409790484375 0.48506300468749997 0.23808799375 0.4834506078125 0.229109221875 0.48905943281250003 0.228349703125 0.5151823624999999 0.25581744375 0.58094771875 0.263324125 0.5922156375000001 0.2649723140625 0.602869484375 0.26966436250000003 0.6099127234374999 0.27552285468750004 0.6105267921875 0.27856675000000003 0.6069146203125 0.2809760203125 0.5914455625 0.285109903125 0.584018071875 0.2875176109375 0.5685489875 0.285641721875 0.5657320218749999 0.2858694203125 0.557895140625 0.2619273234375 0.505600625
25 0.2247239515625 0.5724480875 0.20565156562500003 0.55472743125 0.2040782328125 0.5414612703125 0.1874915390625 0.5056592734375001 0.17678971875 0.5032265609375 0.1668737671875 0.5074276984375 0.1597724109375 0.5158550796875 0.1575144171875 0.5260995390625001 0.1629175109375 0.5423873734375 0.176054984375 0.5621062453125 0.1940621703125 0.6163989734374999 0.21463146875 0.649998075 0.23583382656250002 0.6954540312499999 0.257365521875 0.6623381328125 0.2616506828125 0.6496860421874999 0.2467121765625 0.62453789375 0.2247239515625 0.5724480875
18 0.2241130171875 0.492466925 0.2161509375 0.49687277031250004 0.21138246718749998 0.49244181875 0.2030635359375 0.4417848359375 0.20017091874999998 0.44017241250000005 0.19712862343749998 0.44378304999999996 0.1908131703125 0.45884271718749997 0.1876443796875 0.500434703125 0.195074640625 0.51431490625 0.19852386093750002 0.5303980328125 0.2040782328125 0.5414612703125 0.20377411250000002 0.5519104375 0.2103436484375 0.5617691046875 0.22190779218749998 0.5682218156250001 0.235679853125 0.5997991328125 0.24044835937500003 0.604228521875 0.24176604531249998 0.5925763203125001 0.2275122 0.5439175515625 0.22999789375000002 0.5258362109375 0.228120440625 0.5230192171875 0.22873024531250002 0.5021209125 0.2241130171875 0.492466925
9 0.2172184015625 0.6620596375 0.2378625578125 0.693046428125 0.2602565765625 0.663950528125 0.271441740625 0.68346471875 0.2969044390625 0.6835133953125 0.3252081171875 0.720543534375 0.343391796875 0.701488975 0.3955864046875 0.7253016609375 0.4918828265625 0.7144331359375 0.5167873203125 0.7000126468750001 0.5252579625 0.6445655921875 0.5506954078125 0.7127385234375 0.5823971390625 0.7003398203125 0.6011654046875 0.72850964375 0.6406779375 0.7169296921874999 0.6692108796875 0.746122975 0.730813275 0.7158978546875 0.7694898671875 0.7330531203125 0.824472725 0.72833526875 0.8827534874999999 0.7449267046875 0.9392832921875 0.7207197984375 0.9557660875 0.6254978312499999 0.9369993843750001 0.597328034375 0.937250771875 0.5213668734375 0.9278666390625 0.5072819609375 0.9405723671875 0.47455188125000003 0.9430068921875 0.390958571875 0.9624070874999999 0.33010578125 0.9636235671875 0.2883091125 0.9460981296875 0.2510994015625 0.9056205046875 0.22851485781249997 0.640416671875 0.1876124234375 0.629890915625 0.2127118671875 0.603084146875 0.1915601734375 0.5834035203125 0.1947378515625 0.5687454453125 0.2272648140625 0.5278872812500001 0.217741725 0.47833124375 0.1706215640625 0.4560136453125 0.19710518125 0.4307022265625 0.1918319046875 0.40333725468750004 0.15621104531250002 0.3704691171875 0.1750373515625 0.332020221875 0.15004520625 0.315182175 0.1902028046875 0.2630639890625 0.1637778359375 0.22400685468749998 0.1596840234375 0.21292449531250002 0.170312765625 0.2180983265625 0.1944374546875 0.188044784375 0.21749000624999998 0.1802603671875 0.24942646875 0.1472894234375 0.23810984687499998 0.070597209375 0.24841297812500002 0.0273976734375 0.2709401796875 0.026272092187500002 0.319319434375 0.107828059375 0.315201765625 0.0815558046875 0.3766435203125 0.11031488281249999 0.3979998921875 0.1000183890625 0.4152624828125 0.1429316703125 0.455133184375 0.1543693171875 0.49956724531249996 0.16788733125 0.506224665625 0.1579213421875 0.5457933015624999 0.124799121875 0.539701275 0.1056002765625 0.5599604046875 0.10651533124999998 0.6294924 0.1516586203125 0.6263649640625 0.15566604374999998 0.6569172578125 0.18513612968749998 0.6875197921875 0.20481675781250003 0.684342115625 0.2172184015625 0.6620596375
18 0.2140232640625 0.67089484375 0.21455508281250002 0.6526087953124999 0.2005552859375 0.6288699249999999 0.18625140625 0.6155786562500001 0.1755479859375 0.61314748125 0.17351925625 0.6155550859375001 0.1617258515625 0.6169392296875 0.1546260953125 0.625365075 0.152140403125 0.6434464156249999 0.1540178546875 0.646263409375 0.15378859218750002 0.6541002640625 0.17169453437499999 0.6782500890625001 0.1774017484375 0.68408875625 0.19677669375 0.6913602187500001 0.2098893828125 0.6783223375 0.2140232640625 0.67089484375
18 0.337988703125 0.685201140625 0.31688915 0.669888115625 0.30517220156249997 0.6686584109375 0.2852374921875 0.6469177546875 0.2803926015625 0.6450990859375 0.2744592515625 0.647097328125 0.2634517125 0.6551153203125 0.2610424421875 0.670584375 0.26565810624999997 0.680238334375 0.2694878671875 0.683260009375 0.290969525 0.685511609375 0.29299825625000003 0.68310400625 0.2988567484375 0.6837180765624999 0.3069980171875 0.7068444406250001 0.3155198640625 0.716907790625 0.32911429999999997 0.7209529234375001 0.3380915078125 0.7153440718749999 0.342301809375 0.70530429375 0.34260593125 0.694855128125 0.337988703125 0.685201140625
25 0.39761513593750003 0.72289405625 0.4241166515625 0.6536154484375001 0.4248013125 0.630104828125 0.30631109375 0.5285961218749999 0.2983474859375 0.533000378125 0.27341770312499997 0.61554668125 0.2500338078125 0.5777213359375 0.24379633906249998 0.59016874375 0.24678859687500002 0.6219256078125001 0.2665704671875 0.6488908328125 0.27461053125 0.6418727296875 0.2882049671875 0.6459178640625 0.2937593390625 0.6569811015625 0.3361128140625 0.6823841749999999 0.37035140625 0.7174160984375 0.39761513593750003 0.72289405625
18 0.29213210625 0.4773250421875 0.2874400578125 0.47028180312499995 0.28173440781250003 0.4644431640625 0.274937171875 0.46242137968749997 0.26618766250000003 0.46019334843750004 0.26025275 0.4621915625 0.255180159375 0.46820977656249996 0.2545719203125 0.48910810937500004 0.2562965296875 0.4971496734375 0.273036065625 0.5277271015625 0.2821160796875 0.5522611796875 0.285007096875 0.553875140625 0.2926402734375 0.527161709375 0.290992084375 0.5165078609375 0.293020778125 0.514101821875 0.29347773906249996 0.49842808437499997 0.291753128125 0.490386521875 0.2938567171875 0.48536660468750004 0.29213210625 0.4773250421875
23 0.3522376265625 0.4312199125 0.3475471046875 0.424178265625 0.326216725 0.4167020671875 0.290128628125 0.41160839375 0.245213003125 0.40690050937500005 0.2499314359375 0.4466989640625 0.2564229890625 0.4591698875 0.28173440781250003 0.4644431640625 0.298778065625 0.48457142343750004 0.32581253125 0.49788623593750003 0.333624896875 0.49870501406249995 0.3397110875 0.491482203125 0.3454931578125 0.4947085578125 0.3514280703125 0.49271034374999995 0.36258685156250003 0.47946931875 0.36281455 0.47163243593750004 0.3533539953125 0.460159809375 0.3522376265625 0.4312199125
18 0.3891659203125 0.50845789375 0.3857167 0.49237476874999997 0.3791471609375 0.48251609999999995 0.36476685937500003 0.4718371171875 0.3540650046875 0.46940597031250003 0.34463083437500003 0.49068855781250004 0.33557720625 0.4989096953125 0.3063611671875 0.49322705781250004 0.2991833890625 0.504266725 0.29887926875000004 0.5147158921874999 0.3034185125 0.5269821359375 0.3360089140625 0.5513602109375 0.366494165625 0.5807581765625 0.3723526578125 0.581372246875 0.388253559375 0.5398053953125 0.3891659203125 0.50845789375
23 0.4412554609375 0.300368709375 0.42187895312499996 0.2930972203125 0.3989768046875 0.27235488750000003 0.31249356875 0.24887778124999999 0.290074765625 0.24521692968750003 0.27703853437500003 0.2556409609375 0.2739461640625 0.2946206640625 0.2767607609375 0.2988469078125 0.36590578749999997 0.331773265625 0.387387446875 0.334024865625 0.440266678125 0.3343284953125 0.459389140625 0.3166800890625 0.4412554609375 0.300368709375
23 0.557790675 0.30079323750000003 0.5562937640625 0.28491479218750004 0.5469860515625 0.268217596875 0.53993476875 0.2412759125 0.5272790390625001 0.238640059375 0.5134569421874999 0.24243024218749998 0.4962883546875 0.2602833578125 0.4958313921875 0.2759570953125 0.5046072859375 0.310940340625 0.5174406406250001 0.341108378125 0.51893755 0.356986825 0.527864759375 0.386743909375 0.5400650515625001 0.40505509218749997 0.5535815046875 0.411712484375 0.5576405296875 0.40689730468749996 0.5753672812499999 0.40351491875 0.5825450234375 0.392476815625 0.5848778734375 0.3796200453125 0.5811993890625 0.3713737734375 0.582188171875 0.3374139875 0.557790675 0.30079323750000003
23 0.510996465625 0.19238889374999998 0.49529844218749997 0.193363675 0.49075767187499997 0.181095840625 0.4831745703125 0.17244020625 0.47442506093750003 0.1702121765625 0.4613903546875 0.18063780000000002 0.459285203125 0.1856576890625 0.4588282421875 0.201331425 0.470089828125 0.2182333296875 0.4736903265625 0.22909185937499998 0.47330978437500004 0.2421533125 0.47691184687500005 0.25301186875 0.4910644875 0.27152616875 0.4962883546875 0.2602833578125 0.5085371578125 0.24322545 0.51766724375 0.2323904640625 0.526646015625 0.2267816390625 0.5268737140625 0.21894475781249997 0.5155372734375 0.2046551640625 0.510996465625 0.19238889374999998
23 0.47338620468750003 0.23954102812500003 0.47188929531249996 0.22366258125 0.459690565625 0.2053514234375 0.44726410000000005 0.194878715625 0.43265609843749997 0.19203661249999998 0.4276598921875 0.19544410625 0.4150305859375 0.22556190156249997 0.41269617187499996 0.23841864687499997 0.40645870312500004 0.2508660546875 0.40622944062500005 0.258702909375 0.40420070937499997 0.26111051406249997 0.4038965890625 0.27155968124999996 0.4162481609375 0.28464626875 0.43757697812499996 0.2921224375 0.4394544296875 0.29493943125 0.45459428593749995 0.27949391874999996 0.460909703125 0.2644358171875 0.46902462500000003 0.2548054015625 0.47338620468750003 0.23954102812500003
18 0.3842935140625 0.3730045421875 0.3940581890625 0.37402799999999997 0.42542941562500003 0.3393232484375 0.4255058359375 0.3367109640625 0.3855115578125 0.3312079 0.3834812640625 0.3336154765625 0.373718153125 0.33259204531250003 0.372322446875 0.3468580671875 0.380465315625 0.3699828953125 0.3842935140625 0.3730045421875
10 0.41450099375000005 0.445608453125 0.414956390625 0.42993468906250004 0.4083120328125 0.4226867703125 0.4034686703125 0.42086969375 0.3751898125 0.4165947421875 0.371208771875 0.418797665625 0.365755640625 0.43787733125 0.36545152187499996 0.44832649843750005 0.3634227921875 0.450734103125 0.36507098125000004 0.46138795000000005 0.383129765625 0.48031320468749994 0.3928928765625 0.4813366375 0.4067914328125 0.4749326046875 0.41389278906250004 0.466505221875 0.41637688125 0.44842541875 0.41450099375000005 0.445608453125
20 0.5250787359375 0.6170349453124999 0.5197536281249999 0.5981348546875 0.5074784765625 0.58243598125 0.4988037875 0.5775972031250001 0.48029116875 0.5743457390625 0.47435625625 0.5763439531250001 0.45921487031249997 0.591787875 0.4528245609375 0.6094598546875 0.45206347812500003 0.6355827578125 0.453789653125 0.6436243484374999 0.46778945 0.66736321875 0.48123100625 0.6766344875 0.49692903125 0.67565970625 0.5109024453125001 0.6666433609375 0.5180038015624999 0.6582159796875 0.5243956765625 0.640544028125 0.5250787359375 0.6170349453124999
18 0.44437800312500003 0.49590475156249997 0.4640058984375 0.42721507968749994 0.462357709375 0.41656123125000005 0.45852794843750005 0.4135395578125 0.44587225625000004 0.41090213750000004 0.4378321921875 0.417920240625 0.43057955625 0.43157221874999996 0.42989489687500004 0.4550828375 0.421475890625 0.47516085625000004 0.3927415984375 0.48656123593749995 0.3896228828125 0.49278415625000005 0.3903587109375 0.53478550625 0.3837391375 0.5602943406249999 0.377576525 0.5701294359375 0.377195984375 0.5831908875 0.3799357609375 0.5900278812499999 0.3914250453125 0.5990929031250001 0.4043832921875 0.5912811296875 0.4131080171875 0.56075240625 0.42543324218749995 0.5410822140625 0.44437800312500003 0.49590475156249997
18 0.45543784218749994 0.654278196875 0.4502640109375 0.6301535078125 0.449679459375 0.5829275609375 0.4437698 0.516801521875 0.43892487343750003 0.51498441875 0.4338522828125 0.5210026328125 0.425356821875 0.5436945 0.4109264453125 0.56838458125 0.406337165625 0.5914858375 0.40025097499999995 0.5987086500000001 0.40096045625 0.60795321875 0.42667720156250005 0.6329217953125 0.4219350796875 0.6612476218750001 0.4135924578125 0.67871491875 0.4162542484375 0.68816416875 0.44374724062500004 0.685805271875 0.4566306328125 0.6806058078125 0.45543784218749994 0.654278196875
23 0.5254554890625001 0.40221296406249996 0.5199775375 0.38853744218749997 0.52223553125 0.3782929828125 0.5168324359375001 0.3620051484375 0.5040254296875 0.36459389062500003 0.46281310781249996 0.40088746718749996 0.460556678125 0.41113195312500006 0.46423359687500004 0.419378196875 0.4637017796875 0.43766424531250003 0.45918735625 0.45815319218750006 0.48011084843749996 0.44593406093750004 0.4955047515625 0.4554084453125 0.502074253125 0.465268678125 0.50544705 0.4839640890625 0.5026588015625 0.512494625 0.495404640625 0.5261450109375 0.47448271249999996 0.53836416875 0.47349396875 0.572322390625 0.476308565625 0.576548634375 0.499818953125 0.5763926328125 0.513260546875 0.5856623359375 0.5184844156249999 0.5744195265625 0.5131577421875 0.55551940625 0.5172916234375 0.5480919140625 0.515871134375 0.5296011843749999 0.522263009375 0.51192923125 0.5303267625 0.43678684843750004 0.5254554890625001 0.40221296406249996
23 0.7957873734375001 0.6034871140625 0.8062351453125001 0.5809999265625 0.8050423546875001 0.5546723140625 0.776054015625 0.5411527953124999 0.7652757375 0.5413339328125 0.756222109375 0.5495550687499999 0.7515564078125 0.5752686109375 0.727437778125 0.596322946875 0.715036134375 0.6186054249999999 0.7125504421875 0.6366867671875001 0.6863282625 0.6627594546875 0.679785109375 0.685656003125 0.6595726640625 0.7071197296875 0.6531823515624999 0.724791709375 0.66155135625 0.7400796281249999 0.67319191875 0.7439200515625 0.6852894078125 0.73208830625 0.7030161609375 0.7287059203124999 0.7957873734375001 0.6034871140625
23 0.67306429375 0.681021934375 0.7126268640625 0.63407448125 0.7134643656249999 0.6053392921875 0.7000212078125 0.5960695609375 0.644430146875 0.6216841828125 0.6474988265625 0.6508287609375001 0.67306429375 0.681021934375
23 0.72251803125 0.597116590625 0.751631265625 0.5726562984375 0.7522410703125 0.5517579921875 0.71919370625 0.543053653125 0.6295416796875 0.56116853125 0.60996385625 0.5944891390625 0.6356806015625 0.6194577171875 0.697130190625 0.5944556015625 0.72251803125 0.597116590625
18 0.5762345265625 0.710174915625 0.582523596875 0.662360034375 0.5753974562499999 0.6380306640625 0.5325105609375 0.6309151765625 0.54405105 0.705490603125 0.5762345265625 0.710174915625
18 0.5663422640625 0.646251771875 0.5753210359375001 0.6406429484375 0.5786426671875 0.5938263921875 0.5424502015625 0.5585897578125001 0.5286296312500001 0.5623815343749999 0.5180290171874999 0.590093290625 0.5351739156249999 0.6403644546875 0.5663422640625 0.646251771875
10 0.621149021875 0.6140033296875 0.609811015625 0.599713709375 0.6246983515625 0.5593498921875 0.61855939375 0.501062271875 0.5562475171875 0.5220428234375001 0.545012315625 0.5378961328125 0.552925921875 0.568857815625 0.5826237062499999 0.59162346875 0.578516209375 0.6318061765625 0.621149021875 0.6140033296875
18 0.5795297734375 0.6306031437499999 0.5854146515624999 0.6639724296875 0.6285792812500001 0.627883534375 0.6191187265625 0.6164109078125 0.5795297734375 0.6306031437499999
18 0.5426794640625 0.550752903125 0.5281963578125 0.5099309890625 0.5596940781249999 0.4372448890625 0.527864759375 0.386743909375 0.529718521875 0.45768518125 0.51549215625 0.5426626625 0.52566219375 0.563379859375 0.5426794640625 0.550752903125
18 0.54843405625 0.4203430109375 0.564615390625 0.4364512734375 0.5845237171875 0.4254367125 0.58239218125 0.3977013859375 0.54975330625 0.4086908375 0.54843405625 0.4203430109375
20 0.676076846875 0.3420161109375 0.6679355796875 0.318889746875 0.6268497140625 0.3172035375 0.6204330546875 0.30211873749999996 0.584977984375 0.3088834796875 0.597962615625 0.33382692187499996 0.5816563515625 0.3557000375 0.58059115 0.3922721078125 0.590686328125 0.415601615625 0.676076846875 0.3420161109375
18 0.45406738906250005 0.600419965625 0.4734175484375 0.5749346765625 0.47628218125000005 0.5437934203125 0.45330521093750004 0.5256618359375 0.4468384796875 0.5459461 0.45406738906250005 0.600419965625
23 0.5100352 0.3599833640625 0.5151078250000001 0.35396358437500003 0.51548833125 0.340903696875 0.500930365625 0.302694096875 0.49218085624999997 0.3004660671875 0.46828992812500003 0.313683521875 0.44214256875 0.3371454625 0.4303491640625 0.33852960468750004 0.42035839062499997 0.34534149062499997 0.3950733171875 0.3728249953125 0.3836852734375 0.393902875 0.37891833125 0.38947351406249997 0.3810234828125 0.384453625 0.37820732343749996 0.3802273515625 0.37237521406249996 0.412368496875 0.3751898125 0.4165947421875 0.40643614531249994 0.419869803125 0.41409410312499995 0.425913125 0.4298701125 0.42232608593750004 0.5100352 0.3599833640625
18 0.48616952343750003 0.30507656562499996 0.49139339218750006 0.2938337546875 0.49192677500000004 0.2755477328125 0.48441852812499997 0.2642797859375 0.479575203125 0.262461146875 0.4734125890625 0.27229624218750004 0.4535042640625 0.2833108015625 0.448431675 0.289329015625 0.44812755312499997 0.2997781828125 0.460479125 0.3128647703125 0.4663376171875 0.31347884062500003 0.48616952343750003 0.30507656562499996
18 0.722895878125 0.48317564375 0.7278683578125 0.5478939953124999 0.750591315625 0.5411041156249999 0.7428806265625 0.4695487984375 0.722895878125 0.48317564375
10 0.639382775 0.55957970625 0.7183313828125 0.539033653125 0.722895878125 0.48317564375 0.7035193703125 0.4759041546875 0.6887600546875 0.478288215625 0.6783107562499999 0.5007738093749999 0.6665937734375 0.49954566875 0.653683996875 0.47198991562500003 0.6397870046875 0.478393975 0.620511703125 0.501266953125 0.6268783609375 0.551717690625 0.639382775 0.55957970625
18 0.753912946875 0.494287559375 0.7547251968750001 0.533676625 0.8063616031249999 0.543020140625 0.781633603125 0.48409334375 0.753912946875 0.494287559375
20 0.69296879375 0.468248409375 0.7239858640625 0.47936032500000003 0.764894065625 0.453515915625 0.7331411671875 0.40040265 0.719395453125 0.40158211406250005 0.7141199859375 0.44819239843750003 0.69296879375 0.468248409375
23 0.9377066031249999 0.40481366875 0.9517300531249999 0.360429821875 0.938110796875 0.3236295 0.919747890625 0.3151534125 0.9011588500000001 0.314514234375 0.8853343312499999 0.3534703640625 0.9043551187500001 0.4065584953125 0.9377066031249999 0.40481366875
18 0.8207144265625 0.42006287656249996 0.8589604046874999 0.48564865625 0.8596187171875 0.42938125781250003 0.8483571328125 0.412479353125 0.8207144265625 0.42006287656249996
23 0.9088733687499999 0.5878285140624999 0.9326878390625 0.577224909375 0.9361107125 0.56055125625 0.8907870671874999 0.4352685765625 0.8629915171875 0.44807666875 0.8638037671875001 0.4874657328125 0.8964453390625 0.577355778125 0.9088733687499999 0.5878285140624999
20 0.9109295765625 0.7190571609374999 0.934210703125 0.7267380109375 0.9555383890625 0.6333347140625001 0.9483358265625 0.6116176296875 0.9376324078125 0.6091864546875 0.9203110156250001 0.632262575 0.9096603640625001 0.6953418328125001 0.8946470015625 0.6728059953125001 0.8254862890625001 0.727132234375 0.8984515109375 0.7439519234375 0.9109295765625 0.7190571609374999
18 0.8642343453124999 0.43903678125 0.9030373968750001 0.418212259375 0.8953515265625 0.37941213125 0.8440208046875 0.359619475 0.7911415359375 0.359317409375 0.818051071875 0.4106135984375 0.8571082062500001 0.41470740937499995 0.8642343453124999 0.43903678125
18 0.9078582031250001 0.5890330859375 0.9214026015625001 0.628445721875 0.9364660015625 0.6156140578125 0.9316727109375 0.5784279156250001 0.9078582031250001 0.5890330859375
19 0.82244399375 0.730742871875 0.9135401625 0.66299600625 0.9184351265625 0.629445609375 0.9016955890625 0.5988681828125 0.8478791765624999 0.5971568656249999 0.8137681734375001 0.6250246265625 0.7864280234375001 0.622158953125 0.7386741125 0.68134910625 0.7317504546875 0.7173055421875 0.7733944859374999 0.73346248125 0.82244399375 0.730742871875
8 0.60762605 0.3047074765625 0.6247946375 0.2868543609375 0.6173880296875 0.204851440625 0.605975165625 0.1931741328125 0.58543225 0.192330246875 0.57419705 0.20818355624999998 0.5682384468749999 0.2783060515625 0.5860679703125 0.3050681625 0.60762605 0.3047074765625