9 0.97265625 0.35739375 0.9501953125 0.3271671875 0.9189453125 0.3413921875 0.9052734375 0.3093859375 0.8896484375 0.3093859375 0.8720703125 0.2596 0.8271484375 0.2596 0.861328125 0.225815625 0.8544921875 0.1884765625 0.7529296875 0.2169265625 0.755859375 0.1831421875 0.78125 0.14758125 0.7666015625 0.11379687499999999 0.7158203125 0.124465625 0.6357421875 0.2133703125 0.5888671875 0.25248750000000003 0.5634765625 0.25248750000000003 0.5458984375 0.2809375 0.5322265625 0.22759374999999998 0.5087890625 0.22403749999999997 0.4658203125 0.3413921875 0.439453125 0.34317031249999996 0.421875 0.42851718749999995 0.4423828125 0.45163281250000004 0.5908203125 0.4658578125 0.6314015625 0.4675453125 0.6494140625 0.4694140625 0.6998546875 0.47462968749999995 0.8033109375 0.47887812500000004 0.8320921875 0.46612968749999995 0.8437609374999999 0.4902109375 0.856984375 0.483128125 0.8642578125 0.45163281250000004 0.9287109375 0.43740781249999994 0.9755859375 0.40540312500000003 0.97265625 0.35739375
23 0.537109375 0.3965125 0.53515625 0.3894 0.544921875 0.35028125 0.546875 0.32894531250000003 0.552734375 0.3147203125 0.546875 0.2898265625 0.53515625 0.268490625 0.53515625 0.232928125 0.5283203125 0.22403749999999997 0.5087890625 0.22403749999999997 0.50390625 0.232928125 0.501953125 0.261378125 0.4873046875 0.273825 0.474609375 0.3004953125 0.46875 0.3218328125 0.46875 0.375175 0.47265625 0.38584375 0.466796875 0.40718125 0.4649375 0.446296875 0.4789390625 0.4519640625 0.5048828125 0.45874531249999995 0.51171875 0.4569671875 0.5185546875 0.4551890625 0.525390625 0.4320734375 0.53515625 0.41429218749999996 0.537109375 0.3965125
23 0.611328125 0.35028125 0.611328125 0.33250156249999996 0.62109375 0.3111640625 0.619140625 0.3004953125 0.6083984375 0.2880484375 0.6005859375 0.2880484375 0.5888671875 0.3022734375 0.5654296875 0.3058296875 0.552734375 0.32894531250000003 0.5390625 0.37873125 0.5390625 0.403625 0.5466140625 0.4562125 0.5693359375 0.45874531249999995 0.5810546875 0.4623015625 0.6171875 0.4605234375 0.637625 0.46612968749999995 0.63671875 0.4320734375 0.625 0.375175 0.611328125 0.35028125
23 0.6650390625 0.27738125 0.6796875 0.254265625 0.685075 0.239471875 0.6811859375 0.2281390625 0.6881859375 0.22105625 0.6990765624999999 0.202640625 0.7080078125 0.19558906250000002 0.7470703125 0.2133703125 0.75390625 0.1831421875 0.779296875 0.15469375000000002 0.779296875 0.1369125 0.7666015625 0.11379687499999999 0.7470703125 0.131578125 0.7294921875 0.12090937500000001 0.7138671875 0.124465625 0.6845703125 0.1671390625 0.6572265625 0.18492031250000002 0.6337890625 0.2169265625 0.5947265625 0.24537499999999998 0.5645046875 0.2678046875 0.5551703125 0.2862203125 0.5590609375 0.30038593750000003 0.5738390625 0.30038593750000003 0.590175 0.2989703125 0.6026203125 0.2862203125 0.6174000000000001 0.2961375 0.6244015625 0.3046359375 0.6650390625 0.27738125
10 0.7099671875 0.38963281250000004 0.6982984375 0.3868 0.6767578125 0.366284375 0.6435546875 0.3378359375 0.6376953125 0.3378359375 0.6240234375 0.3164984375 0.61328125 0.33250156249999996 0.61328125 0.35028125 0.62109375 0.36095 0.626953125 0.37873125 0.630859375 0.40718125 0.638671875 0.42851718749999995 0.640625 0.4534109375 0.6474609375 0.4694140625 0.7068546875 0.4717953125 0.731746875 0.47462968749999995 0.7348578125 0.43638125 0.7115218750000001 0.4037984375 0.7099671875 0.38963281250000004
10 0.7705078125 0.39117812500000004 0.78515625 0.36450625 0.7890625 0.35028125 0.7890625 0.32894531250000003 0.7802734375 0.3058296875 0.7646484375 0.2916046875 0.7392578125 0.2916046875 0.70703125 0.346725 0.703125 0.3680625 0.70703125 0.40006875 0.7236328125 0.4267390625 0.73046875 0.4249609375 0.7412109375 0.4231828125 0.7490234375 0.41607031250000004 0.7568359375 0.40184687500000005 0.7705078125 0.39117812500000004
10 0.8740234375 0.39473437499999997 0.880859375 0.37873125 0.861328125 0.3218328125 0.8447265625 0.2916046875 0.8388671875 0.2916046875 0.8271484375 0.3093859375 0.8056640625 0.3271671875 0.7744140625 0.39117812500000004 0.7568359375 0.40184687500000005 0.7265625 0.4605234375 0.7353515625 0.47296875 0.7822265625 0.47296875 0.7900390625 0.4658578125 0.7958984375 0.47296875 0.81640625 0.47119218749999997 0.8330078125 0.45874531249999995 0.859375 0.4178484375 0.8623046875 0.40184687500000005 0.8740234375 0.39473437499999997
10 0.861328125 0.19736718749999999 0.8564453125 0.1884765625 0.8505859375 0.18492031250000002 0.8193359375 0.20270156250000002 0.8076171875 0.20270156250000002 0.7958984375 0.2098140625 0.7822265625 0.2098140625 0.7802734375 0.2133703125 0.751953125 0.21514843749999998 0.7548828125 0.22403749999999997 0.7646484375 0.22759374999999998 0.7685546875 0.23470624999999998 0.8115234375 0.26315625 0.814453125 0.261378125 0.8212890625 0.25248750000000003 0.8583984375 0.23115000000000002 0.86328125 0.222259375 0.861328125 0.19736718749999999
10 0.8779296875 0.2667125 0.8642578125 0.25604375 0.8525390625 0.25604375 0.8505859375 0.2596 0.8427734375 0.2596 0.8369140625 0.2667125 0.8291015625 0.2596 0.8173828125 0.2596 0.8125 0.268490625 0.8046875 0.3040515625 0.8056640625 0.3236109375 0.8115234375 0.3236109375 0.8212890625 0.31294218749999997 0.8251953125 0.31294218749999997 0.8388671875 0.2916046875 0.8447265625 0.2916046875 0.849609375 0.3040515625 0.857421875 0.3147203125 0.8662109375 0.3378359375 0.876953125 0.3360578125 0.8818359375 0.3342796875 0.88671875 0.3253890625 0.88671875 0.2933828125 0.8779296875 0.2667125
23 0.6884765625 0.3200546875 0.69140625 0.3147203125 0.69140625 0.3076078125 0.6787109375 0.2880484375 0.6689453125 0.2809375 0.6572265625 0.2809375 0.625 0.3076078125 0.6376953125 0.3342796875 0.6416015625 0.3342796875 0.6474609375 0.3413921875 0.65234375 0.33961406250000004 0.654296875 0.32894531250000003 0.6630859375 0.3164984375 0.6865234375 0.3164984375 0.6884765625 0.3200546875
18 0.6630859375 0.3164984375 0.65234375 0.33250156249999996 0.65234375 0.34317031249999996 0.6572265625 0.352059375 0.6630859375 0.352059375 0.6826171875 0.37339687499999996 0.6943359375 0.376953125 0.7001953125 0.38406562499999997 0.703125 0.3822875 0.705078125 0.33961406250000004 0.6962890625 0.3236109375 0.6865234375 0.3164984375 0.6630859375 0.3164984375
28 0.7060546875 0.1991453125 0.6884765625 0.22403749999999997 0.66015625 0.2187046875 0.6611328125 0.22759374999999998 0.681640625 0.240040625 0.681640625 0.250709375 0.669921875 0.268490625 0.6806640625 0.2880484375 0.7060546875 0.3093859375 0.7236328125 0.3058296875 0.7314453125 0.2880484375 0.7646484375 0.2916046875 0.7900390625 0.3236109375 0.80078125 0.3253890625 0.810546875 0.279159375 0.8076171875 0.2596 0.7158203125 0.19558906250000002 0.7060546875 0.1991453125
31 0.91015625 0.35739375 0.8994140625 0.3378359375 0.8935546875 0.3342796875 0.8798828125 0.3342796875 0.8701171875 0.3413921875 0.869140625 0.346725 0.87890625 0.3680625 0.880859375 0.3822875 0.8642578125 0.40540312500000003 0.861328125 0.4178484375 0.8662109375 0.4302953125 0.8759765625 0.4409640625 0.892578125 0.4391859375 0.8994140625 0.4338515625 0.908203125 0.4107359375 0.91015625 0.40006875 0.91015625 0.35739375
31 0.9052734375 0.3093859375 0.8916015625 0.3093859375 0.88671875 0.3218328125 0.88671875 0.32894531250000003 0.8935546875 0.3378359375 0.8974609375 0.3378359375 0.9091796875 0.355615625 0.912109375 0.35383749999999997 0.9140625 0.346725 0.9140625 0.32894531250000003 0.912109375 0.3218328125 0.9052734375 0.3093859375
28 0.466796875 0.42851718749999995 0.466796875 0.40006875 0.46875 0.3965125 0.46875 0.3822875 0.46484375 0.3680625 0.466796875 0.36450625 0.466796875 0.346725 0.46484375 0.33961406250000004 0.4599609375 0.3342796875 0.4501953125 0.3342796875 0.4462890625 0.3307234375 0.439453125 0.33961406250000004 0.43359375 0.37161875 0.43359375 0.38584375 0.42578125 0.4107359375 0.42578125 0.42140468750000004 0.4306640625 0.4302953125 0.4365234375 0.4338515625 0.4404296875 0.4445203125 0.4482421875 0.45163281250000004 0.46484375 0.44985468749999996 0.466796875 0.4462984375 0.466796875 0.4356296875 0.46484375 0.4320734375 0.466796875 0.42851718749999995
11 0.97265625 0.40006875 0.97265625 0.3894 0.974609375 0.38584375 0.97265625 0.35739375 0.9638671875 0.3378359375 0.9521484375 0.3271671875 0.9306640625 0.3271671875 0.919921875 0.33961406250000004 0.9140625 0.35739375 0.9140625 0.375175 0.91015625 0.38584375 0.908203125 0.4178484375 0.9130859375 0.4338515625 0.927734375 0.4320734375 0.9443359375 0.4231828125 0.9482421875 0.4125140625 0.9599609375 0.4125140625 0.97265625 0.40006875