9 0.7576839984375 0.73141533125 0.7232638515625001 0.7066746890625 0.72839258125 0.6789478546875001 0.711285675 0.6694989859375 0.6790338734375 0.66314648125 0.67638616875 0.6311247468750001 0.5939041890625 0.6275885296875 0.548339246875 0.6329818015625001 0.5465788765624999 0.626279825 0.5358960125000001 0.6261100359375 0.5177938609375 0.6753211343750001 0.50306006875 0.690103421875 0.5011107953125 0.7214958421875 0.477659278125 0.7486533375 0.47955616250000005 0.7592506609375 0.4919978328125 0.76612254375 0.7416009406249999 0.7511815640624999 0.7521457296875 0.747456125 0.7576839984375 0.73141533125
9 0.549840340625 1 0.8836499546875001 0.9747952359375001 0.8858055609375001 0.94924571875 0.9511854078124999 0.9430739687499999 0.9581440015625 0.8102960937500001 0.7407422109375 0.8137368796875 0.70519030625 0.8437608578125 0.6830070609375001 0.82004908125 0.6432534140625 0.8171922546875001 0.570852728125 0.8402344140625001 0.551726728125 0.8602304109375 0.55890315625 0.89093378125 0.6218495953125001 0.9027799546875 0.6549204765625001 0.9325045421875 0.5793958531250001 0.9098911375000001 0.5612095796875 0.913217146875 0.4856453046875 0.9765311390625 0.4802568375 1 0.549840340625 1
23 0.2692699625 0.0682051171875 0.30645846250000003 0.08492542187499999 0.33701815156250003 0.0865236234375 0.45101541093749997 0.11892547499999999 0.46622699843750004 0.117776903125 0.485626025 0.1055716015625 0.5056933171875 0.0689055 0.5021043203125 0.053553873437499996 0.4818862140625 0.042387092187499996 0.37106840937499996 0.013650826562500001 0.22808136406249999 0.024447264062499998 0.22903695625 0.0517146953125 0.2354625609375 0.06099365624999999 0.2692699625 0.0682051171875
10 0.1510836984375 0.0468601140625 0.13635147187500002 0.061642282812500004 0.1253416265625 0.0956716625 0.1108808625 0.11824464374999999 0.104539378125 0.15485077187500002 0.1077172703125 0.1585164734375 0.13226089375 0.16252175625 0.1778258359375 0.157128484375 0.2048647859375 0.14532273281250002 0.2212224328125 0.133347075 0.22932584843749998 0.1034428046875 0.22199704062499998 0.0249066703125 0.1535805890625 0.031048965625 0.1510836984375 0.0468601140625
28 0.372125684375 0.348480884375 0.37475908593749996 0.3365650828125 0.3075950390625 0.2479006859375 0.27351617500000003 0.23289841249999998 0.2506503640625 0.1897098984375 0.207907728125 0.145092971875 0.17789409375 0.15907615625 0.1065029546875 0.16739588593750002 0.09272631875000001 0.209445484375 0.0968598046875 0.24037861718750003 0.082330784375 0.26100392656250004 0.0553600921875 0.27475735 0.051377421874999996 0.2916570984375 0.087899221875 0.332838084375 0.13660396875 0.41703779374999994 0.15986501875 0.4279748125 0.2907501125 0.42004497812499997 0.372125684375 0.348480884375
13 0.253540928125 0.141647371875 0.27794803749999997 0.14175730625 0.2949866859375 0.149258503125 0.3060108359375 0.15916665937500002 0.3182477375 0.160195521875 0.33981667187500003 0.1663782390625 0.34590099375 0.165918834375 0.353336146875 0.16047536406250001 0.3529266078125 0.148789321875 0.349748715625 0.14512361875 0.3062013015625 0.12107214531249999 0.2669778421875 0.0898592875 0.25636479843750004 0.0916370546875 0.2565013109375 0.09553240156250001 0.241972290625 0.116157709375 0.2329815375 0.12074222500000001 0.23311805156249998 0.1246375703125 0.22433206874999997 0.1350651046875 0.2260924390625 0.1417670828125 0.23853410937500003 0.148638965625 0.253540928125 0.141647371875
23 0.34885033125 0.2936063296875 0.3619761328125 0.31995483125 0.37258917812500003 0.3181770640625 0.379819559375 0.3068905734375 0.3761623078125 0.289591275 0.3667635796875 0.282489628125 0.37472891875 0.2486901296875 0.35302503281250003 0.2386119484375 0.3457105265625 0.20401334843750002 0.30547908437500004 0.18752280625 0.3045917484375 0.16220305 0.2872102515625 0.1449636046875 0.25367744062500003 0.14554272031249998 0.241645309375 0.15035687656250002 0.23928493281250002 0.1700633734375 0.2857530765625 0.23392727500000002 0.3042790703125 0.240339753125 0.32687185625000004 0.27573757187500003 0.34885033125 0.2936063296875
23 0.26955262812499997 0.51147558125 0.300042496875 0.511126228125 0.3194430875 0.49892080937500005 0.33701348750000004 0.4780658578125 0.33862304062500004 0.4369349515625 0.347339203125 0.42455986250000005 0.34983609375 0.4087487125 0.3488122453125 0.3795336078125 0.341172321875 0.3791340578125 0.287845246875 0.42416996874999996 0.138773878125 0.4354258125 0.12884339843749998 0.4566803140625 0.130806975 0.469225428125 0.14642810312500001 0.47976289687499996 0.18936120625 0.4862853109375 0.198761496875 0.49338683593750005 0.2264830125 0.501057821875 0.26955262812499997 0.51147558125
13 0 0.380265128125 0.008882464062500001 0.384695796875 0.12375275781249999 0.39847986875 0.08485627968750001 0.3330678453125 0.069508178125 0.330321071875 0.07525278125 0.32012318125 0.0674080890625 0.313880609375 0.066330284375 0.3266553671875 0.0570665078125 0.32344918749999996 0.02845765625 0.290458446875 0.048675762500000004 0.301625228125 0.0493440265625 0.277164428125 0.08503244374999999 0.251035796875 0.107771225 0.1165266125 0.1489836109375 0.0304196515625 0.047237553125 0.0429842 0.0452882796875 0.0743766203125 0.0246749359375 0.09546133125 0 0.1565518296875 0 0.380265128125
23 0.8104998531250001 0.3671307515625 0.81665243125 0.36861901874999997 0.8318640187499999 0.36747044687499997 0.837880084375 0.36506336875 0.8452469812500001 0.357672225 0.844837440625 0.345986184375 0.8309084265625 0.34020301875 0.8187397828125 0.341121828125 0.8107585765625 0.3309839109375 0.7906754203124999 0.32371259375 0.78154971875 0.3244016421875 0.77843851875 0.32268373125 0.7419310218749999 0.32544028125 0.7344291765625 0.328935959375 0.7349752296875 0.344517346875 0.7380848656250001 0.346235378125 0.7374848578125001 0.3726438515625 0.77426538125 0.3776779953125 0.7955612921874999 0.3760700171875 0.8104998531250001 0.3671307515625
13 0.637134103125 0.512036821875 0.7031917421875 0.5256009078125 0.7388658578125 0.4555347390625 0.739518253125 0.387136521875 0.704415540625 0.3429191453125 0.6744415578125 0.270974934375 0.6507027109375 0.24640420000000002 0.6385340671875 0.24732301093750003 0.6075791421875001 0.27797630156249997 0.5598585921875 0.3089190921875 0.54594544375 0.34707334375 0.5282369671875 0.36403306562500004 0.5302703625 0.3785257359375 0.551034521875 0.40527390625 0.58193549375 0.416610475 0.600871028125 0.43470899531249996 0.6459883421875 0.5035569609375 0.637134103125 0.512036821875
31 0.41740967968750003 0.5090991500000001 0.395158178125 0.4834396984375 0.3658810640625 0.4749097578125 0.34458515312500004 0.47651773437499995 0.3372865140625 0.485856553125 0.3282957625 0.49044106562499995 0.322484465625 0.49869116562500004 0.2986932296875 0.516110175 0.3003155234375 0.5189169234375 0.3127587578125 0.5257886875 0.34974248750000003 0.536665971875 0.36799701875 0.5352876359375001 0.38604521406250003 0.5280663999999999 0.413493703125 0.5279466921875 0.4178874765625 0.522732865625 0.41740967968750003 0.5090991500000001
33 0.735662615625 0.5817339687499999 0.7626333078124999 0.56798054375 0.781827565625 0.549932221875 0.77160819375 0.5194586125 0.7892484140625 0.5005512171875 0.7888388749999999 0.4888651765625 0.7697652640625 0.46687142656249997 0.7433945796875 0.4542163765625 0.7302846453125 0.47180529531250004 0.7076522078124999 0.5223348718749999 0.69710741875 0.5260603125000001 0.689399240625 0.5237130875 0.6845292359374999 0.5152930812500001 0.6722907703125001 0.5142643359375 0.63281015 0.5191982046875 0.61368415 0.5391941984375 0.60983643125 0.5599894125 0.6500011796875 0.5745321624999999 0.705239440625 0.5840311125000001 0.735662615625 0.5817339687499999
28 0.3621952046875 0.3697353875 0.3929596640625 0.377176609375 0.436369 0.3973328546875 0.45455527343749996 0.394006846875 0.47950687031249994 0.40969828750000004 0.5095887640625001 0.3976627765625 0.52797824375 0.4001799078125 0.532235503125 0.391070734375 0.5258781546875 0.38373944375 0.5248543046874999 0.3545243421875 0.5396547890625001 0.341689846875 0.5510741734375 0.3193465078125 0.530717990625 0.3042844984375 0.47534321718749994 0.29089020312499997 0.4426834390625 0.2728515375 0.42841314218750004 0.2573300046875 0.40400603281249997 0.2572200703125 0.38149737031250003 0.267707340625 0.369941471875 0.2861553328125 0.3769131296875 0.3110156828125 0.3744860609375 0.3287743875 0.38097992187499996 0.3400010234375 0.3621952046875 0.3697353875
31 0.4046251625 0.4924890171875 0.3874499984375 0.4810924734375 0.3628381203125 0.47513951875 0.34458515312500004 0.47651773437499995 0.322484465625 0.49869116562500004 0.2986932296875 0.516110175 0.3003155234375 0.5189169234375 0.3127587578125 0.5257886875 0.34974248750000003 0.536665971875 0.36799701875 0.5352876359375001 0.38604521406250003 0.5280663999999999 0.413493703125 0.5279466921875 0.4178874765625 0.522732865625 0.41740967968750003 0.5090991500000001 0.4046251625 0.4924890171875
31 0.5005440578125 0.4442371515625 0.50143139375 0.4695569078125 0.47386225781249997 0.5097186875 0.4833292421875 0.51876800625 0.5290322609375 0.5172699625 0.5573537843749999 0.4985324734375 0.5566712171875 0.4790557390625 0.51717473125 0.44005218749999997 0.5005440578125 0.4442371515625
29 0.6474565640625001 0.24079082187499998 0.6645634703125001 0.2502396921875 0.6804576234375 0.2685678546875 0.6880975453125 0.2689674046875 0.6984375625 0.25939894531249996 0.7158047578125 0.23270085625 0.7146443953125 0.1995904046875 0.7079457625 0.1825207484375 0.6921881234375 0.1680879328125 0.6503328234375 0.1487907625 0.6458025375 0.150109240625 0.6474565640625001 0.24079082187499998
29 0.7108411453125 0.3521981078125 0.7171302390625 0.3575817234375 0.7236923562500001 0.37075603125 0.7313322796875 0.3711555828125 0.738699175 0.3637644390625 0.7414008359375 0.353796309375 0.7315910046874999 0.3350087421875 0.7311814640625001 0.32332269999999996 0.7246876015625 0.3120960640625 0.7152873109375 0.3049945375 0.7151507968749999 0.301099190625 0.7380023062500001 0.30035016875 0.7393531359375001 0.2953661046875 0.7036504156250001 0.27755720156249997 0.6820814796875 0.271374484375 0.6776194515625 0.2746406375 0.67937981875 0.2813426140625 0.704347284375 0.340971471875 0.7106363765625 0.34635508593750003 0.7108411453125 0.3521981078125
18 0.574309875 0.46014846093750006 0.5741051046875 0.4543054390625 0.5709939046875 0.452587528125 0.564090503125 0.42967485156249996 0.5578014109375 0.42429123593750007 0.5575283843750001 0.4165005421875 0.5435311140625 0.40876970156250003 0.5282512703125 0.4079706015625 0.5157413421875 0.39915104375 0.5096570203125 0.3996104484375 0.49160882343749995 0.40683168593749997 0.484173671875 0.4122751546875 0.4858642203125 0.4170295765625 0.5311720015625 0.44778302812500004 0.5438867000000001 0.46244560625000003 0.5609269125 0.46994668281249996 0.5669429796875 0.4675396046875 0.574309875 0.46014846093750006
19 0.5331276593750001 0.6341303734375 0.5257607625 0.6415215187500001 0.520700290625 0.671196025 0.5058982421875 0.6840306390625 0.5004964859375 0.7039667796875 0.5024616265625 0.716511778125 0.526867171875 0.7166218296875 0.5510012546875 0.7089410703125 0.558914203125 0.7171313140625 0.531805434375 0.726989509375 0.5354626875 0.744288809375 0.5523663875 0.7478945390625 0.56805420625 0.7603798 0.58326579375 0.759231228125 0.6024600515625 0.7411829062499999 0.619827246875 0.7144848171875 0.640645359375 0.6992431234375001 0.6372611328125 0.6897345171875 0.6522679499999999 0.682742925 0.6505758375 0.677988621875 0.63996279375 0.6797663890625001 0.6518584109375001 0.671056884375 0.6450915234375 0.6520395546875 0.64779161875 0.6420715421875001 0.641502528125 0.6366879265625001 0.64440895625 0.6325628187500001 0.621352678125 0.6274688203125 0.5331276593750001 0.6341303734375
18 0.477659278125 0.7486533375 0.47955616250000005 0.7592506609375 0.4858452546875 0.7646342765624999 0.49497252031250005 0.763945109375 0.49808215625 0.7656631390624999 0.5040997843749999 0.7632559421875 0.5223527515625 0.7618777265625 0.5253274375 0.759700290625 0.5374960828125 0.7587814796875 0.549801240625 0.7617580171875 0.55892850625 0.76106885 0.563388971875 0.7578028140625 0.5523663875 0.7478945390625 0.5371547999999999 0.7490431125 0.5324880000000001 0.7464662453125 0.531873690625 0.72893718125 0.5286275421875 0.7233238046875 0.5208511062500001 0.7190289078125 0.5116555843749999 0.7177704015625 0.5025981390625 0.7204071234375 0.4951629875 0.7258505937499999 0.4954360140625 0.7336412890624999 0.480565709375 0.744528228125 0.477659278125 0.7486533375
18 0.549840340625 1 0.8836499546875001 0.9747952359375001 0.8858738171875 0.9511933906250001 0.9510824875000001 0.9450378 0.9581429265624999 0.8103165859375 0.7376992671875 0.8139666406250001 0.7183684984375 0.8281196171874999 0.7128984843749999 0.8461080828125 0.74055174375 0.85183139375 0.741029540625 0.8654651093749999 0.704863325 0.8779600265624999 0.70581891875 0.9052274546874999 0.6925042140625 0.9169733515624999 0.6547157078125 0.926661521875 0.6739925234374999 0.9544984078125 0.6441693546875 0.9303870796875 0.5825054890625 0.9116091687500001 0.5642525218750001 0.9129873843749999 0.4798340078125 0.9847812390625 0.47923846093750005 1 0.549840340625 1
18 0.6678652921875 0.8231452078125001 0.6465011265625 0.8228055124999999 0.6402787265625001 0.8193696890625001 0.622025759375 0.8207479046874999 0.604182334375 0.8338121609375 0.570852728125 0.8402344140625001 0.55746976875 0.8500326375 0.551658471875 0.8582827359375 0.5533505843750001 0.8630370390625 0.5586301296875 0.8831430875 0.5558617765625 0.891163425 0.5666795921875 0.8952286796875001 0.6248925390625 0.90255019375 0.6327372296875 0.9087927640625001 0.6330102578125001 0.9165834578125001 0.643828071875 0.9206487109375001 0.6954789 0.9147959171875 0.7027092828125 0.9035094265625 0.6933089906250001 0.8964078984375 0.6931042203125 0.890564878125 0.7017536890625 0.8762419953125 0.709188840625 0.8707985265625 0.7366373296875001 0.8706788171875001 0.7469773484375 0.86111035625 0.7467725796875 0.8552673359374999 0.7389278859374999 0.8490247640625 0.7055315890625 0.8534992265625 0.700866353125 0.850922240625 0.70011553125 0.8294978328125 0.6830070609375001 0.82004908125 0.6678652921875 0.8231452078125001
18 0.5317371765625001 0.7250418359374999 0.5355309421875 0.7462364828125 0.5523663875 0.7478945390625 0.5742083499999999 0.76186795 0.75072664375 0.750492515625 0.7609317124999999 0.737028590625 0.7418581015625 0.715034840625 0.7232638515625001 0.7066746890625 0.72839258125 0.6789478546875001 0.711285675 0.6694989859375 0.654560071875 0.6610887546875001 0.678556078125 0.649512765625 0.6749686453125 0.634161021875 0.6641492671875 0.630095884375 0.5907945531250001 0.6258704984375 0.530152971875 0.6363078093750001 0.52346864375 0.6631756890625 0.5060347562499999 0.6879259859375 0.5024616265625 0.716511778125 0.543634359375 0.7163322125 0.5317371765625001 0.7250418359374999
29 0.63274655625 0.1257082953125 0.6203731421875001 0.12078408593750001 0.6015043015625 0.10463335781250001 0.5906864875 0.100568103125 0.5542472468749999 0.10527232812500001 0.524370125 0.12315086093750001 0.51531268125 0.1257875828125 0.51085065 0.1290537359375 0.5126110203125 0.13575571250000001 0.5156539625 0.13552595 0.521533515625 0.129223525 0.6067854125000001 0.1247392875 0.6251748921875 0.12725641875 0.6284226046875 0.132869678125 0.63599426875 0.1313215546875 0.63274655625 0.1257082953125
18 0.548972521875 0.30290616406250004 0.5534329875 0.2996401296875 0.5532964734375 0.2957447828125 0.5332148812499999 0.2884733484375 0.5253019328125 0.2802831046875 0.5213049609375 0.2532453171875 0.5265019468750001 0.22746615781249999 0.521766890625 0.222941615625 0.40906650625 0.22754556093749997 0.39284693593750003 0.24341644843750002 0.3915643625 0.25034818593749997 0.42530194374999997 0.25561209375 0.43618957812500003 0.26162490156249996 0.45201547499999994 0.278005390625 0.48460699687500003 0.2940963828125 0.5368038765625001 0.303824975 0.548972521875 0.30290616406250004
18 0.5099934828125 0.19160893125 0.5084918375 0.1487601140625 0.49117859687500004 0.1334683421875 0.46954140468750005 0.1253379515625 0.4358038234375 0.120074046875 0.3801560234375 0.09888905625 0.33404346406249996 0.088701059375 0.318833440625 0.0898495140625 0.2880689828125 0.082408290625 0.27285739375 0.0835568625 0.27306216562499996 0.0893998828125 0.277933734375 0.09781977187499999 0.341904021875 0.138881046875 0.38815153125 0.15296451093750002 0.4717938734375 0.18961117968750002 0.49329455156249996 0.193846221875 0.5099934828125 0.19160893125
18 0.3762162625 0.24760141249999998 0.3883182125 0.244734809375 0.40305043906250004 0.2299526421875 0.521766890625 0.222941615625 0.5262289203125 0.2196754625 0.52257166875 0.2023761625 0.5114808265625 0.1905202140625 0.49329455156249996 0.193846221875 0.4717938734375 0.18961117968750002 0.437715009375 0.1746089046875 0.4254781078125 0.1735800421875 0.4130364359375 0.166708159375 0.403840915625 0.1654496515625 0.40066145937500003 0.16178406875 0.3961327359375 0.1631024296875 0.3965422765625 0.1747884703125 0.3741685625 0.18917120468749998 0.3530774234375 0.1966222046875 0.3471978703125 0.20292463125000001 0.35288851875 0.23471660156250002 0.3762162625 0.24760141249999998