9 0.30652762761506275 0.1180407875 0.2996386443514644 0.136315734375 0.32809606066945607 0.15089933125 0.25611239539748953 0.20545286406250002 0.1863806380753138 0.27255775312499997 0.15928620083682007 0.34257651093749997 0.193280179916318 0.4140195453125 0.2107229037656904 0.413715321875 0.279502719665272 0.44662921874999995 0.3874151820083682 0.45616470624999994 0.4909005251046025 0.4455718328125 0.5853029121338912 0.412735725 0.5991799476987447 0.41410464375 0.7063524665271966 0.34590589843749997 0.7367086464435146 0.2872488828125 0.7321606213389121 0.196259134375 0.7400568974895398 0.1767950578125 0.7147621527196654 0.13565439375 0.7217334456066945 0.122354721875 0.7096286066945606 0.1036788796875 0.6758307677824268 0.10807582812500001 0.6793359832635983 0.1343699890625 0.6484970146443515 0.1631673296875 0.6246125815899581 0.14572145625 0.5938366255230125 0.1465510109375 0.5668474581589958 0.12769538125 0.5675345836820083 0.106599478125 0.5419557280334728 0.1114386390625 0.5145223661087865 0.1286094484375 0.48110824686192466 0.12494726249999999 0.4222392970711297 0.07019102499999999 0.40743527824267783 0.0749888703125 0.39752694979079495 0.09683072968749999 0.3574642405857741 0.1263745046875 0.30652762761506275 0.1180407875
9 0.9883823744769874 0.7787618953125001 0.9875788786610878 0.72899356875 0.9367855878661088 0.6976697 0.868105380753138 0.7026764937500001 0.7934804728033472 0.7527368859375 0.7479995690376569 0.7962830953125 0.7355303075313807 0.8186094484374999 0.753152410041841 0.8612016671875 0.7954065523012552 0.8721765515625 0.8389719351464435 0.8689274156250001 0.8650142824267782 0.8610048718750001 0.9883823744769874 0.7787618953125001
23 0.9883823744769874 0.7787618953125001 0.9870356150627615 0.7271011984375 0.9367855878661088 0.6976697 0.868105380753138 0.7026764937500001 0.7934804728033472 0.7527368859375 0.7479995690376569 0.7962830953125 0.7355303075313807 0.8186094484374999 0.753152410041841 0.8612016671875 0.7954065523012552 0.8721765515625 0.8389719351464435 0.8689274156250001 0.8650142824267782 0.8610048718750001 0.9883823744769874 0.7787618953125001
23 0.7307278891213389 0.266415884375 0.7409838828451882 0.17062829375 0.7142183493723849 0.13376014375 0.7222772489539748 0.12424897187499999 0.7173840983263599 0.10720447656250001 0.6926499163179917 0.1009016 0.672267619246862 0.1097484921875 0.6767775878661088 0.1348540015625 0.6487394079497908 0.1780959875 0.6502462510460251 0.2397100703125 0.6524214644351465 0.247287071875 0.6988648682008368 0.26345881718749997 0.7307278891213389 0.266415884375
31 0.5648825606694561 0.355698378125 0.5852038430962343 0.3748169125 0.6330382635983264 0.381740390625 0.6519492343096234 0.37716413437499996 0.6955588723849373 0.3130060359375 0.7005760502092051 0.27411732187500004 0.6911099163179917 0.2599351 0.6483119728033473 0.247065965625 0.6107273451882844 0.271148096875 0.5648825606694561 0.355698378125
31 0.31437774267782426 0.43354067812499997 0.3506909518828452 0.40103098125000003 0.37474469456066944 0.36967362812500004 0.3647783953974895 0.3459193640625 0.3110086150627615 0.3176312421875 0.2886125230125523 0.3218682703125 0.24546723430962342 0.3580024703125 0.21022778242677823 0.4107043265625 0.2516717280334728 0.4454037796875 0.2942974958158996 0.4513254375 0.31437774267782426 0.43354067812499997
10 0.4461206087866109 0.21443149843749998 0.46942572175732217 0.1640984015625 0.4646921150627615 0.1570054125 0.4184087949790795 0.1507870546875 0.30745461087866105 0.1118740234375 0.2970802510460251 0.13679974687500002 0.4134713891213389 0.1946515203125 0.4178207364016736 0.20980176562500003 0.4461206087866109 0.21443149843749998
23 0.5770291171548116 0.3134657359375 0.610023460251046 0.2593004625 0.5916369937238494 0.232827909375 0.5554240857740586 0.21471871718750002 0.521869179916318 0.2340462015625 0.5166919184100418 0.26298153125 0.5368693389121338 0.305088340625 0.5657907866108787 0.316590434375 0.5770291171548116 0.3134657359375
23 0.3296471610878661 0.15160445 0.25812444769874476 0.20307508125 0.17731698326359835 0.28325757500000004 0.17393067573221757 0.3278271625 0.16037380753138075 0.3463650125 0.16782535146443514 0.36292549687500003 0.18697925523012554 0.373279778125 0.20611386192468617 0.350691003125 0.248671410041841 0.34862911875 0.28571223430962345 0.3226527375 0.26497171338912134 0.24570861875 0.3631969435146443 0.2590739234375 0.3773768493723849 0.24740419687499998 0.36922141841004186 0.218996078125 0.39486382635983264 0.186191009375 0.3296471610878661 0.15160445
25 0.5550846213389121 0.16186888906250002 0.5646478263598326 0.21397227968750002 0.610407179916318 0.2512413265625 0.6339714456066945 0.248780425 0.6471445941422594 0.2383017109375 0.6395324267782427 0.21178596249999998 0.6500475711297071 0.16387057031250002 0.6189519916317993 0.1447952296875 0.5652358849372384 0.15495756562500002 0.5550846213389121 0.16186888906250002
18 0.4000828054393305 0.096347196875 0.3564569476987448 0.1275636359375 0.4184087949790795 0.1507870546875 0.469265640167364 0.1541450171875 0.4786327029288703 0.130408425 0.46753516108786614 0.110543453125 0.4410897928870293 0.093582075 0.4294509853556485 0.0718223703125 0.40944987029288704 0.07261060625 0.4000828054393305 0.096347196875