9 0.44744788281250003 0 0.26469607812499996 0.038653862500000004 0.18719036718749998 0.055047107812499996 0.1344634234375 0.1232634984375 0.117146559375 0.1899491921875 0.087828665625 0.2236517921875 0.0333159015625 0.2581002078125 0.02905596875 0.3816078859375 0.09741140625 0.43246591093750003 0.0838976140625 0.4949105078125 0.1050293703125 0.521379203125 0.15491085 0.663229884375 0.2041643203125 0.8017766890625 0.25555469999999997 0.9272658609375 0.1451205109375 0.9643732796875 0.16026893125 1 0.3030034171875 1 0.30932380312499996 0.99839521875 0.3098746046875 1 0.5071177312499999 1 0.9044100015625001 0.905759615625 0.9140302734375 0.7375716078125001 0.944828246875 0.6508483484375 0.9236705671875001 0.5086492609375 0.8655898140625 0.40864003125000004 0.7931912875 0.3242621765625 0.8461301390625 0.3119186234375 0.8335231875 0.214894240625 0.767495078125 0.1337521328125 0.767306453125 0.0719154765625 0.7087072062499999 0.01784746875 0.6215674859375 0.0167993359375 0.6223312921875 0.0177842296875 0.6214316890625 0.0191183171875 0.6145033343749999 0 0.44744788281250003 0
23 0.40817176875000005 0.7673136890625 0.46924678750000004 0.7524085265625 0.4700291296875 0.68270243125 0.432866928125 0.5127314375 0.391299065625 0.4619160875 0.37374545625 0.42191625000000005 0.331925165625 0.42778090156250004 0.3167600328125 0.4478768421875 0.3290267453125 0.4810462078125 0.3150029859375 0.501896959375 0.30843509999999996 0.541037209375 0.36885745625 0.754766353125 0.40817176875000005 0.7673136890625
23 0.34182209375 0.0581048265625 0.3752949375 0.045066087500000004 0.378274421875 0.018605242187500003 0.22587828437500002 0.046864220312499996 0.1804952125 0.0971950390625 0.164326653125 0.1383659296875 0.1693893640625 0.1651129453125 0.1796574234375 0.17188343749999999 0.2124064765625 0.15502080000000001 0.25344752812500004 0.150314553125 0.27910188125 0.1170705671875 0.3214520875 0.09817982343750001 0.34182209375 0.0581048265625
5 0.211641959375 0.3936146453125 0.22488695937499997 0.37392483125 0.21771071718749999 0.3307364875 0.1878006546875 0.2993090609375 0.06367972499999999 0.2659545203125 0.0323465109375 0.327223884375 0.0370727046875 0.3838444484375 0.055268081250000003 0.4008586546875 0.211641959375 0.3936146453125
5 0.6935918156249999 0.7983440093749999 0.7105088265624999 0.7927787140625 0.7652401453125 0.79709725625 0.75928634375 0.7814681859375 0.768971184375 0.737694315625 0.7599563515625001 0.7217190953125 0.7728140781249999 0.6683318359375 0.5152716265625 0.6790920781249999 0.500717953125 0.7129689203125 0.500633784375 0.75471215 0.5195493718749999 0.8440954109375 0.5405005296875001 0.8545678499999999 0.5697709671875 0.8404281499999999 0.682211025 0.8226074640625001 0.6935918156249999 0.7983440093749999
5 0.317828934375 0.727808328125 0.3282114703125 0.6560690578124999 0.3030666609375 0.5073997421875001 0.2566043453125 0.41490060156249997 0.22544201406250003 0.39268296875 0.20312832187500002 0.4013742578125 0.1694266015625 0.5028828375 0.18658514531249998 0.646286215625 0.2156877265625 0.7156355078125001 0.249852615625 0.743179596875 0.29031037187500003 0.7564786734375 0.305307246875 0.75131950625 0.317828934375 0.727808328125
5 0.9286329046875 0.6423296875 0.9232367781249999 0.57690853125 0.8935565499999999 0.45701633125 0.8531855078125 0.4019734875 0.7788429734375 0.3362340109375 0.715267146875 0.3010004 0.651882653125 0.28261731874999996 0.5832414953125 0.289186915625 0.553494521875 0.311373475 0.5378558765625 0.3395182734375 0.536686740625 0.37552945625 0.5863506593750001 0.42165428125000004 0.617678703125 0.42893567812500005 0.6492334796875 0.41629999531250006 0.6775312828125 0.3864712453125 0.77772459375 0.43581618750000006 0.7968366812500001 0.47349921406249995 0.8234918375 0.4877305015625 0.84789081875 0.5322440015625001 0.894495775 0.5780196046875 0.9017279437499999 0.616228178125 0.8932378578125 0.6557776296875 0.9048397312500001 0.6801453203125 0.9286329046875 0.6423296875
31 0.4499403359375 0 0.388290134375 0.013506053125 0.4622427703125 0.11409830781250001 0.5301631609374999 0.1037068078125 0.5356716968749999 0.090621275 0.5698673734375 0.08140136718749999 0.5730966625 0.06681074218750001 0.5295690453125 0 0.4499403359375 0
20 0.719765190625 0.9577226078125 0.6965327203125 0.9457481484375 0.6921933234375001 0.9228224984375 0.7053823984375 0.908112453125 0.6893872671875 0.8657958062500001 0.6480128015625 0.8318279125 0.5762546859375 0.8430311296875 0.549986325 0.8624947531249999 0.478951521875 0.8775193343750001 0.46907328281250005 0.9044457484375 0.5338966875 0.999022859375 0.719765190625 0.9577226078125
5 0.76106900625 0.7592348328125 0.7368582531250001 0.8001195515624999 0.71748856875 0.8876672921875001 0.6951984296875 0.9281484156250001 0.702293125 0.9445297640625 0.7278073859374999 0.9580087781250001 0.8833179328125 0.9251167171875 0.9021936609375001 0.7452803078125 0.8994409828125001 0.6832743859375 0.8846682921875001 0.6685170125 0.7816914390624999 0.66247983125 0.76106900625 0.7592348328125
25 0.549472953125 0.601323940625 0.6000838921875 0.6313510515625 0.6189210375 0.6253796281249999 0.5844781796875 0.5541790921875 0.473128740625 0.5091835953125 0.5043166921875 0.5631879921875 0.549472953125 0.601323940625
5 0.5672464421875001 0.17832058281250002 0.6052546265625 0.2050544140625 0.7013604890625 0.174791165625 0.70266964375 0.16060666875000001 0.7579586390624999 0.11513312812500001 0.7731797 0.0900574171875 0.7158916468750001 0.04057986875 0.67340445 0.037645921875 0.5382587390625 0.099013746875 0.5672464421875001 0.17832058281250002
5 0.1223250671875 0.4333687890625 0.16742492343749998 0.476481971875 0.18103157812499998 0.4587028390625 0.1935276484375 0.40340489843749994 0.12073842187499999 0.40389937343750004 0.1223250671875 0.4333687890625
5 0.24923732968749998 0.2863145796875 0.239196478125 0.25962953906249997 0.19517856718749999 0.22224640624999997 0.1366095234375 0.21873958125 0.11220537187499999 0.24277684375000003 0.11751740625 0.2813915453125 0.190918090625 0.2946779734375 0.2124797484375 0.318926246875 0.22892062656249998 0.38996003125 0.258081759375 0.38577933125 0.2650923640625 0.37535422500000004 0.24923732968749998 0.2863145796875