9 0.11650656485355648 0.25492855 0.10125379079497908 0.2467091171875 0.07355038493723849 0.25087478750000003 0.0695526129707113 0.276186471875 0.104670820083682 0.2800338046875 0.13317758995815898 0.30912657656250003 0.10368839330543933 0.322040959375 0.09593002510460251 0.34432147031250004 0.06372067154811716 0.3591222015625 0.03654973640167364 0.35352489375 0.03548500627615062 0.373046975 0.049886035564853555 0.3968833 0.03554312343096234 0.41996971250000004 0.011028257322175732 0.4280504984375 0.007637476987447698 0.49022119374999995 0.008514010460251045 0.5464826281249999 0.025287535564853556 0.536025571875 0.0753973640167364 0.6008689875 0.1424367761506276 0.6671337125 0.22549591422594142 0.703513903125 0.32793887866108784 0.696411646875 0.332551320083682 0.683823990625 0.39499522594142256 0.64244264375 0.4383432447698745 0.5673294953125 0.45430744769874476 0.49052229374999995 0.43880765062761506 0.4148495890625 0.44456713179916313 0.40522491718750003 0.38685640167364016 0.31183415625 0.31947342468619244 0.275862946875 0.20012485146443515 0.2571101 0.1771403849372385 0.24673551875 0.11650656485355648 0.25492855
9 1 0.20903203593750003 0.964573550209205 0.20276346875 0.9093556464435147 0.23162534687499997 0.8961356841004183 0.2821104734375 0.9396582656903766 0.34776165937500003 0.9830959476987449 0.39092770625 1 0.40048210156249997 1 0.20903203593750003
23 1 0.20920365312500003 0.9619625878661088 0.2026953515625 0.9093556464435147 0.23162534687499997 0.8961356841004183 0.2821104734375 0.9396582656903766 0.34776165937500003 0.9830959476987449 0.39092770625 1 0.40048210156249997 1 0.20920365312500003
23 0.11389300836820083 0.2548603640625 0.10386734728033473 0.246777303125 0.08035051464435147 0.24616376406249998 0.06507344351464435 0.26238393437499996 0.07069975523012552 0.279147521875 0.10456432426778242 0.2819864015625 0.152614449790795 0.3125647921875 0.232980320083682 0.32639179375 0.24343454811715481 0.3266645375 0.2777465857740586 0.297257240625 0.2907294748953975 0.275113034375 0.16940620711297072 0.24457836406250003 0.11389300836820083 0.2548603640625
31 0.4122996589958159 0.3731029125 0.41179137447698744 0.3584282265625 0.3410762656903766 0.3116174671875 0.2920653138075314 0.2986084953125 0.2709490481171548 0.3019683328125 0.24196802928870292 0.3295593390625 0.2624212447698745 0.36235080625 0.35894995815899583 0.41569921093750006 0.38958629916317994 0.40574587500000003 0.4122996589958159 0.3731029125
31 0.3224992573221757 0.5554924921875 0.2888213974895397 0.5568951281250001 0.23668740167364016 0.5886269734375 0.23575515271966527 0.6057199343749999 0.2702475355648536 0.6454169265624999 0.32850296025104603 0.6834506703125001 0.3854162531380753 0.66211310625 0.4053347322175732 0.632964621875 0.3880264205020921 0.614255140625 0.35627496443514645 0.5803367125000001 0.3224992573221757 0.5554924921875
10 0.008540309623430963 0.548170728125 0.10655611715481172 0.4853604171875 0.12745939330543932 0.4859057703125 0.1415894288702929 0.4667226140625 0.08298116736401673 0.4378241421875 0.07242044560669457 0.43950399375 0.05106711087866109 0.47120475156249997 0.007914330543933054 0.507991490625 0.008540309623430963 0.548170728125
23 0.20722752719665274 0.3667750171875 0.1733387719665272 0.38837380312500003 0.18878044979079497 0.41712377187499994 0.2248327029288703 0.42783928437499996 0.28525094351464436 0.423551378125 0.3084750732217573 0.40558510625000005 0.30764741631799164 0.39676626875 0.24684898535564853 0.3599891609375 0.20722752719665274 0.3667750171875
23 0.15371607112970712 0.676225225 0.21056510878661086 0.6894386875 0.23072302928870292 0.703650275 0.2543463577405858 0.7023112171875 0.2732775271966527 0.6910748156250001 0.24946540167364017 0.6718813984375 0.2590070711297071 0.64085016875 0.23594029916317993 0.607990515625 0.13016520711297072 0.6042532203125 0.1757009121338912 0.53701670625 0.16463201046025105 0.52401993125 0.12543642468619245 0.5229973421875 0.09023861087866109 0.49666306875000005 0.026647562761506274 0.5350833671874999 0.07289019456066946 0.5988501421875 0.15371607112970712 0.676225225
25 0.23650384309623432 0.3577638875 0.2400756359832636 0.34026258593750003 0.23026285774058577 0.32827627187499997 0.19367823640167364 0.3273218015625 0.1345350230125523 0.3081843046875 0.10086184728033472 0.32587796406249997 0.0986258891213389 0.366874728125 0.10467807112970712 0.37582986875 0.17501817154811716 0.381575746875 0.23650384309623432 0.3577638875
18 0.07002246861924687 0.43553068125000005 0.04191737866108787 0.4230671328125 0.012960443514644352 0.4262224109375 0.011076334728033474 0.4271689875 0.007637476987447698 0.49022119531249997 0.007886387029288703 0.5061978421875 0.05106711087866109 0.47120475156249997 0.07002246861924687 0.43553068125000005