9 0.7350834078124999 0.7475950499999999 0.70345966875 0.719848471875 0.7112796578125 0.6925620328125001 0.6952794765625 0.681620253125 0.6639829015625 0.6724568375 0.6645321828124999 0.640195809375 0.5832335703125 0.62947261875 0.5375947140624999 0.6308963750000001 0.5365158546875 0.624039321875 0.5259577125 0.6229381265625 0.5031686578125 0.670584528125 0.4871209 0.6840858734374999 0.48208508125 0.7153167546875 0.45618297031250005 0.740437046875 0.4570118390625 0.7512023046875 0.4686490046875 0.7591589921875 0.7172052578125 0.7659638890625 0.7280133906249999 0.763156878125 0.7350834078124999 0.7475950499999999
9 0.522604909375 0.912319109375 0.4415400296875 0.9690638312500001 0.4331478171875 0.9942790703125001 0.43449927343750006 0.9943343234375 0.8379655515625 0.98963956875 0.8403539406249999 0.9766399078125 0.9233970765624999 0.9760350843750001 0.9371458968749999 0.84478354375 0.7101665578125 0.8284587078125 0.6720039390625 0.8553921046875 0.6523905515624999 0.8297421843749999 0.6133217265625001 0.8234205203125 0.5393728828125 0.840160225 0.5184619609375 0.8584944484375001 0.5225275734375 0.8898293046875001 0.5836650734375 0.9071636703125 0.6134599781250001 0.9397778046875 0.5409354671875 0.9105769890625 0.522604909375 0.912319109375
23 0.28042725156250004 0 0.2790399296875 0.0216691578125 0.2844819703125 0.03150974375 0.317232309375 0.0416686890625 0.352391915625 0.06163360624999999 0.38248455312499996 0.0658948515625 0.49212258281250004 0.10823814375 0.507293896875 0.10841466562499999 0.5277048359375 0.09789685000000001 0.55119768125 0.062970590625 0.54916331875 0.047303096875 0.5302554421875 0.0343718203125 0.43461054218750006 0 0.28042725156250004 0
10 0.2049474046875 0 0.20235449062500002 0.010021295312500001 0.18630673125 0.023522640625 0.172043178125 0.056601243749999995 0.155495434375 0.07791899531249999 0.14559350625 0.11398106718750001 0.14837767968749999 0.1179255109375 0.172275353125 0.1240690921875 0.217914209375 0.1226453359375 0.24584912656250002 0.11319247343750001 0.2632257375 0.102639978125 0.2742049703125 0.07343489843749999 0.2746852671875 0 0.2049474046875 0
28 0.3951006171875 0.3192846203125 0.33739016718750003 0.224747359375 0.3051398125 0.20677200468749998 0.28677810312499996 0.1615795734375 0.2488832921875 0.11322871406249999 0.21778913281249998 0.1246002171875 0.14629729687499998 0.12670120625 0.128498040625 0.1675599109375 0.1295293234375 0.1988600890625 0.11310649375 0.2182245203125 0.08504666250000001 0.2296307046875 0.07943196875 0.24618812499999998 0.11150967187500001 0.2905614875 0.15139110312499998 0.379024525 0.1733348640625 0.3919905453125 0.3036814015625 0.39546469375000004 0.39131492031250004 0.33097292500000003 0.3951006171875 0.3192846203125
13 0.2672138484375 0.11148659375 0.2788494578125 0.11944321718749999 0.294395678125 0.1137582140625 0.3185447359375 0.11599521718750001 0.33466999531249997 0.1249821140625 0.34460168593749996 0.135852971875 0.35661359375 0.1379496953125 0.377352025 0.14601191875 0.3834205171875 0.1460828390625 0.391319403125 0.14128626875 0.3920709328125 0.12956172187499998 0.389286596875 0.1256188390625 0.34856003593749996 0.0977666609375 0.312821553125 0.0631282828125 0.3021398875 0.063982034375 0.3018883390625 0.067890175 0.28546551249999996 0.08725460625 0.2761126984375 0.091057209375 0.2758627078125 0.0949654125 0.2661349890625 0.10462953906250001 0.2672138484375 0.11148659375
23 0.373706134375 0.274057571875 0.3840900671875 0.301556709375 0.39477328749999996 0.30070302031249996 0.403047240625 0.29004336249999996 0.4011395140625 0.27242105156249996 0.392536675 0.2644990453125 0.40376745625000005 0.2313858265625 0.3832791796875 0.21941383750000001 0.379463559375 0.184170775 0.3412697890625 0.1641696203125 0.3428962078125 0.13876714375000002 0.327397565625 0.120009021875 0.2941456859375 0.1176664171875 0.2817587078125 0.121432778125 0.277472865625 0.1409390515625 0.3171518828125 0.20886716875000003 0.3348559859375 0.21689471249999998 0.3537178421875 0.2542691765625 0.373706134375 0.274057571875
23 0.30386739218750003 0.48737729218750003 0.32427849375 0.476857915625 0.3437354875 0.4575297265625 0.3493977578125 0.41652917812499995 0.3592521109375 0.40491023437500007 0.3632862421875 0.3893136609375 0.36516437343749997 0.360001484375 0.3576419515625 0.3589365953125 0.3003972453125 0.39933665625 0.1517184296875 0.397606125 0.139785253125 0.4180008296875 0.14048920625 0.43071940625 0.1549089890625 0.442620475 0.19676215 0.4528850234375 0.2053649875 0.4608070296875 0.2320466703125 0.4708966171875 0.2736498421875 0.4850693671875 0.30386739218750003 0.48737729218750003
13 0.09947285156249999 0 0.094905496875 0.0283251015625 0.072414175 0.047618612500000004 0.0087366578125 0.170821871875 0 0.259135715625 0 0.3179976484375 0.0281606015625 0.3355453578125 0.14050563124999998 0.35934173125 0.10847550624999999 0.2905252453125 0.0935541828125 0.2864405203125 0.1002491296875 0.276741778125 0.0931017765625 0.26981380312500003 0.09077140312500001 0.2824977015625 0.0819185734375 0.2784838984375 0.056863309375000004 0.24299183281249997 0.07577274218749999 0.255923175 0.0788530921875 0.231514665625 0.11676727656250001 0.2084895359375 0.152586184375 0.07592943437500001 0.19795453125 0 0.09947285156249999 0
23 0.8077405656250001 0.39546604375 0.8234118640625001 0.387826159375 0.8293554421874999 0.3898504 0.84452675625 0.390026921875 0.8507203265625 0.388142959375 0.8587441234375 0.38139306875 0.8594940984375 0.3696684578125 0.8462782531249999 0.3626695625 0.8341411031250001 0.3625292828125 0.8272437437500001 0.3516931046875 0.8080843171875 0.3426699671875 0.798981496875 0.3425643671875 0.7960738015625 0.34057486875 0.75966268125 0.34015090468750003 0.7518887125 0.3429941546875 0.750887353125 0.35862534375 0.753796603125 0.36061490625000003 0.7505896203125 0.3869782328125 0.7865007578125 0.395218603125 0.8077405656250001 0.39546604375
13 0.7015072890625 0.5369825625 0.743753171875 0.4700095359375 0.7511684953125 0.40165169375 0.7207962718750001 0.35436416249999997 0.6982438734375 0.279791753125 0.6771767203125 0.2531463046875 0.665039571875 0.2530060234375 0.631365209375 0.28096806875 0.5810654421875 0.307761184375 0.5635161765625 0.3447116859375 0.5443091734375 0.3601316734375 0.54488805 0.3748051328125 0.5627959609375 0.4033692234375 0.5922619796874999 0.41740169531250004 0.6092161078125 0.4371538484375 0.6470631796874999 0.5099493921875 0.6374603750000001 0.5176601984375 0.7015072890625 0.5369825625
31 0.3513828234375 0.4566412921875 0.3432339484375 0.4653460671875 0.333881134375 0.4691486703125 0.327312659375 0.47689415625000003 0.302037 0.49224478437499997 0.303366015625 0.49519207343750005 0.31500301875000003 0.503150321875 0.35053753125 0.5172537140625 0.3687431734375 0.5174649140625001 0.38732372187499997 0.511814590625 0.41450710781250005 0.514086275 0.41937010781249995 0.509254959375 0.420246715625 0.49557553125 0.4007599625 0.46797079375 0.37262263125 0.4568887359375 0.3513828234375 0.4566412921875
33 0.6977527453125 0.5956054203125001 0.7280953734375 0.5959584640625 0.7561536484375 0.5845522171875001 0.77694105 0.568172940625 0.76983988125 0.536800215625 0.7891719609375001 0.5194253468750001 0.789923490625 0.5077008015625 0.7732193546875 0.4840404453125 0.7483678984375 0.4690849265625 0.733648990625 0.48553512187500003 0.7062469296875 0.5341046328125 0.6954386312499999 0.5369132046875 0.6880412875 0.5338934328125 0.6840531765625 0.5250468171875 0.6720411046875 0.5229516546874999 0.632470740625 0.5244463328125 0.61155981875 0.542780553125 0.605693740625 0.5632445546875 0.6440125890624999 0.5812908296875 0.6977527453125 0.5956054203125001
28 0.39532084843750004 0.2684434890625 0.399761365625 0.2939168234375 0.39560215625 0.3114682765625 0.40091911874999997 0.32326374375 0.3793817421875 0.3513676296875 0.4090977546875 0.361491896875 0.450076025 0.385434375 0.4684065828125 0.3836922546875 0.4915541171875 0.4015620078125 0.52252164375 0.39214532343749997 0.54047729375 0.396264728125 0.5455918421875 0.3875252734375 0.54002333125 0.379637946875 0.5419014625 0.35032576875 0.5578225890625 0.3387792421875 0.571336165625 0.31742524843750003 0.55267828125 0.30058576875 0.4991881171875 0.282362971875 0.468643075 0.261475009375 0.456052125 0.2447063859375 0.43190462343749997 0.24246944531249998 0.40858443437499997 0.2509976984375 0.39532084843750004 0.2684434890625
31 0.327312659375 0.47689415625000003 0.302037 0.49224478437499997 0.303366015625 0.49519207343750005 0.31500301875000003 0.503150321875 0.35053753125 0.5172537140625 0.3687431734375 0.5174649140625001 0.38732372187499997 0.511814590625 0.41450710781250005 0.514086275 0.41937010781249995 0.509254959375 0.420246715625 0.49557553125 0.40923616718750006 0.4778476203125 0.3933624546875 0.46495258437500003 0.36958846562500003 0.45685249375000003 0.3513828234375 0.4566412921875 0.327312659375 0.47689415625000003
31 0.476067253125 0.501114428125 0.4845450140625 0.51099131875 0.5299324859375 0.5134741390625 0.5598227078125 0.4972004640625 0.5610742234375 0.47765951093750003 0.5258372796875 0.4352047921875 0.5089604875 0.437942440625 0.5073340671875 0.46334491718750004 0.476067253125 0.501114428125
29 0.7401610359374999 0.1942355 0.7259912453124999 0.1784262296875 0.6864684578125 0.1554777828125 0.6818552875 0.15640245625 0.6745174609375 0.24724853906250002 0.69051764375 0.25819031875 0.7044374437500001 0.2779077921875 0.711959703125 0.2789742421875 0.72314290625 0.270304146875 0.742976525 0.24511293437499998 0.7451030921874999 0.211892490625 0.7401610359374999 0.1942355
29 0.7266132171875 0.358343221875 0.726238146875 0.3642063078125 0.7319317359374999 0.3701387515625 0.7371237828125 0.383887540625 0.7446462046875 0.3849524296875 0.752670003125 0.3782025375 0.756330784375 0.368467553125 0.7484794781249999 0.348821 0.7492310078125 0.3370964546875 0.743912490625 0.3253009234375 0.735311209375 0.31737898124999997 0.7355612 0.3134707765625 0.7582549359375 0.31471218749999996 0.760085328125 0.3098446953125 0.7265061203125 0.28892049218750004 0.7057662953125 0.2808566421875 0.701028209375 0.28373463593750003 0.7021070703125 0.2905916890625 0.7209211859375 0.352410840625 0.7266132171875 0.358343221875
18 0.5807812078125 0.45442311718750006 0.5778719578125 0.4524335546875 0.5733049703125 0.42891347968750004 0.5676129390625 0.42298109687499996 0.5681129234375 0.415164690625 0.5550219921874999 0.40621247499999996 0.539975753125 0.40408107031249996 0.528465221875 0.394169565625 0.522396728125 0.39409864375 0.5038161796875 0.39974896718749997 0.49591729687499997 0.4045455390625 0.497121071875 0.40944927187499996 0.538928046875 0.4441585703125 0.5500636734375 0.4599316 0.5661887703125 0.46892005625 0.572382340625 0.4670360953125 0.580404746875 0.460284578125 0.5807812078125 0.45442311718750006
19 0.6355481640625 0.6897245437499999 0.634344228125 0.6848223734375 0.6236625640625 0.685676125 0.636299696875 0.6779999984375 0.631482553125 0.6583896874999999 0.6351433359375 0.648654703125 0.6294499124999999 0.6427206953125 0.6327340687499999 0.638848734375 0.6104154015625001 0.6317442375 0.5224234 0.6307198546875 0.5143994390625 0.6374713078124999 0.506452978125 0.666711003125 0.49053168906250005 0.6782590921875 0.48321168124999997 0.6977291234375 0.48391547187499995 0.7104492640625 0.5080631375 0.7126846421875 0.5327121781249999 0.7071052390625 0.5397346171875 0.7159865359375 0.5119261703125 0.723486140625 0.513833896875 0.7411084515625 0.53020915 0.7461871453125 0.5445038546875 0.7600430953124999 0.55967516875 0.760219615625 0.580462734375 0.743838778125 0.6002947953125 0.7186475031249999 0.6224110484375001 0.705217078125 0.6200017812499999 0.6954111078125 0.6355481640625 0.6897245437499999
18 0.4928918234375 0.712508121875 0.48366392343750003 0.714357403125 0.4757665953125 0.7191540390625 0.47526505781250006 0.72697038125 0.459468846875 0.7365635875 0.45618297031250005 0.740437046875 0.4570118390625 0.7512023046875 0.46270542499999995 0.7571347484375 0.47180824687499995 0.7572403484375 0.474717496875 0.7592299125 0.48091106874999995 0.75734595 0.49911654531250005 0.7575587125000001 0.5022757890625 0.755640071875 0.5144129375000001 0.7557803515625 0.5262999328125 0.759830396875 0.5354027546875 0.759935996875 0.5401408390625 0.7570580031249999 0.53020915 0.7461871453125 0.515037834375 0.7460106234375 0.51067465625 0.7430270921875 0.51180125625 0.7254394625 0.5091419968750001 0.719541696875 0.5018695656250001 0.714568603125 0.4928918234375 0.712508121875
18 0.6030269109375 0.936721728125 0.5438447171874999 0.9125665515625 0.525639075 0.9123553515625 0.43496999687500004 0.976809253125 0.432561178125 0.9942550875 0.4344992546875 0.9943343234375 0.838089490625 0.9896381265624999 0.8402288625000001 0.978594790625 0.9231923125 0.9779898453125 0.9371445875 0.844796034375 0.7071322296875 0.8284240281249999 0.6865962125 0.8408967265625 0.6794012828125 0.8584118765625 0.70620804375 0.8665465812500001 0.7053331546875 0.8802245125000001 0.668295415625 0.889571775 0.66654391875 0.9169291328125 0.652201471875 0.9275178687500001 0.613835046875 0.9339147203125 0.63016255625 0.9634380984375 0.6030269109375 0.936721728125
18 0.6550318296875 0.9070175640624999 0.6554084546875 0.9011545421875 0.665386165625 0.8875822109374999 0.6732850499999999 0.882785640625 0.7004684359375 0.8850573234375 0.7116516390625 0.876387228125 0.7120265453125 0.8705257046874999 0.7048791921875 0.86359773125 0.671377321875 0.865163328125 0.6670143046875 0.8621782375 0.6683907328124999 0.8406839640625 0.6523905515624999 0.8297421843749999 0.637094321875 0.8315189843749999 0.6159794296875 0.8293182218749999 0.6101624859375 0.8253391609375 0.59195684375 0.8251279609375001 0.5729998328125 0.8366397453125 0.5393728828125 0.840160225 0.5251555156250001 0.8487940796875 0.5185870390625 0.8565395656250001 0.5197908124999999 0.8614432984375 0.52302755625 0.8820129 0.5194932453125001 0.8897946265625001 0.5297998390624999 0.894803959375 0.5866992375 0.9071999109375 0.593846753125 0.9141263234375 0.5933467703125 0.92194273125 0.6036533656249999 0.926952065625 0.655360878125 0.9255976671875 0.6636346671875 0.9149395703125001 0.6550318296875 0.9070175640624999
18 0.48391547187499995 0.7104492640625 0.5246897734375 0.7138567578125 0.5120512484375 0.7215312578125 0.513708984375 0.7430617734375 0.53020915 0.7461871453125 0.550447434375 0.7620673359375 0.726308078125 0.7660694890624999 0.7377411109375 0.7534927515625001 0.72103869375 0.729830896875 0.70345966875 0.719848471875 0.7112796578125 0.6925620328125001 0.6952794765625 0.681620253125 0.639960478125 0.6682650140625 0.6648595109375 0.6587774078125 0.66282670625 0.6431099796875 0.6525201093749999 0.6381006453125 0.5803243203124999 0.62748305625 0.5192641578125 0.6326384953125 0.5099886812500001 0.6589309015625 0.49028169843749997 0.6821672953125 0.48391547187499995 0.7104492640625
29 0.6321985578125 0.10204666874999999 0.5956625234375 0.1035760265625 0.5643183734375 0.11885573437500001 0.5550906375 0.12070345468749999 0.5503508312500001 0.123582946875 0.55142985625 0.1304384390625 0.55446401875 0.13047467968749998 0.5609091390625001 0.12468257812500001 0.6457418968749999 0.127625603125 0.663697384375 0.13174656875 0.6663550875 0.13764427031249998 0.6740041437500001 0.1367543421875 0.6713447203125 0.1308581375 0.6595843593749999 0.1248532734375 0.6425051546875 0.10705600312500001 0.6321985578125 0.10204666874999999
18 0.5758735578125 0.2940108359375 0.55671413125 0.2849876984375 0.54969169375 0.2761064015625 0.5484088625 0.24871436406249997 0.556105496875 0.22338131093750002 0.5518658375000001 0.21844283281250002 0.43984969375 0.21322812500000002 0.4222229265625 0.227690384375 0.420267621875 0.234511196875 0.45314443125 0.2427168875 0.4633261125 0.2496795421875 0.4773709890625 0.2674421328125 0.508040946875 0.28637677500000003 0.558746775 0.3006566890625 0.5708839234374999 0.30079696875 0.575622009375 0.29791897500000003 0.5758735578125 0.2940108359375
18 0.5304414328125 0.12628441875000002 0.5098266859375 0.11626568749999999 0.47695126875 0.1080616234375 0.4239626453125 0.08202248437500001 0.3793253109375 0.0678134921875 0.364153996875 0.067636971875 0.3344362640625 0.0575142015625 0.31926495 0.05733768125000001 0.3188900453125 0.063199203125 0.32287815625 0.0720458203125 0.38213924375 0.1186908640625 0.4265265859375 0.136808059375 0.5056970734374999 0.18075163125 0.5265604203125 0.18686053281249998 0.5433121328125 0.186077765625 0.546065153125 0.1430876578125 0.5304414328125 0.12628441875000002
18 0.38104240312500004 0.18321142343750002 0.383529171875 0.215505634375 0.4053463 0.23042647187499998 0.41760991875000003 0.2286134953125 0.433656121875 0.21511208593750003 0.5518658375000001 0.21844283281250002 0.556605478125 0.21556490312499998 0.5546975875 0.19794415468749998 0.544890975 0.1851184125 0.5265604203125 0.18686053281249998 0.5056970734374999 0.18075163125 0.4734467171875 0.162776278125 0.4614348078125 0.16067955312499999 0.4497991984375 0.1527229296875 0.44082145625 0.1506624484375 0.43803711874999995 0.1467195640625 0.4334225546875 0.1476426125 0.43267257968750006 0.1593672234375 0.409102396875 0.17180367968750002 0.3874875203125 0.1774193234375 0.38104240312500004 0.18321142343750002