23 0.138671875 0.22643437500000002 0.123046875 0.160990625 0.103515625 0.111253125 0.080078125 0.0929296875 0.07421875 0.064134375 0.0517578125 0.05759062499999999 0.046875 0.1034 0.02734375 0.145284375 0.0390625 0.23166875 0.0673828125 0.2931859375 0.1083984375 0.3324515625 0.138671875 0.33637812500000003 0.1484375 0.3259078125 0.1484375 0.2971125 0.134765625 0.2787875 0.138671875 0.22643437500000002
23 0.2236328125 0.010470312499999999 0.1982421875 0 0.16796875 0.017015625 0.13671875 0.1034 0.14453125 0.16884375000000001 0.1689453125 0.198946875 0.18359375 0.20025624999999997 0.2216796875 0.183240625 0.2421875 0.145284375 0.24609375 0.045810937499999996 0.2236328125 0.010470312499999999
23 0.1708984375 0.20156562500000003 0.150390625 0.23952187500000002 0.162109375 0.2997296875 0.15625 0.34423125 0.1806640625 0.3586296875 0.2578125 0.3599375 0.318359375 0.3337609375 0.2392578125 0.2225078125 0.1962890625 0.198946875 0.1708984375 0.20156562500000003
20 0.2587890625 0 0.25 0.017015625 0.24609375 0.098165625 0.251953125 0.20810937499999999 0.2998046875 0.30365625 0.341796875 0.31020156249999997 0.4091796875 0.27224375 0.423828125 0.24999375000000001 0.419921875 0.1636078125 0.400390625 0.10601875000000001 0.400390625 0.032721875 0.3779296875 0 0.2587890625 0
31 0.74609375 0.74474375 0.7646484375 0.8298203125000001 0.830078125 0.8494531249999999 0.84765625 0.8180406250000001 0.8408203125 0.7827015625 0.7802734375 0.7382 0.74609375 0.74474375
31 0.8623046875 0.52878125 0.837890625 0.56935625 0.8515625 0.5981515625 0.84765625 0.6138578125 0.900390625 0.6635953125 0.931640625 0.63218125 0.93359375 0.5876796875 0.9013671875 0.536634375 0.8623046875 0.52878125
31 0.9306640625 0.5104578125 0.912109375 0.5431796875 0.931640625 0.5850625 0.931640625 0.61909375 0.904296875 0.6531234375 0.9267578125 0.6753750000000001 0.94921875 0.674065625 0.984375 0.61909375 0.97265625 0.5876796875 0.970703125 0.5300906249999999 0.9306640625 0.5104578125
31 0.78515625 0.55365 0.76953125 0.5955328125 0.76953125 0.6217109375 0.79296875 0.6348 0.8359375 0.6033875 0.8359375 0.5798265625 0.8017578125 0.5497234375 0.78515625 0.55365
31 0.74609375 0.723803125 0.806640625 0.7525968749999999 0.8203125 0.7342734375 0.83203125 0.6766828125 0.7900390625 0.6518140625 0.74609375 0.723803125
31 0.8955078125 0.8717046875 0.8525390625 0.8795578125000001 0.84375 0.930603125 0.8583984375 0.9528531250000001 0.87890625 0.9593984375 0.9150390625 0.924059375 0.9306640625 0.92929375 0.935546875 0.8939546875 0.8955078125 0.8717046875
31 0.8681640625 0.7905546875 0.849609375 0.8101875 0.84375 0.8389828125 0.8603515625 0.8690859375000001 0.939453125 0.880865625 0.974609375 0.8625421875000001 0.9697265625 0.8298203125000001 0.8935546875 0.7905546875 0.8681640625 0.7905546875
31 0.912109375 0.7578328125 0.912109375 0.778775 0.9306640625 0.80364375 0.96875 0.8101875 1 0.7892453125000001 0.9990234375 0.6387265625 0.951171875 0.6845359375 0.912109375 0.7578328125
31 0.80078125 0.9018078125000001 0.818359375 0.9122796875000001 0.818359375 0.8782484374999999 0.7978515625 0.8559984375 0.7822265625 0.8559984375 0.80078125 0.9018078125000001
31 0.8740234375 0.9999734374999999 0.970703125 0.9986640625 0.9208984375 0.937146875 0.9052734375 0.9423828125 0.87109375 0.9908109375 0.8740234375 0.9999734374999999
31 1 0.8782484374999999 0.9521484375 0.8769390625 0.935546875 0.9096609375 0.935546875 0.946309375 0.9775390625 0.9921203125 1 0.993428125 1 0.8782484374999999
31 1 0.63218125 0.9970703125 0.520928125 0.978515625 0.5353265625 0.974609375 0.577209375 1 0.63218125
31 0.8515625 0.802334375 0.896484375 0.7735390625 0.8310546875 0.7303468750000001 0.80859375 0.76045 0.8515625 0.802334375
31 0.830078125 0.7028609375 0.8310546875 0.7251109375 0.90234375 0.7656859375 0.9140625 0.7473625 0.9072265625 0.6832281250000001 0.8447265625 0.6884625 0.830078125 0.7028609375
31 0.623046875 0.1740796875 0.619140625 0.223815625 0.59765625 0.25261093749999997 0.6015625 0.2866421875 0.62890625 0.30234843749999996 0.666015625 0.273553125 0.673828125 0.192403125 0.6513671875 0.1649171875 0.623046875 0.1740796875
31 0.7431640625 0.06282499999999999 0.732421875 0.0850765625 0.736328125 0.111253125 0.7607421875 0.136121875 0.779296875 0.13743125 0.8095703125 0.1308859375 0.814453125 0.0903109375 0.7685546875 0.054971875 0.7431640625 0.06282499999999999
31 0.58984375 0.10601875000000001 0.57421875 0.15313749999999998 0.58984375 0.19502031250000001 0.630859375 0.1583734375 0.640625 0.126959375 0.6357421875 0.1020921875 0.58984375 0.10601875000000001
31 0.54296875 0.18193281249999999 0.5625 0.2133453125 0.58203125 0.1871671875 0.5654296875 0.1308859375 0.541015625 0.15575468750000002 0.54296875 0.18193281249999999
31 0.68359375 0.273553125 0.701171875 0.3154359375 0.716796875 0.320671875 0.779296875 0.26308125000000004 0.7626953125 0.20941875 0.68359375 0.2447578125 0.68359375 0.273553125
31 0.6923828125 0.1308859375 0.67578125 0.15313749999999998 0.67578125 0.23428749999999998 0.685546875 0.23952187500000002 0.732421875 0.20549218749999998 0.736328125 0.15575468750000002 0.7197265625 0.1335046875 0.6923828125 0.1308859375
31 0.73828125 0.20549218749999998 0.76953125 0.20810937499999999 0.794921875 0.1714609375 0.7783203125 0.14135781249999999 0.73828125 0.1583734375 0.73828125 0.20549218749999998
31 0.796875 0.1740796875 0.822265625 0.1897859375 0.826171875 0.15051874999999998 0.7919921875 0.1335046875 0.78515625 0.15051874999999998 0.796875 0.1740796875
31 0.7353515625 0.151828125 0.74609375 0.145284375 0.7294921875 0.0916203125 0.7001953125 0.086384375 0.640625 0.1400484375 0.6396484375 0.1570640625 0.67578125 0.176696875 0.677734375 0.1479015625 0.6923828125 0.1308859375 0.7158203125 0.1308859375 0.7353515625 0.151828125
31 0.763671875 0.289259375 0.779296875 0.3232890625 0.796875 0.3337609375 0.830078125 0.2997296875 0.828125 0.2787875 0.8037109375 0.2565375 0.763671875 0.289259375
31 0.8125 0.3259078125 0.814453125 0.367790625 0.83203125 0.3730265625 0.875 0.3494671875 0.8662109375 0.314128125 0.8369140625 0.30627499999999996 0.8125 0.3259078125
31 0.833984375 0.2971125 0.8819078125 0.30960624999999997 0.888671875 0.22643437500000002 0.8408203125 0.2198890625 0.830078125 0.2447578125 0.833984375 0.2971125
31 0.7255859375 0.3560109375 0.7626953125 0.38742343749999997 0.798828125 0.386115625 0.8125 0.37040937500000004 0.7626953125 0.298421875 0.724609375 0.3232890625 0.7255859375 0.3560109375
31 0.78125 0.25522812500000003 0.8203125 0.257846875 0.837890625 0.2133453125 0.7861328125 0.1806234375 0.7734375 0.20549218749999998 0.78125 0.25522812500000003
31 0.6328125 0.2944953125 0.62890625 0.3180546875 0.642578125 0.354703125 0.658203125 0.3599375 0.6796875 0.3337609375 0.681640625 0.304965625 0.6533203125 0.27747968749999996 0.6328125 0.2944953125
31 0.6923828125 0.392659375 0.75 0.39135 0.7578125 0.38349687499999996 0.7080078125 0.327215625 0.669921875 0.3782625 0.6923828125 0.392659375
31 0.6103515625 0.1963296875 0.572265625 0.2211984375 0.603515625 0.23428749999999998 0.6103515625 0.1963296875
31 1 0.8703953125 0.9970703125 0.795790625 0.97265625 0.8311296875 0.974609375 0.8677781250000001 1 0.8703953125
10 0.421875 0.770921875 0.419921875 0.8285109374999999 0.4287109375 0.8612328125 0.455078125 0.865159375 0.48046875 0.77615625 0.4677734375 0.75390625 0.4443359375 0.746053125 0.421875 0.770921875
10 0.4931640625 0.696315625 0.470703125 0.723803125 0.470703125 0.7525968749999999 0.4873046875 0.7748484375 0.515625 0.77615625 0.533203125 0.76045 0.53515625 0.7421265625 0.5146484375 0.696315625 0.4931640625 0.696315625
10 0.5849609375 0.6439609374999999 0.564453125 0.6714484374999999 0.564453125 0.7578328125 0.5830078125 0.7800828125 0.619140625 0.778775 0.642578125 0.7473625 0.634765625 0.6688296874999999 0.6162109375 0.6465796874999999 0.5849609375 0.6439609374999999
10 0.5986328125 0.7905546875 0.5703125 0.8180406250000001 0.564453125 0.904425 0.5810546875 0.9319124999999999 0.619140625 0.9436921875 0.6328125 0.930603125 0.6484375 0.8337468749999999 0.6279296875 0.7984078125 0.5986328125 0.7905546875
9 0.2587890625 0 0.2470703125 0.049737500000000004 0.2294921875 0.010470312499999999 0.1845703125 0 0.158203125 0.032721875 0.1318359375 0.10732656249999999 0.1142578125 0.10732656249999999 0.1025390625 0.0916203125 0.0966796875 0.1020921875 0.0693359375 0.05759062499999999 0.0517578125 0.05759062499999999 0.02734375 0.16884375000000001 0.05078125 0.270934375 0.1123046875 0.33506874999999997 0.1513671875 0.33506874999999997 0.1689453125 0.3560109375 0.255859375 0.3599375 0.3037109375 0.33768750000000003 0.310546875 0.328525 0.2998046875 0.30627499999999996 0.3427734375 0.31150937500000003 0.419921875 0.257846875 0.421875 0.176696875 0.400390625 0.1034 0.396484375 0.024868750000000002 0.3759765625 0 0.2587890625 0
9 0 0.996046875 0.1240234375 0.9973546875 0.1328125 0.9672515625000001 0.1552734375 0.955471875 0.1962890625 0.9947374999999999 0.24609375 0.996046875 0.263671875 0.9829578124999999 0.26953125 0.946309375 0.271484375 0.8625421875000001 0.24609375 0.8180406250000001 0.25390625 0.768303125 0.26953125 0.7421265625 0.267578125 0.63218125 0.28125 0.61909375 0.287109375 0.5745921875 0.29296875 0.409675 0.2802734375 0.376953125 0.1630859375 0.3638640625 0.142578125 0.38873281249999997 0.158203125 0.4358515625 0.1875 0.46726406249999997 0.169921875 0.480353125 0.2001953125 0.4816625 0.203125 0.514384375 0.1728515625 0.5444875 0.1142578125 0.520928125 0.0986328125 0.5444875 0.0625 0.5588859375 0.04296875 0.6662125 0 0.7970984375 0 0.996046875
9 0.6103515625 0.5340171875 0.4462890625 0.5313984375 0.439453125 0.5876796875 0.4091796875 0.6282546875 0.3974609375 0.602078125 0.3818359375 0.602078125 0.3564453125 0.6282546875 0.359375 0.5902984375 0.3310546875 0.5811359375 0.296875 0.7421265625 0.26953125 0.9908109375 0.63671875 0.996046875 0.7080078125 0.9947374999999999 0.71875 0.9829578124999999 0.6796875 0.5484140625 0.6103515625 0.5340171875
9 0.88671875 0.22643437500000002 0.8603515625 0.217271875 0.8427734375 0.1884765625 0.830078125 0.1871671875 0.828125 0.15575468750000002 0.810546875 0.1321953125 0.81640625 0.11910625 0.8115234375 0.08376718749999999 0.7568359375 0.054971875 0.73828125 0.0693703125 0.7314453125 0.0942390625 0.7119140625 0.086384375 0.6865234375 0.0942390625 0.6396484375 0.1465921875 0.640625 0.1086359375 0.6123046875 0.09685625 0.5927734375 0.1020921875 0.5771484375 0.14397500000000002 0.5615234375 0.12826875 0.54296875 0.1479015625 0.544921875 0.21072656250000002 0.5556640625 0.22512500000000002 0.599609375 0.2369046875 0.59765625 0.2787875 0.626953125 0.3075828125 0.6494140625 0.3717171875 0.6904296875 0.392659375 0.75 0.39135 0.8037109375 0.38742343749999997 0.8701171875 0.3560109375 0.876953125 0.34161406250000004 0.88671875 0.22643437500000002
9 1 0.8782484374999999 0.982421875 0.87563125 1 0.8730125 0.9990234375 0.520928125 0.9775390625 0.5340171875 0.9482421875 0.5104578125 0.9208984375 0.513075 0.9052734375 0.5340171875 0.8681640625 0.5235453125 0.8349609375 0.5654296875 0.7880859375 0.54710625 0.7421875 0.6583593750000001 0.740234375 0.721184375 0.75390625 0.8154234375 0.8193359375 0.937146875 0.8642578125 0.9737953125000001 0.8759765625 0.971178125 0.873046875 0.993428125 0.890625 0.996046875 0.9619140625 0.9842671875000001 1 0.993428125 1 0.8782484374999999
2 0 0.996046875 0.123046875 0.996046875 0.134765625 0.896571875 0.1806640625 0.94761875 0.228515625 0.8180406250000001 0.244140625 0.8075703125 0.265625 0.6295640625 0.279296875 0.611240625 0.28515625 0.561503125 0.2841796875 0.3795703125 0.2373046875 0.3638640625 0.1455078125 0.3743359375 0.14453125 0.3965859375 0.1796875 0.46726406249999997 0.150390625 0.4777359375 0.2021484375 0.48427968750000006 0.203125 0.5170015625 0.1748046875 0.54710625 0.1162109375 0.520928125 0.05859375 0.56935625 0.029296875 0.7290375 0 0.802334375 0 0.996046875
10 0.5087890625 0.7827015625 0.490234375 0.8075703125 0.490234375 0.87563125 0.51953125 0.896571875 0.5390625 0.880865625 0.546875 0.8180406250000001 0.5322265625 0.7879375 0.5087890625 0.7827015625