23 0.48081270312499996 0.4606553328125 0.5128303562500001 0.4269965953125 0.5189932749999999 0.32984313125 0.49987636875 0.270429253125 0.46856821249999997 0.273567940625 0.453181 0.305645959375 0.45047205625000003 0.4221752046875 0.470040446875 0.462167803125 0.48081270312499996 0.4606553328125
23 0.2977544796875 0.35738451875 0.31389229375 0.3350065484375 0.33183611874999996 0.23494032968749998 0.3285756203125 0.2072420359375 0.3141559171875 0.1977012359375 0.2953792375 0.2076287828125 0.2819858984375 0.2799025828125 0.27848520625 0.34651324843750003 0.2977544796875 0.35738451875
21 0.3069376296875 0.382241434375 0.3783734734375 0.3744743390625 0.39713236875 0.2813350375 0.3711253015625 0.2663813546875 0.32582553281250004 0.28355275 0.3117460921875 0.3433518109375 0.2879263328125 0.360272959375 0.292388921875 0.3782500203125 0.3069376296875 0.382241434375
21 0.6681512328125 0.3378141953125 0.6386023328125 0.349252646875 0.6273140859375 0.372961090625 0.63422199375 0.4117142140625 0.6728895796875001 0.4279058078125 0.6931263609375 0.39715826249999997 0.6883001515625 0.352834565625 0.6681512328125 0.3378141953125
10 0.5001464796875 0.4687519125 0.49754875624999995 0.4965200171875 0.50068025 0.52976769375 0.5238549781249999 0.540593465625 0.6660405265625 0.5125860984374999 0.7452461390625 0.4645094703125 0.7504827265625 0.4491917890625 0.6447362765625 0.42129895 0.52503931875 0.4476589140625 0.5001464796875 0.4687519125
18 0.3787548421875 0.4840342921875 0.394100909375 0.41173774375 0.38202091718750003 0.3855276078125 0.32174435 0.37513408125000003 0.3047913921875 0.3905882609375 0.30002407343750004 0.469696415625 0.3787548421875 0.4840342921875
18 0.6416403140625 0.554476346875 0.6762734015625 0.5762643890625 0.70938191875 0.6216455578125 0.7172984437500001 0.6589999609375 0.7403442015625 0.675373553125 0.7474045125 0.66558250625 0.765412803125 0.5627431578125 0.7209104296875 0.503625028125 0.6976711625 0.4955755125 0.6295603203125 0.5282662109375 0.6297949375 0.5601622296875 0.6416403140625 0.554476346875
23 0.448906309375 0.40555136562499994 0.45015515468749995 0.309842121875 0.4310559953125 0.3336415625 0.4244883125 0.3642298609375 0.4025568171875 0.3839013890625 0.3977483890625 0.4227894484375 0.4195275203125 0.451660528125 0.448906309375 0.40555136562499994
31 0.619403175 0.20940014062499998 0.6276833203125001 0.27310118125 0.6588391125 0.3185051 0.686177309375 0.31818660312499997 0.6992247734375 0.3027794890625 0.70579245625 0.27219119062499997 0.690129521875 0.23215309374999998 0.6459907312500001 0.1993831609375 0.619403175 0.20940014062499998
18 0.49605964843750006 0.6865413499999999 0.47048070624999994 0.695159609375 0.4587409390625 0.7382908953125 0.45244901875 0.84099374375 0.47272690468749995 0.8504662937499999 0.6369495953125 0.8402312375 0.6481499796875 0.8622907109375 0.673406440625 0.8675443484375001 0.697484175 0.8395259953125 0.7405732046875 0.833476115625 0.75173244375 0.8153170578125 0.7423380734375 0.715569334375 0.7206879125000001 0.681150434375 0.49605964843750006 0.6865413499999999
23 0.7121908968749999 0.6687666953125 0.683245846875 0.6122412578125 0.66541328125 0.623544771875 0.5541722671875 0.6220668171875 0.5372193453125 0.6375194328125 0.5349441015624999 0.6514156421874999 0.568310596875 0.6856996093750001 0.7121908968749999 0.6687666953125
21 0.5409659140625 0.350390134375 0.5338411 0.3629558734375 0.5615840640624999 0.42920254375000005 0.5839436859375 0.43310295937500004 0.6558777671875 0.319926571875 0.6228337515625 0.27177070937500003 0.5409659140625 0.350390134375
9 0.7040977390625 0.261115171875 0.6883057625 0.2266280234375 0.6538016468750001 0.19929216249999998 0.609897509375 0.19841668750000002 0.6195789 0.11786431093750001 0.6093226671875 0.09717924375 0.5484655734375 0.111757946875 0.43170663593749997 0.1796881 0.40344768750000004 0.13563740156249998 0.34422084375 0.16406525 0.327696009375 0.2030913734375 0.3004223171875 0.20063517812499998 0.27848520625 0.34651324843750003 0.30082143281249996 0.393408453125 0.2990799609375 0.46832044531249994 0.2629867375 0.4673539703125 0.2527071078125 0.48966369062500004 0.23796489062499998 0.4939963515625 0.22015010781250002 0.5885116234375001 0.22394430468749998 0.6772288265624999 0.2568181734375 0.6907155421875 0.26099938906250003 0.76278459375 0.29232529218750003 0.842859225 0.30863325625 0.8551504015625 0.3987167359375 0.8430067078124999 0.5038415890625 0.8556501171875001 0.62132776875 0.8404132343749999 0.673406440625 0.8675443484375001 0.697419671875 0.8423006859375001 0.7385559749999999 0.8362735562499999 0.7535561656249999 0.8208436921875 0.7410948046875 0.6850736000000001 0.765412803125 0.5627431578125 0.7219835484375 0.49945161406249994 0.7243877609375 0.48000758593750004 0.7524354546875001 0.449169040625 0.742050178125 0.43403492187500003 0.6748423078125 0.42788305781249997 0.6910446265625 0.4027303953125 0.6937713546875 0.3694129046875 0.663495171875 0.3281596484375 0.6950613406249999 0.3139221921875 0.7040977390625 0.261115171875