20 0.6348119203125 0.7864045796875 0.5935965375000001 0.6890581203125 0.58050541875 0.6869341390625 0.48078836562499994 0.761808853125 0.47335400625 0.8210422828124999 0.498310778125 0.8796836578124999 0.5244389640625 0.8905516468749999 0.61993263125 0.81362635 0.6348119203125 0.7864045796875
9 0.4003106359375 0 0.3598131578125 0.0118276734375 0.3543700546875 0.007409529687499999 0.002663078125 0.06535663124999999 0.012605439062500001 0.3093596203125 0.12735961406250002 0.6065998203125 0.1505853453125 0.6879664125 0.2647327109375 0.9947866718749999 0.51742393125 0.98890521875 0.5248676984375 0.9777710171875 0.544043025 0.9882856515625 0.5441183453125 0.9882838984375001 0.6652933 0.9685763609375 0.671921615625 0.959708828125 0.6881408687499999 0.9665386484375 0.7293854046875 0.9599910125 0.8066105390624999 0.9447084390624999 0.7856785562499999 0.8656642937499999 0.7919443 0.8542021984374999 0.7911845359375 0.8067009281249999 0.7421153703125001 0.772615415625 0.726619321875 0.7814095515624999 0.724877428125 0.7128881375 0.693788603125 0.6035356078125 0.6792416015625 0.5910374859374999 0.6444986125 0.5959309671875 0.6411461734375 0.6281410921874999 0.6247791765625 0.6026745203125 0.6244694 0.5934617296875 0.6546236328124999 0.5839251515625 0.6975845125 0.5183650296875 0.7011593171875 0.459673778125 0.6881781234375 0.44431103125 0.644734175 0.429270271875 0.6028239296875 0.3690491453125 0.5873834718750001 0.3712230015625 0.5787143359375 0.3936029578125 0.5675528546875 0.391207115625 0.6165555765625 0.340666278125 0.621421028125 0.31220976093749997 0.5674561265625 0.2642663125 0.5318103703125 0.1925848890625 0.552987228125 0.1962152234375 0.5635304109375 0.18018368437500001 0.51940451875 0.062087146875 0.5050327328125 0 0.4003106359375 0
19 0.110682840625 0.57192045625 0.12704983593750002 0.597387028125 0.1428781734375 0.5488729984375 0.1690841796875 0.5041864796875 0.210622259375 0.47056461875 0.185244525 0.41595101406249996 0.1492031125 0.299362625 0.173834 0.16629384687499998 0.15329795 0.1321582046875 0.145293109375 0.075096834375 0.10677924218749998 0.04820249375 0.002663078125 0.06535663124999999 0.012587753125 0.30892559999999997 0.110682840625 0.57192045625
19 0.1745105203125 0.500776334375 0.1483045140625 0.5454628546875 0.1292336609375 0.612948240625 0.1555366734375 0.6952040671875 0.2192084296875 0.7351674203125 0.26307054218750003 0.7461824578125 0.2552723515625 0.8028231234375 0.32524013749999997 0.8736388375 0.4041537578125 0.8889749796874999 0.42706319531250003 0.86987984375 0.4766523921875 0.7954521875 0.47494204218749997 0.7692434296874999 0.4112940546875 0.68034559375 0.4041589 0.657546728125 0.36943968125 0.6135057296875 0.3486284734375 0.6124694468749999 0.349213409375 0.58858288125 0.33586810312500004 0.5706258265625 0.3075005046875 0.55081690625 0.26363839218749996 0.5398018671875 0.25322708125000004 0.49365886875 0.2421755265625 0.478024259375 0.21562917656249997 0.471181990625 0.1745105203125 0.500776334375
19 0.473916146875 0.2919868109375 0.4185269046875 0.27598187812499997 0.4110594640625 0.292902903125 0.397548925 0.2948064390625 0.3948450671875 0.387758396875 0.42925576718749997 0.42258480781249996 0.5175998265625 0.46304200937499995 0.6190443171875 0.5968700765625 0.6558268671875 0.578465965625 0.6987862093749999 0.512906096875 0.7006843046875 0.470321578125 0.692766878125 0.44895412500000004 0.6405107890624999 0.42721968749999994 0.611194140625 0.4287030265625 0.5967027296875 0.409584621875 0.5514387875 0.381575415625 0.473916146875 0.2919868109375
20 0.4634732953125 0.203531153125 0.493516346875 0.20723513906250002 0.508427178125 0.2223260265625 0.5582005171875 0.310533090625 0.529392521875 0.34368411875 0.545339815625 0.3731766640625 0.5641117437500001 0.38772511718749997 0.58195713125 0.37463314531249997 0.596693415625 0.3183377375 0.5231094109375001 0.172650646875 0.5108561578125 0.1624749703125 0.4634732953125 0.203531153125
18 0.3289255578125 0.2476038890625 0.32132470625 0.32669970625 0.3523498859375 0.35142383593750004 0.38312087968749997 0.3603148921875 0.3933014890625 0.34168879375 0.39447164218749997 0.2939172046875 0.412626809375 0.290038025 0.4165972671875 0.2762537390625 0.47584578437499997 0.2917149484375 0.4961291859375 0.3100172625 0.504125971875 0.2758299515625 0.48691985156250006 0.25841687343749997 0.4352817796875 0.2551082734375 0.42397729531249995 0.22363879375 0.373342603125 0.19241945 0.3289255578125 0.2476038890625
18 0.1784240734375 0.036398320312499996 0.17838161875 0.0373758546875 0.2222770921875 0.0907048390625 0.252803209375 0.1750097078125 0.294395621875 0.1347693609375 0.3252462546875 0.088107196875 0.392381634375 0.0826198640625 0.351482415625 0.00788529375 0.1784240734375 0.036398320312499996
19 0.28764320625 0.2970585703125 0.2378235890625 0.306718671875 0.2148045078125 0.3390541171875 0.1719773203125 0.3424409921875 0.1733235609375 0.3660554421875 0.18717416250000002 0.41567915156249996 0.20880254374999999 0.4575977125 0.24144912187499998 0.4728369359375 0.2547928890625 0.4907942421875 0.2655680296875 0.5395300062499999 0.33404811093750003 0.5576573781249999 0.3431369484375 0.5312514453125 0.3367297375 0.5136396484375 0.335319853125 0.40539679843750004 0.367404003125 0.3955899015625 0.3545893015625 0.3603647671875 0.28764320625 0.2970585703125
18 0.4066281703125 0.177152078125 0.42215758125 0.21067188906249998 0.4627768953125 0.24065674062500003 0.48775897500000004 0.25036338125 0.5167658453125 0.23966725000000003 0.4915867078125 0.20750700000000002 0.46685881562500003 0.21363343437500001 0.45883020781250006 0.2055065453125 0.433705121875 0.1667262671875 0.417560771875 0.1147801140625 0.4047223 0.128489459375 0.4066281703125 0.177152078125
18 0.27955746718749996 0.295552215625 0.23239725 0.310128815625 0.2148045078125 0.3390541171875 0.173908496875 0.3421688765625 0.1733235609375 0.3660554421875 0.18717416250000002 0.41567915156249996 0.20880254374999999 0.4575977125 0.24144912187499998 0.4728369359375 0.2547928890625 0.4907942421875 0.2655680296875 0.5395300062499999 0.33441222187499997 0.5602516843750001 0.3431369484375 0.5312514453125 0.3367297375 0.5136396484375 0.335319853125 0.40539679843750004 0.367404003125 0.3955899015625 0.3545893015625 0.3603647671875 0.27955746718749996 0.295552215625
19 0.6443982828125 0.7004181625 0.6061598484374999 0.7084481328125001 0.6381974421875001 0.796506859375 0.5321605921875 0.8894636953124999 0.5282535 0.9878748390625001 0.8069746500000001 0.947302746875 0.784113028125 0.8685304609375001 0.7924180546875 0.8435561968749999 0.788889528125 0.8043802781249999 0.7401857328125 0.772887278125 0.726255490625 0.7788167890625 0.719309621875 0.687224390625 0.6876899125 0.5951384 0.66536695 0.5903467140624999 0.6444445609375 0.6025509953125 0.650045728125 0.6705286890625 0.6443982828125 0.7004181625
19 0.3598995984375 0.6016249796875 0.40572624687500003 0.6546818484375 0.4151551484375 0.6798031609375 0.474633803125 0.760030384375 0.49801699531250004 0.730289246875 0.5355274875 0.71707220625 0.5708554109375 0.6882921578125 0.589792853125 0.6829815625 0.6046480953125 0.7046927296875001 0.626243115625 0.70429734375 0.637096075 0.6974785984375 0.645820803125 0.6684783578125 0.6387968328125 0.632438928125 0.5214035109374999 0.4691185671875 0.4980443671875 0.449926765625 0.41465317500000004 0.416706965625 0.37798026875 0.42187076718750005 0.3565841234375 0.44472105156249997 0.364588684375 0.5017808796875001 0.40328018125 0.5320388828125 0.42879006718749996 0.524479490625 0.3619404171875 0.58811255625 0.3598995984375 0.6016249796875
20 0.17733098281249998 0.1631571046875 0.1641046328125 0.22320662656249998 0.21565682968750002 0.190821053125 0.207231028125 0.1377874546875 0.22627937187499997 0.11923475312500001 0.21153377343750002 0.0842832765625 0.199952871875 0.0859149515625 0.20559395781249998 0.078946246875 0.191316140625 0.09105808125 0.16920732031250002 0.03791686875 0.10639617187499999 0.0482656078125 0.1525381859375 0.0846569359375 0.1559570671875 0.13707316249999998 0.17733098281249998 0.1631571046875
18 0.2084342640625 0.13232826875 0.212380953125 0.1674784640625 0.22301308749999998 0.187140590625 0.245866653125 0.1746641953125 0.22779112656249997 0.12299015625000001 0.2084342640625 0.13232826875
18 0.39241345625 0.12493406250000001 0.38226438749999997 0.18587282031250002 0.39613903906250003 0.18656358906249998 0.4012574203125 0.17394194062499999 0.4040484125 0.1166823609375 0.39241345625 0.12493406250000001
18 0.2971832890625 0.30893932031250004 0.3240378765625 0.324994634375 0.327779734375 0.24644408125 0.2916695359375 0.27665554531250003 0.2971832890625 0.30893932031250004