9 0.5213203890625 0.45885753124999995 0.5356280421874999 0.45368578125000003 0.5672702546874999 0.349526896875 0.5516037625 0.2699688890625 0.5114641609375 0.2353450015625 0.4220657640625 0.18618840781249998 0.37612039531249997 0.17528018750000002 0.3633001921875 0.1867030421875 0.358134725 0.17874409375 0.2798057203125 0.2688696515625 0.24846373906250002 0.3502313453125 0.24484854375 0.36940375 0.2562640390625 0.37956992500000003 0.2448899140625 0.3833238171875 0.2849452390625 0.390107271875 0.2997615109375 0.43173896406249995 0.283283203125 0.448413859375 0.2757341984375 0.5025962765624999 0.25734409999999996 0.4940570578125 0.2416102859375 0.5138576546875 0.248494578125 0.604628821875 0.3250942234375 0.6721684531250001 0.34639793281250003 0.6723299296875 0.3666584515625 0.6921631953125 0.3872176671875 0.6891989703125 0.460444025 0.6119947125 0.5213203890625 0.45885753124999995
9 0.094104996875 0.44050066406250005 0.06757903125 0.291261434375 0.0399410203125 0.2610522984375 0.022928143749999998 0.34420242343749996 0.06340781250000001 0.3699488875 0.0771196078125 0.4103724171875 0.0716968125 0.439131025 0.0890023515625 0.45342196562500003 0.094104996875 0.44050066406250005
18 0.06953219375 0.3303956140625 0.07206283125 0.31697493125 0.0657285265625 0.286927271875 0.051399421875 0.2851388390625 0.044870615625 0.31268898749999996 0.06953219375 0.3303956140625
18 0.0678088703125 0.36782225 0.077334028125 0.35973449375 0.06953219375 0.3303956140625 0.0485486359375 0.31439683125 0.0276279 0.3192782953125 0.0232896640625 0.34228518281250003 0.035449653125 0.355577059375 0.0678088703125 0.36782225
23 0.4318516 0.50905894375 0.41573634843749996 0.523816896875 0.4062525609375 0.5458247203125 0.375146453125 0.583508671875 0.37193414687500004 0.6146839046875 0.38560457187499997 0.6411873671875 0.37314435156250003 0.6506926828124999 0.3709752328125 0.6621961265625 0.3787142453125 0.67065475625 0.39378784375000003 0.6755688906249999 0.4040574921875 0.6706068359375 0.43259005781250004 0.6324232015625 0.45019582812500003 0.62391695 0.500226603125 0.5282969859375 0.515514621875 0.4825731984375 0.51217666875 0.47198793125 0.48094491406250006 0.46791138437499996 0.45891816875 0.4715843890625 0.43840185781249996 0.48846897968749997 0.4318516 0.50905894375
23 0.3829313328125 0.485648515625 0.37189727499999997 0.480524984375 0.36230929375 0.467732490625 0.372557490625 0.455810253125 0.3758111671875 0.4385550875 0.351914 0.4309340453125 0.33907234218750004 0.43539671718750006 0.3391152484375 0.4493170828125 0.32042645468750003 0.4635753546875 0.317534296875 0.478913278125 0.3039481484375 0.4802502484375 0.30214055 0.48983645156250005 0.29261539375 0.4979242078125 0.2729676859375 0.5596947 0.2645270875 0.5620307343750001 0.25468178125 0.5859557984375 0.2565935734375 0.6111699125000001 0.2819582734375 0.618082175 0.30330335 0.63216371875 0.326436109375 0.629699175 0.35163225625 0.580930571875 0.3607958953125 0.5747600562499999 0.3848017546875 0.49694256093750006 0.3829313328125 0.485648515625
31 0.3793590421875 0.5187412859375 0.3716828546875 0.53116290625 0.3651755 0.5656732375 0.36224197343750003 0.5670910953125 0.3633679015625 0.575259440625 0.36668440156250004 0.578884525 0.371829953125 0.5798835875 0.3791645390625 0.5763390937499999 0.393430821875 0.5572472765625001 0.4062525609375 0.5458247203125 0.4087831984375 0.5324040359375 0.42855655312499996 0.5123940421875 0.43621128750000004 0.493012240625 0.42957828749999993 0.485762071875 0.42664475937499996 0.4871799296875 0.4005570203125 0.4841021484375 0.388076884375 0.4866475796875 0.3855876171875 0.5139883296875001 0.3793590421875 0.5187412859375
18 0.314337409375 0.63728725 0.326860453125 0.648662184375 0.3650867265625 0.658071659375 0.37314435156250003 0.6506926828124999 0.3731229 0.6437325 0.3734645015625 0.634855375 0.3712524765625 0.632438453125 0.37563361875 0.62335193125 0.37008517812499997 0.610350040625 0.366768678125 0.60672495625 0.3436160015625 0.602229615625 0.33627988124999997 0.6057738125000001 0.329328265625 0.61436125 0.3257130703125 0.63353365625 0.314337409375 0.63728725
31 0.310135353125 0.4615772265625 0.314154975 0.45440794531249995 0.3148780125 0.4505734640625 0.30530995 0.44474085468749996 0.308968053125 0.43948881406250007 0.32510475625 0.43169104375 0.3331838359375 0.43127224999999997 0.343834921875 0.4313528390625 0.3691996203125 0.4382651015625 0.3765342078125 0.43472060625 0.3765142890625 0.427760721875 0.360717653125 0.42668106874999995 0.352617121875 0.4201396796875 0.3522126953125 0.40813655468750004 0.3591658453125 0.399549415625 0.3455383265625 0.38696631875 0.35136401093749997 0.3702105375 0.348047509375 0.366585453125 0.33040190625 0.36117193593749997 0.31203325937500004 0.3595929 0.2933230140625 0.36689098750000004 0.2956177765625 0.39714804375 0.2930871390625 0.410568728125 0.3004845484375 0.42790448281250004 0.29795391250000003 0.4413251671875 0.2862182671875 0.4469963 0.2836876296875 0.460416984375 0.285175078125 0.4666680890625 0.295124578125 0.47754334062500003 0.3020991796875 0.47591638437499995 0.3006101953125 0.4696649828125 0.30575574687499996 0.4706640453125 0.30205627343749997 0.46199602031250003 0.30573429375 0.46370386406249997 0.310135353125 0.4615772265625
23 0.46115614374999997 0.3607226390625 0.442787496875 0.35914360312500004 0.4343453640625 0.3614793390625 0.42662780624999996 0.35998089218749996 0.4199948046875 0.3527307234375 0.4045596890625 0.3497338296875 0.39027195312499996 0.3618654640625 0.3925038953125 0.3712422703125 0.41346753437499995 0.3802811703125 0.4256688921875 0.4074931140625 0.43780896406250003 0.4138251046875 0.45067207187499997 0.41632261562500006 0.46723311875 0.42748785468749995 0.480096228125 0.429985365625 0.522786384375 0.458148453125 0.5279319359375 0.4591475171875 0.5356280421874999 0.45368578125000003 0.547642465625 0.41825727500000004 0.54979013125 0.3997936484375 0.5402236031250001 0.3939613375 0.4865622125 0.38155496875 0.46115614374999997 0.3607226390625
23 0.3795106390625 0.44722311406250004 0.37842608125 0.4529748359375 0.366328915625 0.46056320937499995 0.36452131875 0.4701494125 0.36968678593750004 0.4781083609375 0.3796148328125 0.48202343125 0.38805543125 0.479687396875 0.4137816515625 0.48468241875 0.432511815625 0.4843442140625 0.46221475156249997 0.46824958906249997 0.49489258437499994 0.46465717343749996 0.5080957609375 0.4582772609375 0.5080743062499999 0.45131707812500005 0.5014413078125 0.44406690937500004 0.474950678125 0.42898630156250006 0.4264348375 0.417578996875 0.405152584375 0.42437770312499995 0.394181346875 0.440134421875 0.3795106390625 0.44722311406250004
23 0.378620584375 0.39537702812500003 0.355509278125 0.4048017546875 0.35334015937499996 0.41630519843749997 0.361079171875 0.424763828125 0.394882934375 0.4293397578125 0.40039000468749997 0.42842158125 0.40551410312499997 0.42246046249999997 0.42862540937500004 0.4130357359375 0.42788091718750004 0.409910034375 0.42014190625000003 0.40145140625 0.41865445625 0.3952003 0.4098094328125 0.3855332109375 0.410532471875 0.38169872968749996 0.4072159734375 0.3780736453125 0.3917808546875 0.37507675156250003 0.3837232296875 0.382455728125 0.378620584375 0.39537702812500003
23 0.503553634375 0.2914446609375 0.4925394953125 0.2932810140625 0.46239229843749996 0.28345274531250003 0.44330061406250004 0.28570819062499997 0.4040526046875 0.3029306859375 0.403329565625 0.3067651671875 0.4213780609375 0.32418151093750003 0.43060452031249996 0.33889124531250003 0.4427445921875 0.3452232375 0.45817970937499997 0.34822013125 0.48430881875000004 0.3652179796875 0.5045279671875 0.371131178125 0.5115224875 0.37646410625 0.5386932484375 0.3737898671875 0.5548314875 0.3659923953125 0.565079684375 0.3540701578125 0.566504309375 0.3394410140625 0.5616574562500001 0.31564445937499996 0.55170795625 0.30476920625 0.536995878125 0.29793783125 0.503553634375 0.2914446609375
10 0.513314665625 0.2396791640625 0.5055971078125 0.23818071718749997 0.4768959890625 0.22068348593749998 0.46953995 0.2172677984375 0.45888732968749996 0.21718691250000002 0.4394540421875 0.22831948125 0.43800796406250003 0.23598844375 0.43507443749999997 0.2374063015625 0.4365618859375 0.24365740625 0.433628359375 0.24507526406250002 0.4362432734375 0.2594950125 0.446192771875 0.270370265625 0.468622409375 0.27870008749999997 0.4778274171875 0.2864496390625 0.48518345625 0.2898653265625 0.498046565625 0.2923628375 0.5009800921875 0.2909449796875 0.5550045375 0.30143440625 0.558258215625 0.284179240625 0.549393275 0.267552265625 0.53465974375 0.25376070781250004 0.513314665625 0.2396791640625
23 0.42065502187500003 0.3280159921875 0.41070552187500003 0.3171407390625 0.4022450078125 0.31251688906249997 0.403329565625 0.3067651671875 0.394464625 0.29013819218750003 0.38196303593750003 0.2857234421875 0.37498843437499996 0.2873503984375 0.3691627484375 0.3041061796875 0.3559381203125 0.303525909375 0.3431592859375 0.32886883125 0.342840671875 0.3447064375 0.35614804218749996 0.3731268421875 0.3469844046875 0.37929735781249996 0.34628281875 0.3900920203125 0.36614044687499997 0.39792245937500004 0.3760470421875 0.394877346875 0.3793436234375 0.391542546875 0.3778546390625 0.38529114531249997 0.38774131562499997 0.37528614843749997 0.3913565125 0.35611374218749997 0.4019876796875 0.349234446875 0.42254689531249995 0.346270221875 0.42324848125000003 0.3354755578125 0.42065502187500003 0.3280159921875
31 0.45539777812500004 0.2781198171875 0.4358817515625 0.261412253125 0.43254380000000003 0.25082698593749997 0.4357974765625 0.23357182031249998 0.44604567343749996 0.22164958281249997 0.45484779062499997 0.2173963078125 0.4555708296875 0.21356182812500002 0.437903771875 0.201188128125 0.42540218125000007 0.1967733765625 0.42108539843750004 0.2267404453125 0.410517053125 0.254499990625 0.3958478796875 0.26158898124999996 0.39440180156250004 0.26925794375 0.38670416093750004 0.27471938125 0.3742025703125 0.2703046296875 0.366867984375 0.273849125 0.3603192609375 0.2944393875 0.36584625000000004 0.3004810953125 0.39084942968749997 0.30931059843750003 0.41400210625 0.3138059390625 0.4150652109375 0.3010940359375 0.41836025781249997 0.2977589375 0.4462341421875 0.2842903328125 0.4557807515625 0.283162759375 0.45539777812500004 0.2781198171875
31 0.421849809375 0.23682603124999999 0.4258265234375 0.21573638437499998 0.43535168124999996 0.20764862968750003 0.43497024375000004 0.2026059859375 0.42576369999999997 0.1948561359375 0.411051621875 0.1880247609375 0.39561650625 0.1850278671875 0.38090442812499997 0.1781964921875 0.37171933749999997 0.177406825 0.3636831640625 0.1917459828125 0.3559855234375 0.1972074203125 0.353775034375 0.194790796875 0.349735496875 0.19500019375 0.3537964890625 0.20175097968750003 0.347566378125 0.2065036375 0.33551058437500003 0.228012078125 0.3341058765625 0.2496011078125 0.33706085625000004 0.2551434328125 0.34883940625 0.26339266562499997 0.361702515625 0.2658901765625 0.3639130046875 0.2683068 0.38706568125 0.27280214062499997 0.39440180156250004 0.26925794375 0.3951248421875 0.2654234625 0.40686048750000003 0.2597523296875 0.407583525 0.2559178484375 0.413813634375 0.251165190625 0.421849809375 0.23682603124999999
31 0.256829446875 0.567492171875 0.2608689859375 0.567282775 0.26159202656249997 0.5634482953125 0.267460615625 0.5606128781249999 0.2677807640625 0.5447755703125 0.27987792968749997 0.5371871968749999 0.27839047968749997 0.5309360921875 0.2813240078125 0.529518234375 0.2820271296875 0.51872386875 0.2816441578125 0.5136809265625 0.27611563437500003 0.5076389203125 0.2555365015625 0.5036432609375 0.2482003796875 0.5071874578125 0.24711582031249998 0.5129391796875 0.24418229375 0.5143570375000001 0.23875949843750002 0.543115646875 0.256829446875 0.567492171875