9 0.7845194769874477 0.350585271875 0.8054386820083682 0.2607422484375 0.8185138326359833 0.243164728125 0.8054386820083682 0.1982422484375 0.815900878661088 0.18652325625 0.8093620062761506 0.166015503125 0.7753650543933055 0.164062015625 0.7714443263598326 0.1904302328125 0.7335240502092051 0.21289147343749998 0.7152203953974896 0.1914069765625 0.6851467677824268 0.18652325625 0.6642249686192468 0.163085271875 0.6707638410041841 0.14257751875 0.6446135376569038 0.14257751875 0.6132321359832635 0.15429651093750002 0.5818507343096234 0.1445310078125 0.540009730125523 0.08007751874999999 0.5243190292887029 0.0820310078125 0.5086309225941423 0.101562015625 0.461558820083682 0.1230465109375 0.41448671757322175 0.10546899218750001 0.4027193410041841 0.1220697671875 0.42625409414225945 0.14160077499999998 0.3412669058577406 0.18164147343749998 0.2549693493723849 0.23437596875 0.20920502092050208 0.297850775 0.22228017154811716 0.37402325625 0.23927864853556485 0.37695348906250004 0.29681035355648533 0.42187596875000005 0.39879601673640164 0.45117248125 0.502092050209205 0.45996124062500005 0.6027725334728034 0.445312015625 0.6158476861924687 0.4492189921875 0.7387551485355648 0.40234302343749995 0.7845194769874477 0.350585271875
9 0.864278161087866 0.789062015625 0.7962868535564853 0.78125 0.7099892970711297 0.8164069765624999 0.6537653661087865 0.8505852718750001 0.6354591150627615 0.8701162796874999 0.6406902133891214 0.915038759375 0.6786078953974896 0.9335930234375001 0.7217566736401674 0.9384767437500001 0.7492147510460251 0.9355465109375001 0.8917362384937239 0.8779302328125 0.9048113912133892 0.829100775 0.864278161087866 0.789062015625
23 0.864278161087866 0.789062015625 0.7962868535564853 0.78125 0.7099892970711297 0.8164069765624999 0.6537653661087865 0.8505852718750001 0.6354591150627615 0.8701162796874999 0.6406902133891214 0.915038759375 0.6786078953974896 0.9335930234375001 0.7217566736401674 0.9384767437500001 0.7492147510460251 0.9355465109375001 0.8917362384937239 0.8779302328125 0.9048113912133892 0.827149225 0.864278161087866 0.789062015625
23 0.815900878661088 0.17089922500000002 0.7936713054393305 0.1601569765625 0.7714443263598326 0.165038759375 0.7688287761506276 0.1904302328125 0.7296033221757322 0.227538759375 0.7139126213389121 0.288085271875 0.7139126213389121 0.295899225 0.7544458493723849 0.320312015625 0.7845194769874477 0.329100775 0.8211293828451882 0.2373042640625 0.8054386820083682 0.196288759375 0.815900878661088 0.18847674375 0.815900878661088 0.17089922500000002
31 0.7099892970711297 0.29492248125 0.6668405167364018 0.31152325625 0.5988492092050209 0.3857422484375 0.6132321359832635 0.4082034890625 0.6576886903765691 0.42382751875 0.677300119246862 0.422850775 0.7374473744769874 0.368164728125 0.7531380753138075 0.3310542640625 0.7479069769874477 0.3154302328125 0.7099892970711297 0.29492248125
31 0.3342713493723849 0.41552713125 0.3785332949790795 0.390447675 0.4105867468619247 0.36422674375 0.4075352719665272 0.3391472875 0.3632707343096234 0.30152713124999997 0.3403742991631799 0.30152713124999997 0.28847847907949786 0.328887596875 0.239636730125523 0.3739166671875 0.2701644456066946 0.41552713125 0.3098491778242678 0.42920736406250004 0.3342713493723849 0.41552713125
10 0.4171022677824268 0.0996085265625 0.4001037907949791 0.1220697671875 0.4968609518828452 0.2001957359375 0.4968609518828452 0.2158197671875 0.5230138493723849 0.225585271875 0.5596237552301255 0.180664728125 0.5570082050209205 0.17285077499999998 0.5138594267782427 0.15820348906249998 0.4171022677824268 0.0996085265625
23 0.5910051569037658 0.258788759375 0.5779300062761507 0.2861337203125 0.5857740585774058 0.3310542640625 0.6106165878661088 0.3476569765625 0.6223839644351464 0.3466802328125 0.6694560669456067 0.2998042640625 0.6589964644351465 0.2705077515625 0.6289228368200837 0.2460930234375 0.5910051569037658 0.258788759375
23 0.3386513577405858 0.2226569765625 0.43017741841004187 0.2539069765625 0.44717589539748953 0.2451162796875 0.44717589539748953 0.2158197671875 0.4811728451882845 0.18847674375 0.427561870292887 0.14257751875 0.34387986192468617 0.179687984375 0.24320197280334727 0.243164728125 0.2275112719665272 0.2861337203125 0.20920502092050208 0.3017577515625 0.2118205711297071 0.319335271875 0.2275112719665272 0.3330077515625 0.2523537991631799 0.31445348906250004 0.2941948033472803 0.320312015625 0.3373435836820084 0.3017577515625 0.3386513577405858 0.2226569765625
25 0.7099892970711297 0.18945348906249998 0.655073140167364 0.18945348906249998 0.6433057635983264 0.194335271875 0.6380746652719665 0.2470697671875 0.6720716171548117 0.2919922484375 0.695606370292887 0.2939457359375 0.7112970711297071 0.2861337203125 0.7112970711297071 0.258788759375 0.7348318242677825 0.2138662796875 0.7099892970711297 0.18945348906249998
18 0.5465486046025104 0.0830077515625 0.526934579497908 0.08007751874999999 0.5112438786610879 0.101562015625 0.4602510460251046 0.12402325624999999 0.5138594267782427 0.15820348906249998 0.5622393054393305 0.17089922500000002 0.5779300062761507 0.149414728125 0.5726989079497907 0.1279302328125 0.5517771066945607 0.1064457359375 0.5465486046025104 0.0830077515625