9 0.3871546875 0.20389531249999998 0.27121875 0.233915625 0.2760328125 0.24206249999999999 0.26004062499999997 0.248453125 0.24919687499999998 0.2943515625 0.25313125 0.39605625 0.2661484375 0.4472875 0.330425 0.49658281249999997 0.437984375 0.5145125 0.4490421875 0.5040203125 0.6136234375 0.5175515625 0.7156875 0.486359375 0.727571875 0.4693015625 0.7188890625 0.44239531249999997 0.7283062499999999 0.42328593750000004 0.7021499999999999 0.324865625 0.6238812499999999 0.27844375 0.599071875 0.283721875 0.598471875 0.3039453125 0.5465187499999999 0.28665625 0.5241781249999999 0.293984375 0.49351406249999996 0.2622734375 0.5054109375 0.2234671875 0.49694062499999997 0.2319671875 0.492953125 0.21725468750000002 0.474146875 0.2119796875 0.3871546875 0.20389531249999998
9 0.5699687499999999 0.0077453125 0.5655546874999999 0.006581249999999999 0.49539218749999997 0.0057640625 0.502478125 0.0241625 0.6243359374999999 0.1140765625 0.6382078124999999 0.1152484375 0.633165625 0.0934421875 0.6049546875 0.08553125 0.574878125 0.055343750000000004 0.5699687499999999 0.0077453125
18 0.49942343749999996 0.0205875 0.5235125 0.039578125 0.5366765625000001 0.043270312500000005 0.531875 0.013375000000000001 0.5042515625 0.006987500000000001 0.49942343749999996 0.0205875
18 0.54101875 0.0062953125 0.5317546875 0.0174203125 0.5366765625000001 0.043270312500000005 0.5594718750000001 0.06325937499999999 0.570996875 0.05833437500000001 0.57454375 0.0239828125 0.5680890625 0.00721875 0.5658265625000001 0.006584375000000001 0.54101875 0.0062953125
23 0.4729046875 0.509353125 0.5207484375 0.5159734375 0.628909375 0.51368125 0.644434375 0.501721875 0.691465625 0.4931609375 0.700521875 0.486184375 0.7028828125000001 0.4705328125 0.698775 0.45986562500000006 0.687490625 0.4567 0.6733781249999999 0.46361875 0.6557593749999999 0.43964375 0.626375 0.428684375 0.5786374999999999 0.439765625 0.5546546875 0.43847812499999994 0.53419375 0.446334375 0.5128 0.44305312499999994 0.4884578125 0.45389843750000003 0.475278125 0.47195312500000003 0.464915625 0.5016734375 0.4729046875 0.509353125
23 0.5130796875 0.36972031250000004 0.528365625 0.36585 0.535528125 0.3800953125 0.53516875 0.39222812500000004 0.5444515625 0.3989109375 0.624975 0.411978125 0.63461875 0.40652499999999997 0.6896390625000001 0.40564375 0.7022296875 0.38606406249999997 0.6991890625 0.360740625 0.7043781250000001 0.33500625 0.6826359375 0.32211249999999997 0.6567734375 0.32029687500000004 0.650890625 0.32680312499999997 0.5867078125 0.31695937500000004 0.5751828125 0.321884375 0.5657796875 0.31924687500000004 0.558484375 0.3307953125 0.5434375 0.326575 0.5222703125 0.3369515625 0.5098125 0.3307390625 0.5000484375 0.34023593750000003 0.49615312500000003 0.3649734375 0.5130796875 0.36972031250000004
31 0.5386625 0.44486875000000003 0.565471875 0.4360734375 0.5786374999999999 0.439765625 0.5946296875 0.433375 0.6181453125 0.4290953125 0.6246140625 0.4241125 0.626028125 0.4190703125 0.6242671875 0.4144984375 0.6174515625 0.40986874999999995 0.6148640624999999 0.4118609375 0.5810109375 0.4023671875 0.5664328125 0.40371562499999997 0.5593765625 0.40717499999999995 0.5337546875 0.3972703125 0.525871875 0.40729375 0.5169203125 0.43197343750000006 0.5143328125 0.43396718749999996 0.5178546875000001 0.4431109375 0.5386625 0.44486875000000003
18 0.6934 0.40669843749999995 0.6745921874999999 0.4014234375 0.663775 0.403828125 0.65730625 0.4088109375 0.6509437499999999 0.431496875 0.6527046875 0.43606875 0.6618671875000001 0.44679531250000004 0.671978125 0.4469125 0.6731515625 0.449959375 0.6812609375 0.45359375 0.687490625 0.4567 0.6977203125 0.452771875 0.70644375 0.414434375 0.7018703125 0.3981984375 0.6934 0.40669843749999995
31 0.54393125 0.2886484375 0.53358125 0.296621875 0.5204156249999999 0.2929296875 0.5081984375 0.2786265625 0.495034375 0.274934375 0.46894375000000005 0.2594609375 0.4540046875 0.27294375 0.4471765625 0.2900609375 0.4441078125 0.3082328125 0.44586875 0.3128046875 0.4635015625 0.31503125 0.4686640625 0.33279375 0.47948124999999997 0.3303890625 0.4900578125 0.336075 0.4922859375 0.346215625 0.4861640625 0.3608125 0.49239218749999997 0.36391874999999996 0.49886093750000005 0.35893593749999997 0.50405 0.3332015625 0.508759375 0.323646875 0.512759375 0.3166125 0.5269921875 0.30564843750000004 0.533340625 0.3047109375 0.5342749999999999 0.3158484375 0.5380359375 0.316903125 0.546265625 0.3164921875 0.550146875 0.313503125 0.5502671875 0.3094578125 0.5563765625 0.31660937499999997 0.557790625 0.3115671875 0.562725 0.3156703125 0.5673140625 0.31016093749999996 0.56203125 0.29644375 0.5570968749999999 0.292340625 0.54393125 0.2886484375
23 0.39535624999999996 0.43866250000000007 0.382390625 0.4921234375 0.383325 0.5032609375 0.4008375 0.5095328125 0.437984375 0.5145125 0.446334375 0.5100578125 0.44774843750000004 0.505015625 0.44166718749999995 0.45437031250000004 0.4452015625 0.4417671875 0.4426265625 0.4220125 0.44616249999999996 0.40940937499999996 0.44593437500000005 0.3957515625 0.427021875 0.37277343749999997 0.428328125 0.3500296875 0.42092656249999993 0.34387500000000004 0.40363906250000003 0.3512625 0.39939843750000004 0.3663859375 0.40291875 0.3755296875 0.40079843750000005 0.3830921875 0.394915625 0.3895984375 0.38808750000000003 0.406715625 0.39535624999999996 0.43866250000000007
23 0.4544578125 0.49194375 0.4661015625 0.482975 0.48398906249999996 0.4553640625 0.5117453125 0.43595937500000004 0.52045625 0.4193703125 0.527525 0.39416406249999997 0.5334078124999999 0.38765625 0.5343546875 0.377046875 0.5295390624999999 0.3688984375 0.5201359375 0.3662609375 0.5079046875000001 0.37370625 0.5022625 0.372125 0.489325 0.382090625 0.470278125 0.3849046875 0.45463125 0.400909375 0.44307968750000004 0.44932812499999997 0.4447078125 0.47969375000000003 0.448228125 0.4888375 0.4544578125 0.49194375
23 0.47603906250000005 0.38244218750000003 0.479334375 0.3779296875 0.4904046875 0.34568750000000004 0.486296875 0.33502031250000003 0.47501249999999995 0.3318546875 0.4561921875 0.348328125 0.4423203125 0.34715625 0.432090625 0.351084375 0.42784843749999996 0.3662078125 0.42960937499999996 0.3707796875 0.4333703125 0.3718359375 0.438065625 0.384028125 0.44299999999999995 0.38813125 0.447109375 0.3987984375 0.4495765625 0.40085 0.468396875 0.384378125 0.47603906250000005 0.38244218750000003
23 0.302575 0.4765359375 0.32172812500000003 0.491425 0.3354796875 0.49664062500000006 0.350765625 0.4927703125 0.3649984375 0.48180781250000004 0.37959062499999996 0.45871093749999997 0.37795 0.45009531249999996 0.381725 0.4294015625 0.3782171875 0.398509375 0.3824578125 0.3833859375 0.38223124999999997 0.369728125 0.3731890625 0.35495625 0.3656796875 0.3311 0.3619171875 0.33004375 0.328865625 0.35747968750000003 0.318275 0.3735421875 0.313553125 0.4048453125 0.30696406249999997 0.413871875 0.29777343749999996 0.446640625 0.29729375 0.4628203125 0.302575 0.4765359375
10 0.2592265625 0.4249546875 0.264975 0.4442390625 0.2758984375 0.45953906250000004 0.292825 0.46428593749999997 0.3076703125 0.4113515625 0.3102578125 0.409359375 0.3137921875 0.3967546875 0.3140328125 0.388665625 0.31121875 0.3770015625 0.3138203125 0.3532609375 0.3085375 0.33954375 0.2967875 0.3308109375 0.2942 0.332803125 0.2892640625 0.3287 0.2866765625 0.33069375 0.279153125 0.32858437500000004 0.260453125 0.3410125 0.2557453125 0.3505671875 0.2555046875 0.35865625 0.25830625 0.39206875 0.256184375 0.39963125 0.2592265625 0.4249546875
23 0.3656796875 0.3311 0.37132187499999997 0.33268125 0.3716671875 0.3422953125 0.37695 0.3560109375 0.382471875 0.3616390625 0.3924625 0.3658 0.404346875 0.34874062499999997 0.415284375 0.3422921875 0.43409062499999995 0.34756718750000004 0.44749531249999996 0.34317031249999996 0.45243124999999995 0.3472734375 0.4569 0.34580781250000003 0.46407499999999996 0.33830312500000004 0.46596875000000004 0.3170828125 0.4559796875 0.312921875 0.44633593749999995 0.31837499999999996 0.42683593750000004 0.2938734375 0.412496875 0.2871328125 0.38404531249999996 0.287309375 0.37863125000000003 0.2993859375 0.360996875 0.297159375 0.35640937500000003 0.3026703125 0.3547546875 0.31579999999999997 0.3656796875 0.3311
31 0.2624546875 0.33749531250000003 0.2702171875 0.331515625 0.285503125 0.3276453125 0.3024296875 0.3323921875 0.31041875 0.34007187499999997 0.31663437499999997 0.364925 0.3209828125 0.3675046875 0.32627812500000003 0.3594734375 0.35086093749999997 0.3405375 0.355328125 0.339071875 0.3672 0.34376093750000003 0.3735625 0.321075 0.3768703125 0.29481406250000003 0.3739359375 0.28719375 0.352540625 0.2839125 0.346071875 0.2888953125 0.34441875 0.302025 0.33606875 0.30648125 0.3285453125 0.304371875 0.31560781250000003 0.3143375 0.2859828125 0.3114671875 0.25718593749999996 0.30203125000000003 0.25553125 0.3151609375 0.2586921875 0.336440625 0.2624546875 0.33749531250000003
31 0.2875578125 0.2371375 0.28873125 0.2401859375 0.28038124999999997 0.2446421875 0.263921875 0.2454625 0.2605078125 0.254021875 0.2600265625 0.2702 0.2557859375 0.285325 0.2553046875 0.301503125 0.25811875 0.31316875 0.26246718750000003 0.315746875 0.2739921875 0.31082187499999997 0.2946796875 0.316625 0.3111390625 0.315803125 0.3181953125 0.31234375000000003 0.32195625 0.31339843749999996 0.33230624999999997 0.3054265625 0.33606875 0.30648125 0.3425375 0.3014984375 0.3489 0.2788125 0.3477265625 0.2757640625 0.3512609375 0.2631609375 0.349153125 0.248975 0.3455125 0.243875 0.32553125 0.23555312499999997 0.30084218749999997 0.23678593750000002 0.2937859375 0.24024375 0.2895578125 0.23362031249999998 0.2875578125 0.2371375
31 0.627615625 0.32299375 0.639846875 0.3155484375 0.6541859375 0.3222890625 0.6593609375 0.318303125 0.6631218750000001 0.3193578125 0.6651234374999999 0.315840625 0.651384375 0.2888765625 0.623175 0.280965625 0.6205875 0.28295781249999996 0.6149453125 0.2813765625 0.608475 0.286359375 0.6028203125 0.3065234375 0.6057546874999999 0.31414375 0.610103125 0.3167234375 0.62009375 0.320884375 0.6226812500000001 0.318890625 0.627615625 0.32299375