9 0.30467656249999997 0.38233125 0.3279390625 0.4001984375 0.31259375 0.435209375 0.41795781249999997 0.645621875 0.4847671875 0.7011390625 0.48696406249999996 0.744175 0.5556046875 0.7791875 0.5983765625 0.776753125 0.604746875 0.7494562499999999 0.6224921875 0.745753125 0.64664375 0.7127984374999999 0.7409453125 0.5438109375 0.8768375 0.35575625 0.9152171875 0.26725 0.9054343749999999 0.236834375 0.88068125 0.21992812499999997 0.6733703125 0.1099890625 0.6147515625 0.0917125 0.609096875 0.07796093750000001 0.5942968750000001 0.0816984375 0.5592828125 0.06174062500000001 0.5239609375 0.059375 0.45955312499999995 0.035165625 0.42423124999999995 0.0327984375 0.4078734375 0.04140625 0.3956109375 0.068634375 0.40705468749999996 0.0883171875 0.38023125 0.1056 0.3825625 0.1408171875 0.3344671875 0.19499687500000001 0.3332390625 0.2653640625 0.3049828125 0.364740625 0.30467656249999997 0.38233125
31 0.757825 0.4208421875 0.74271875 0.44217031249999994 0.7218218750000001 0.4575671875 0.7007546875 0.4827375 0.7003109375000001 0.508146875 0.7101968750000001 0.5327 0.7395578125 0.5389062499999999 0.748396875 0.539009375 0.755846875 0.534209375 0.8012359375000001 0.4663125 0.8252499999999999 0.44117656250000004 0.8420500000000001 0.407159375 0.8362609375 0.40122656250000005 0.82745625 0.39916874999999996 0.7950125 0.400746875 0.757825 0.4208421875
31 0.7950234375 0.31570312500000003 0.764809375 0.35836250000000003 0.7336515625 0.37070781249999996 0.732059375 0.37753125 0.7684953125 0.40043749999999995 0.8421875 0.399340625 0.8737890625 0.3615859375 0.902853125 0.30034062499999997 0.9044453125 0.2935171875 0.9000765625 0.290534375 0.8586578125000001 0.2998265625 0.8439609375 0.2977015625 0.8143609375 0.30517656249999997 0.7950234375 0.31570312500000003
31 0.9135234375 0.2799375 0.9182656250000001 0.2614203125 0.9170140625000001 0.2486984375 0.908346875 0.23882187500000002 0.8865046875000001 0.22390625000000003 0.8718421875000001 0.219825 0.8701125 0.2344671875 0.8758343749999999 0.244309375 0.8755953125 0.2579921875 0.866484375 0.273525 0.8500921874999999 0.2840875 0.8293312500000001 0.291665625 0.7762640625 0.293003125 0.774671875 0.2998265625 0.7877421874999999 0.31073125 0.79658125 0.310834375 0.8381015625 0.295678125 0.8675656249999999 0.2960203125 0.8882921874999999 0.290396875 0.8971312499999999 0.2905 0.9135234375 0.2799375
31 0.8193203125 0.18988906249999998 0.7987984375 0.183784375 0.7959203125000001 0.179840625 0.784134375 0.1797046875 0.7663890624999999 0.1834078125 0.7559578124999999 0.190128125 0.7499281250000001 0.197878125 0.7429109375 0.2623125 0.7457546875000001 0.2682109375 0.7763328125 0.28909375000000004 0.8293312500000001 0.291665625 0.8411843749999999 0.28789375 0.866484375 0.273525 0.8741734375 0.2550421875 0.8757999999999999 0.24626406250000002 0.864425 0.222671875 0.8193203125 0.18988906249999998
31 0.6174578125 0.10542812500000001 0.5890765625000001 0.12758125 0.585653125 0.1549109375 0.591271875 0.1706171875 0.6101328125000001 0.187453125 0.6189375 0.1895109375 0.6307578125 0.18769375 0.657478125 0.17627500000000002 0.6781703125 0.17260625000000002 0.7163703124999999 0.178915625 0.7398046875000001 0.1870078125 0.7515890625 0.1871453125 0.7650015625 0.178503125 0.7725890625 0.165884375 0.7405546875 0.14400625 0.6528140625 0.105840625 0.6174578125 0.10542812500000001
31 0.7247109375 0.37646875 0.698159375 0.3781140625 0.6189515625 0.3576421875 0.5689328125 0.35314999999999996 0.5437015625 0.363609375 0.5285953125 0.38493750000000004 0.5342140625 0.40064374999999997 0.54731875 0.40959375 0.6177921875 0.4240984375 0.6588015625 0.43826093750000006 0.6879562499999999 0.45619531249999995 0.717453125 0.45458437500000004 0.7338453125 0.44402187499999995 0.759384375 0.415971875 0.7610453125000001 0.4052390625 0.7552890624999999 0.39735156250000003 0.7247109375 0.37646875
31 0.5761359374999999 0.7002484375 0.573225 0.698259375 0.5765125 0.6787468750000001 0.5869093750000001 0.67398125 0.6045390625 0.670584375 0.615471875 0.6685859375 0.62135 0.662278125 0.6305375 0.6500546875000001 0.6356796874999999 0.6492640625 0.6133968750000001 0.6405015625 0.5699468750000001 0.6327281250000001 0.5522703124999999 0.632521875 0.54481875 0.6373234375 0.5326578125 0.6586875 0.5266984375 0.6625281249999999 0.5114203125000001 0.6936296875 0.5049828125 0.724834375 0.510771875 0.7307671874999999 0.5239453125 0.7358078124999999 0.5417265625 0.74383125 0.558359375 0.745725 0.5762890625 0.7467843750000001 0.58469375 0.7426296875 0.5844296875 0.731625 0.5758640625 0.715884375 0.5761359374999999 0.7002484375
31 0.598359375 0.1022734375 0.5926703125 0.09047812499999999 0.5765859375 0.083446875 0.5737078125 0.0795046875 0.53564375 0.0653765625 0.50618125 0.06503281250000001 0.494328125 0.06880468749999999 0.48393125000000003 0.073571875 0.4688578125 0.092946875 0.46844843750000004 0.1164015625 0.47701562500000005 0.1321421875 0.4871390625 0.14301250000000001 0.5047140625 0.14908125 0.5253390625 0.149321875 0.5519921875 0.1418109375 0.5639140625 0.1341296875 0.58169375 0.12847187499999999 0.5966640625 0.1149609375 0.598359375 0.1022734375
31 0.44169375000000005 0.129775 0.4356640625 0.137525 0.4353234375 0.157071875 0.44101093750000003 0.16886718750000002 0.45120468750000003 0.175828125 0.46004218750000003 0.17593125 0.48527343749999996 0.16547343750000001 0.4928265625 0.1548078125 0.4943515625 0.15189375 0.4827375 0.1419828125 0.4741375 0.12819843749999998 0.463978125 0.11928281249999999 0.45808593750000004 0.1192140625 0.44169375000000005 0.129775
31 0.7113562499999999 0.46624375 0.7115265625 0.45647031250000003 0.6879562499999999 0.45619531249999995 0.64705 0.4361703125 0.6352984375 0.434078125 0.623615625 0.4280765625 0.58545 0.41981250000000003 0.5472171875 0.41545781249999997 0.53366875 0.4319171875 0.5334640625 0.4436453125 0.5405734375 0.458390625 0.5493453125000001 0.46240312499999997 0.5758265625 0.464665625 0.5845296875 0.47258750000000005 0.619646875 0.48668125 0.6255390625 0.48674999999999996 0.6464359375 0.471353125 0.6611671875 0.4715234375 0.6963859375 0.4797546875 0.7113562499999999 0.46624375
31 0.5816250000000001 0.13238125 0.56980625 0.1341984375 0.560865625 0.139959375 0.5326875 0.150384375 0.5295703125 0.1601234375 0.5324484375 0.1640671875 0.5368171875 0.16705 0.557440625 0.167290625 0.5688859374999999 0.1869734375 0.57474375 0.188996875 0.5777234375 0.1870765625 0.60129375 0.1873515625 0.60281875 0.1844359375 0.58555 0.160775 0.58599375 0.135365625 0.5816250000000001 0.13238125
31 0.3556265625 0.24900625 0.3497 0.2508921875 0.33926875 0.25761406249999996 0.3332046875 0.26731875 0.3299515625 0.284875 0.33282968749999997 0.28881875 0.3430234375 0.2957796875 0.3636125 0.297975 0.366525 0.2999640625 0.3959875 0.30030625 0.397546875 0.2954375 0.391825 0.28559531250000003 0.3656828125 0.2637859375 0.362975 0.2500703125 0.3556265625 0.24900625
23 0.7469828125 0.19784375 0.7441046874999999 0.19390000000000002 0.7339109374999999 0.1869390625 0.7046187500000001 0.1768234375 0.6839953125 0.17658281250000002 0.6810828124999999 0.17459375 0.678103125 0.17651406249999999 0.6633718749999999 0.17634375 0.6396640625 0.1838875 0.6292328125 0.1906078125 0.61710625 0.2100171875 0.6168 0.22760937499999997 0.6339312500000001 0.2590890625 0.6441250000000001 0.26605 0.6794796875 0.2664609375 0.7267234375 0.261146875 0.74016875 0.25055 0.7453218749999999 0.2085765625 0.7469828125 0.19784375
23 0.7708734374999999 0.3486578125 0.7816109375 0.3243453125 0.7832375 0.3155671875 0.783103125 0.2999328125 0.7664093750000001 0.28378749999999997 0.741284375 0.271090625 0.723675 0.266975 0.6824265625 0.26649531249999997 0.6558078125 0.27205 0.6233640625 0.273628125 0.5936625 0.2869671875 0.5802171875 0.2975640625 0.582753125 0.321053125 0.5971437500000001 0.3407703125 0.6073359375 0.34773125 0.6220343749999999 0.3498578125 0.636628125 0.3578484375 0.68644375 0.3740671875 0.724778125 0.37255937499999997 0.7603734375 0.3592890625 0.7708734374999999 0.3486578125
23 0.7028828125000001 0.5296828125 0.6917796875 0.490453125 0.6794749999999999 0.4826328125 0.66126875 0.47209843749999997 0.644378125 0.4672109375 0.61195625 0.5051640625 0.5994890625 0.54411875 0.6066906249999999 0.63804375 0.6344937500000001 0.6491203125 0.6698140625 0.6514859375000001 0.6832265625 0.64284375 0.6982984375 0.6234703125000001 0.7158781249999999 0.5853296875 0.7176375 0.5656453124999999 0.7165171875 0.5487437500000001 0.710128125 0.536609375 0.7028828125000001 0.5296828125
23 0.6137875 0.48465781249999995 0.5962468750000001 0.4766328125 0.5699 0.4665515625 0.5522234375 0.466346875 0.52848125 0.4758453125 0.5120890625000001 0.48640625000000004 0.5001 0.497996875 0.4999640625 0.505815625 0.5056859375 0.5156578125 0.5304390625 0.5325624999999999 0.583028125 0.558590625 0.5977609375 0.5587609375 0.60260625 0.5343796875 0.6055859375 0.532459375 0.6058250000000001 0.518778125 0.62245625 0.494534375 0.62398125 0.49161875000000005 0.6137875 0.48465781249999995
23 0.5990796875 0.5675749999999999 0.5947796875 0.56068125 0.553565625 0.558246875 0.5357859375 0.5639046875 0.4945375 0.563425 0.47817968750000006 0.5720328125 0.4720140625 0.5876 0.4748234375 0.5954531249999999 0.4850171875 0.6024140625000001 0.505571875 0.6065640625000001 0.52290625 0.6187390625 0.551028125 0.6284484375 0.5763890625 0.6343734375000001 0.606040625 0.637534375 0.6039828125 0.6243265625000001 0.605134375 0.6084359375 0.5990796875 0.5675749999999999
23 0.64373125 0.710809375 0.6600875 0.7019671875 0.655890625 0.689446875 0.6632109374999999 0.6851140625000001 0.6695421875 0.6671234375 0.6750328125 0.6561640625 0.66673125 0.6592703125 0.654946875 0.6591328125 0.6401125000000001 0.664825 0.613528125 0.6684249999999999 0.5957484375 0.674084375 0.5869093750000001 0.67398125 0.5765125 0.6787468750000001 0.5732921875 0.69435 0.5762046875 0.6963390625 0.5787765625 0.7178734375 0.59604375 0.741534375 0.6062375 0.7484968750000001 0.6150765625 0.7485984375 0.6195468749999999 0.74571875 0.6226296875 0.737934375 0.628590625 0.73409375 0.6286578125 0.730184375 0.64373125 0.710809375
23 0.4918125 0.69813125 0.5102328125 0.69646875 0.513290625 0.68336875 0.52373125 0.6525265625000001 0.524025 0.635640625 0.518596875 0.6224421875 0.5055390625 0.60851875 0.4820703125 0.6023796875 0.47194531250000005 0.591509375 0.4636875 0.558178125 0.47886249999999997 0.532940625 0.476290625 0.5114046875 0.4455078125 0.5022484375 0.4219375 0.5019750000000001 0.398128125 0.5153828125000001 0.3803828125 0.5190859375 0.3669375 0.5296828125 0.3723171875 0.5590703125 0.4150796875 0.641678125 0.43529375000000003 0.6653734375 0.45822812500000004 0.6770984375 0.480678125 0.68768125 0.4918125 0.69813125
23 0.536296875 0.5345859374999999 0.52166875 0.5285515625 0.4984046875 0.5106843750000001 0.48963437499999996 0.5066734375 0.4807953125 0.5065703125 0.4733109375 0.513325 0.470125 0.5269734374999999 0.4671453125 0.52889375 0.45765781250000004 0.565928125 0.46490468749999997 0.5728546875 0.47374375 0.5729578125 0.4856640625 0.5652765625 0.5034109375 0.5615734375 0.5328390625 0.5638703125 0.5777140625 0.5583875 0.54784375 0.54840625 0.5494015625 0.5435359375 0.536296875 0.5345859374999999
23 0.52873125 0.3771203125 0.537775 0.3654953125 0.5630390625 0.35308125 0.54903125 0.3375546875 0.5605265625 0.3273671875 0.5422374999999999 0.321525 0.51620625 0.334940625 0.4789171875 0.3609 0.41862656249999997 0.43839843749999996 0.391734375 0.459590625 0.3853984375 0.48493125 0.3926453125 0.49185937500000004 0.4602046875 0.504375 0.4808296875 0.504615625 0.4971875 0.4960078125 0.5040640625 0.4824671875 0.5142265625 0.46757187499999997 0.5333281249999999 0.45146406250000004 0.530721875 0.43188281249999994 0.5457265625 0.4164171875 0.5255796875 0.3888125 0.52873125 0.3771203125
23 0.524246875 0.21186875 0.483978125 0.2397484375 0.4717828125 0.26306562499999997 0.486003125 0.29255624999999996 0.5049671874999999 0.3035296875 0.5254890624999999 0.309634375 0.57273125 0.30431875 0.5773046875000001 0.29557500000000003 0.593696875 0.2850125 0.6352515624999999 0.26790156249999997 0.6110781249999999 0.21776718750000001 0.619440625 0.19387812499999998 0.5913015625 0.1851046875 0.5717640625 0.1909171875 0.524246875 0.21186875
23 0.5361687500000001 0.20418750000000002 0.5659046875 0.18889375 0.561740625 0.1741828125 0.5515484374999999 0.16722187500000002 0.530890625 0.1689359375 0.5222765625 0.1683515625 0.50525625 0.1709671875 0.4897796875 0.166096875 0.46550624999999995 0.17895 0.43765625 0.1922890625 0.4345734375 0.2000734375 0.3769 0.23046250000000001 0.35817031250000003 0.2499484375 0.3677265625 0.2697640625 0.40267656250000006 0.293628125 0.4154375 0.2919 0.41852812500000003 0.2769234375 0.45964218749999997 0.271771875 0.474934375 0.25137343749999996 0.48103125 0.2397140625 0.5361687500000001 0.20418750000000002
23 0.4346234375 0.40847187500000004 0.48801875 0.3481046875 0.5108109375 0.3389859375 0.5053015624999999 0.330478125 0.5041 0.318265625 0.4986546875 0.3060046875 0.49303125000000003 0.3040625 0.47620625 0.295421875 0.4801796875 0.2885796875 0.47733437500000003 0.28268125 0.47005468749999996 0.27770937500000004 0.4523765625 0.277503125 0.434596875 0.28316093750000004 0.4106859375 0.3024328125 0.403303125 0.30332499999999996 0.39720468750000004 0.3149828125 0.31994687499999996 0.4137046875 0.31098593750000003 0.44081093750000006 0.33192343750000003 0.45700624999999995 0.35461718750000004 0.4535171875 0.3857328125 0.4538796875 0.41293281249999997 0.4354296875 0.4346234375 0.40847187500000004
23 0.3885140625 0.22201875000000001 0.3974546875 0.2162578125 0.41225468750000005 0.2125203125 0.445175 0.18357812499999998 0.44673281249999997 0.178709375 0.43799687499999995 0.1727421875 0.43254843750000005 0.1472640625 0.441728125 0.1278203125 0.45670312500000004 0.11598125 0.44846250000000004 0.1018109375 0.4445140625 0.0848765625 0.4392828125 0.0604203125 0.43684687499999997 0.037871875 0.4041859375 0.0449984375 0.40255 0.09315156249999999 0.3996375 0.09116250000000001 0.389240625 0.0959296875 0.3832109375 0.1036796875 0.3851 0.16430625000000001 0.3821203125 0.1662265625 0.38136875 0.20922812500000001 0.38411093749999997 0.220990625 0.3885140625 0.22201875000000001
23 0.33781249999999996 0.25661875 0.346753125 0.2508578125 0.36304375 0.2461609375 0.379640625 0.22387031249999997 0.381403125 0.2072734375 0.378525 0.2033296875 0.34500156249999997 0.1824125 0.3345359375 0.1910890625 0.3340578125 0.218453125 0.331078125 0.2203734375 0.3319203125 0.25655 0.33781249999999996 0.25661875
23 0.3345359375 0.1910890625 0.3304984375 0.2536015625 0.31258125 0.267078125 0.3124453125 0.274896875 0.319725 0.27986875 0.33008906250000003 0.2770578125 0.3333421875 0.2595 0.36304375 0.2461609375 0.37808125000000004 0.228740625 0.383609375 0.1652671875 0.385440625 0.14476093750000002 0.3810734375 0.14177656249999998 0.3616328125 0.15816875 0.355534375 0.169828125 0.3345359375 0.1910890625
23 0.3636125 0.297975 0.34888125 0.297803125 0.3400765625 0.29574531249999997 0.3342515625 0.29176875 0.320875 0.2984546875 0.311865625 0.308125 0.311728125 0.31594375 0.3202953125 0.3316828125 0.348028125 0.34666874999999997 0.36570625 0.346875 0.37911875 0.3382328125 0.3791859375 0.33432343750000004 0.385146875 0.3304828125 0.3927 0.31981875 0.3930078125 0.3022265625 0.3753296875 0.302021875 0.3636125 0.297975
23 0.3342640625 0.459978125 0.32979375 0.46285781249999997 0.33580625 0.47769375 0.3439640625 0.49655468750000004 0.35514843749999997 0.504190625 0.3568453125 0.5169359375 0.37161093749999996 0.515153125 0.377571875 0.5113125000000001 0.418875 0.500240625 0.37947031249999996 0.48852343749999994 0.388365625 0.46516875 0.372971875 0.4556078125 0.343103125 0.46008125 0.3342640625 0.459978125
23 0.3103984375 0.3921734375 0.320590625 0.399134375 0.3309203125 0.398278125 0.35202187500000004 0.37115312500000003 0.3579828125 0.36731250000000004 0.359540625 0.3624421875 0.35967812499999996 0.354625 0.3450140625 0.35054375000000004 0.3302828125 0.350371875 0.3079640625 0.3628203125 0.30491562499999997 0.36865000000000003 0.3046421875 0.3842859375 0.3103984375 0.3921734375