20 0.7745784687499999 0.6255019015625 0.8628668578124999 0.5361493734375 0.855250784375 0.509305196875 0.799931778125 0.4800392875 0.7400481375 0.4829990921875 0.65328324375 0.57671430625 0.653791884375 0.5899153515625 0.74565345625 0.6382800109375 0.7745784687499999 0.6255019015625
9 0 0.4567069078125 0.0387047296875 0.46893933906249996 0.15086724375 0.5217626453124999 0.16811993281249998 0.5124616828125 0.167100815625 0.49109344843749997 0.23409615156250002 0.53198336875 0.275210653125 0.5893423421875 0.30413664375 0.5866325171875 0.3604596015625 0.541609346875 0.361476190625 0.5529091078125 0.3381328765625 0.5598651453125 0.33407593593749996 0.5750841390625 0.38889078125 0.6213540453124999 0.398539209375 0.6657603984375 0.41224388593750005 0.6798454296875 0.471112740625 0.6806914890625 0.541647278125 0.642816278125 0.5548375015625 0.6134934796875 0.5639714765625 0.6144920078125 0.5873193390625 0.632708515625 0.5548392390625 0.6336315984375 0.5457107890625 0.6678739015625 0.556369234375 0.683303396875 0.66142431875 0.7224835703125 0.7294284109375 0.72936239375 0.718772678125 0.7441393 0.746693196875 0.7955788796875 0.7938897296875 0.7999020875 0.8060673390625 0.79452016875 0.882194409375 0.821306096875 0.9192237999999999 0.707608528125 0.9136391015625 0.68825824375 0.9232797609375 0.6823212484375001 0.949749171875 0.5907716859375001 0.9555770765625 0.5576531453125 0.949648615625 0.5431226046875001 0.9590401296875 0.5379726734375 0.97982815625 0.419822465625 0.9871585921875001 0.27994941875 0.7070121515625 0.14851514999999998 0.6288549703124999 0.11926956562499999 0.4125308921875 0.014405896875 0.07839178125 0.0027375015625 0.000836984375 0.2936210921875 0.000703065625 0.2945754484375 0.0082314046875 0.306185040625 0 0.325586846875 0 0.4567069078125
19 0.07315209843750001 0.052615725 0.097517240625 0.0972343234375 0.15334239375 0.10949332187500001 0.1848096609375 0.132512671875 0.3203054171875 0.1179665625 0.431959221875 0.16262131875000002 0.4832192671875 0.19200215 0.521781871875 0.153147184375 0.5694818046875 0.130396559375 0.6197209953125 0.11827103750000001 0.5963731328125 0.100054528125 0.4143686984375 0.0144700734375 0.08437912812500001 0.002946584375 0.07315209843750001 0.052615725
19 0.748168115625 0.477733840625 0.7740504703125 0.48140445937500004 0.8542256687500001 0.4375922515625 0.8760445125 0.41620524531249997 0.8704497390625001 0.3364415859375 0.8085254374999999 0.261424475 0.7511800765625 0.26494110000000004 0.7455921625 0.22042001249999998 0.713610659375 0.153991284375 0.63494559375 0.121614490625 0.5654225562499999 0.135545528125 0.5177224046875 0.15829770468749998 0.48321897968750005 0.197036196875 0.486776090625 0.223995296875 0.5009871671874999 0.2361788515625 0.5456479453124999 0.25001371250000004 0.551237409375 0.29453498906250003 0.5674808390625 0.324280721875 0.5837222453125 0.3389223828125 0.6075744875 0.34013334375 0.606055540625 0.36094320468749996 0.6456443078125 0.3988369734375 0.6674674125 0.407656559375 0.748168115625 0.477733840625
19 0.3528458359375 0.5248351953125 0.37518212968750003 0.5720283734375 0.39243781875 0.5878997671875 0.3873672890625 0.6169913593749999 0.40260098437499997 0.6706799046875 0.422901640625 0.680172596875 0.4655297796875 0.6814793265625 0.53606431875 0.6436041140625 0.5588952015624999 0.6083443203125001 0.43809806875 0.4972405109375 0.408650078125 0.40619760625 0.37819661718750003 0.3693041078125 0.2853254984375 0.3650201890625 0.2817751765625 0.37833615625 0.2640148234375 0.3845043578125 0.2731573921875 0.4408835765625 0.3528458359375 0.5248351953125
20 0.34219234374999996 0.554714621875 0.35741520625 0.53791995625 0.3452314984375 0.5181291375 0.3178246734375 0.50002755 0.2812901578125 0.5262381015625001 0.1995774140625 0.470033609375 0.18638090624999998 0.4540457421875 0.1863766421875 0.4238391484375 0.1396940578125 0.4679593671875 0.148322390625 0.48092920625 0.284341628125 0.5651685140625 0.34219234374999996 0.554714621875
18 0.28838549375 0.46436378593749994 0.2726509921875 0.442785053125 0.2645212234375 0.38260288125 0.278730496875 0.3796808125 0.28481783437499997 0.361887428125 0.33252231718749997 0.3643093484375 0.3523132875 0.35556520625 0.34723268125 0.324243421875 0.32642085781249996 0.29148121250000003 0.2467470390625 0.293115515625 0.18636230468749998 0.333219178125 0.21123659374999998 0.38600322343750004 0.2411804359375 0.39962739375 0.23814330468749997 0.4513169515625 0.253369925 0.469764475 0.28838549375 0.46436378593749994
18 0.0452512234375 0.127038496875 0.000836984375 0.2936210921875 0.000712646875 0.29450716875 0.074717528125 0.3439420109375 0.08841039375000001 0.2774755453125 0.13864579375 0.2502473125 0.1838071921875 0.211834434375 0.10361863281249999 0.17509495625 0.055909196875 0.1273641109375 0.0452512234375 0.127038496875
19 0.35586003593750004 0.32714497656249997 0.3893564421875 0.3425557 0.403054615625 0.311331615625 0.5106423828125 0.320860275 0.527390478125 0.3285664109375 0.554792971875 0.3214939 0.5451399953125 0.2519149984375 0.49794248750000003 0.23752350625 0.4817010796875 0.222881846875 0.47053139843749997 0.189215328125 0.4314510546875 0.16452415625 0.3837458828125 0.1469999046875 0.3604000421875 0.14388746875 0.3517789703125 0.186296578125 0.3167656421875 0.206799790625 0.3010421921875 0.255702715625 0.35586003593750004 0.32714497656249997
18 0.1889121109375 0.4193615390625 0.19601828125 0.42797043593749995 0.1868873046875 0.452144265625 0.21581755625 0.4796410328125 0.2300236109375 0.45154815625 0.22342182031250002 0.4259337140625 0.19855005781249999 0.38321814375 0.16708250156249999 0.36523283906250004 0.11887168906250001 0.3596798984375 0.10364777968750001 0.3714387765625 0.15338461406249998 0.39142287656249997 0.1889121109375 0.4193615390625
18 0.35586003593750004 0.32714497656249997 0.3893564421875 0.3425557 0.403054615625 0.311331615625 0.5106423828125 0.320860275 0.527390478125 0.3285664109375 0.557331034375 0.32205227187499996 0.5451399953125 0.2519149984375 0.49794248750000003 0.23752350625 0.4817010796875 0.222881846875 0.47053139843749997 0.189215328125 0.4314510546875 0.16452415625 0.3837458828125 0.1469999046875 0.3598936421875 0.14578894375 0.3517789703125 0.186296578125 0.320825109375 0.2016492671875 0.30053326406249997 0.24753571718749998 0.35586003593750004 0.32714497656249997
19 0.9574176015625 0.5471877796875 0.860839271875 0.543758190625 0.7552966453125001 0.642411490625 0.6715570734375 0.6038856484374999 0.65887444375 0.6413737015625001 0.62842600625 0.6447566328125001 0.56143648125 0.6340734953125 0.54672305 0.6539995625 0.5487564484375 0.6765975281250001 0.63655653125 0.7150086375 0.726890346875 0.728804021875 0.7192808453125 0.7422364640625 0.7446615343749999 0.7931190328125 0.783231975 0.799574921875 0.8091120187499999 0.7931755125 0.884732471875 0.82186446875 0.9539366421875 0.5669733921875 0.9574176015625 0.5471877796875
19 0.648209209375 0.5856691390625001 0.6558189984375 0.5672026515625 0.6887996859375 0.534171309375 0.7065575453124999 0.49779515312499995 0.7390325921875001 0.4767351234375 0.6664528437499999 0.41146087187499997 0.6425996265625 0.400181628125 0.5953968093750001 0.3505477546875 0.58169415625 0.3515667984375 0.510148553125 0.41338308125 0.5208017593750001 0.3885377 0.49542182968750004 0.3477249671875 0.43959667812500003 0.3354659671875 0.4142254921875 0.35506486875 0.40458887499999996 0.3912100078125 0.42743835937499997 0.4767767765625 0.44368074375 0.5014867203125 0.5918864703125 0.63069075625 0.6269040609375 0.6403941390625 0.6568446171875 0.6338799984375 0.6649617828125 0.62358031875 0.668003178125 0.602097353125 0.648209209375 0.5856691390625001
20 0.242661640625 0.12709301875 0.1812583640625 0.1357603546875 0.15791078593750002 0.1125098 0.1061458609375 0.105170115625 0.07315209843750001 0.052615725 0.0655390234375 0.050943903125 0.0488017640625 0.113720978125 0.10776470625000001 0.1442795328125 0.0939570078125 0.1575938203125 0.101585015625 0.15249854062499998 0.0985428609375 0.1639116703125 0.1315310984375 0.18122523125 0.1523353734375 0.1636425375 0.2041000125 0.17601626875 0.242661640625 0.12709301875
18 0.1350836609375 0.18301178437500001 0.18431254531250002 0.20489716875 0.19953414687499998 0.183068265625 0.1812638890625 0.1710011859375 0.14675396093749998 0.164430565625 0.1350836609375 0.18301178437500001
18 0.107198103125 0.358122809375 0.164544725 0.3596404203125 0.1777379484375 0.355489978125 0.17875175625 0.34161583125 0.1168392671875 0.34715021562500004 0.107198103125 0.358122809375
18 0.28023589531250004 0.2581813359375 0.24573120624999997 0.291885590625 0.324391790625 0.2940573421875 0.311700925 0.266098165625 0.28023589531250004 0.2581813359375