20 0.496783221875 0.10376569375 0.46910429843749996 0.160329503125 0.4738286203125 0.2197635328125 0.570224840625 0.3012416375 0.5834291234375 0.3000510828125 0.6291603515624999 0.20613475937499998 0.615513515625 0.17801590625 0.523440778125 0.0947945453125 0.496783221875 0.10376569375
9 0.2564911171875 0 0.1398511390625 0.26997528593750003 0.11286289375 0.349263053125 0.013312745312499999 0.5719697984375001 0.0210615953125 0.9048920171875 0.30675118125 0.9653182656249999 0.3182842703125 0.9571331234375 0.3873868171875 0.982373521875 0.4593897765625 0.9922906250000001 0.48036963281249995 0.9183731343750001 0.5299677890625001 0.80402728125 0.520147321875 0.7873406609375 0.4987797625 0.7894623171874999 0.537757075 0.720678740625 0.5939857359375 0.6767946015625 0.5904220718750001 0.648150725 0.5436810249999999 0.594439221875 0.5549657 0.5928410609375 0.5626178609375 0.615708584375 0.5779770296875 0.6189572046875 0.6227000265625 0.56201499375 0.6668850625 0.5501115640625 0.68058675 0.5357439921875 0.67970193125 0.47712364531249996 0.6397010890625 0.4089010046875 0.6099495562499999 0.397296 0.610681659375 0.388153609375 0.6282365624999999 0.36397811406249997 0.630115321875 0.3962490109375 0.6646734515625 0.40355840625 0.67981163125 0.39215079375 0.7159568046875 0.2855840046875 0.720845675 0.21755875625 0.73595614375 0.2273958859375 0.78664639375 0.19694821875 0.78958794375 0.14976010625 0.78384196875 0.1379202671875 0.808426915625 0.060780304687499995 0.6934815640624999 0.029828673437499998 0.6742688890624999 0.036389504687500004 0.6680395125 0.027103546875000002 0.5519932765625 0 0.5453367671875 0 0.5278733843750001 0.008081495312500001 0.5230357328124999 0 0.2564911171875 0
19 0.0624546890625 0.9056786953125 0.10641844687499999 0.8791205609375 0.11705329375 0.8229351515625 0.1391800921875 0.7904294203125 0.12062879687500001 0.6563570125 0.1620639671875 0.5429407328125 0.1899778796875 0.490410021875 0.1499359 0.4540522 0.1257502015625 0.40776751093749997 0.1121310796875 0.35840391562499996 0.0945758875 0.3825809390625 0.01327425625 0.57031616875 0.020913893750000002 0.8985461406249999 0.0624546890625 0.9056786953125
19 0.471231759375 0.1860118921875 0.42500153906250004 0.10850329375000001 0.402943303125 0.08790099375 0.3232333328125 0.0976027921875 0.24993288125 0.16311007187499998 0.2551406046875 0.2199902203125 0.21072086875 0.22785902343750003 0.14514113906249998 0.26312579375 0.11503149374999999 0.343080621875 0.1310264875 0.41153962499999996 0.1552121859375 0.45782431562500003 0.195019175 0.4901490375 0.221911434375 0.48521251718749997 0.23369322499999998 0.4704388671875 0.2462339671875 0.4252826703125 0.29065399062499997 0.41741233749999995 0.3199632609375 0.39970640468749996 0.3341480609375 0.382786478125 0.3346588875 0.35898938281250004 0.35554275468749996 0.3594231390625 0.3923243328125 0.3180636765625 0.4005144546875 0.2958924203125 0.46831763281249994 0.2119567921875 0.471231759375 0.1860118921875
19 0.40666372187500005 0.553506896875 0.3706145375 0.5857224390625 0.36905463125 0.6783569375 0.3824939046875 0.6811994796875 0.3891929703125 0.6985531609375 0.44538078593749997 0.6865323140624999 0.5271066390625 0.6028853468750001 0.5737083953125001 0.578214034375 0.5890949890625 0.560219440625 0.6183768328125 0.563756721875 0.671691659375 0.5458159546875 0.6806001734375 0.5251239140624999 0.6806550234375 0.4826374875 0.6406541796874999 0.414414846875 0.6046732703125001 0.3935238859375 0.4969674015625 0.5194845078125 0.40666372187500005 0.553506896875
20 0.5573415749999999 0.6119364703125 0.5400762218749999 0.597660165625 0.5206148453125 0.6108095046875001 0.50329464375 0.6390196265625 0.53061574375 0.674014121875 0.4767352390625 0.758238409375 0.46111394531250005 0.7721983765625 0.43086529687499997 0.773768859375 0.4764182625 0.8179334218750001 0.48915285781250006 0.8086751421875 0.5695104890625 0.6689617109375 0.5573415749999999 0.6119364703125
18 0.294206109375 0.6412767015624999 0.298184903125 0.7204732 0.340119353125 0.7784803124999999 0.39224609843749997 0.7509926046875 0.4050081171875 0.7204911125 0.45685902343749996 0.7208335984375001 0.47488390625 0.7047243 0.4684469625 0.6701620312500001 0.44730068125000005 0.6869383921875001 0.387273075 0.6981470843750001 0.3839303984375 0.684159440625 0.36593323125 0.6790239984374999 0.366954596875 0.6314313359375 0.3576175296875 0.6121908328125001 0.326402078125 0.61886908125 0.294206109375 0.6412767015624999
18 0.30675118125 0.9653182656249999 0.35413989218749997 0.8890181359374999 0.28717851875 0.8788385203125 0.25843463906249997 0.830262459375 0.218641359375 0.7873161296875 0.18420852031249998 0.8690126843750001 0.13781403750000001 0.9189618375 0.13780032656250002 0.92958344375 0.30675118125 0.9653182656249999
19 0.16398386250000002 0.5433468109375 0.14783802968749998 0.5917254796875 0.14540730625 0.615116496875 0.188128421875 0.6214963203125 0.20968954218750002 0.655274109375 0.2591234390625 0.6683860078125 0.3290537890625 0.610134296875 0.3435010046875 0.57600425625 0.311829575 0.5639931734375 0.3182097890625 0.45644145781249995 0.325433109375 0.43937796562500003 0.3175462484375 0.41247581718750004 0.24815386250000002 0.42568874687499997 0.23512971875000002 0.47339882656250004 0.2209446296875 0.49032028125 0.18756086875 0.5031794328125 0.16398386250000002 0.5433468109375
18 0.4263071125 0.7714774890625 0.434718803125 0.7639594078124999 0.45919404999999996 0.7717922984375 0.48587874218750005 0.741579465625 0.45732871406250003 0.7289013234375 0.43187323906249997 0.7367962765625 0.3898290875 0.7637620171874999 0.372743875 0.7960052359375 0.36860081875 0.8442664875 0.3808245859375 0.858805303125 0.3993737171875 0.8082788296875 0.4263071125 0.7714774890625
18 0.16398386250000002 0.5433468109375 0.14783802968749998 0.5917254796875 0.1473272015625 0.615522575 0.188128421875 0.6214963203125 0.20441325625 0.6515019953125 0.250960453125 0.6693155796875 0.3290537890625 0.610134296875 0.3435010046875 0.57600425625 0.311829575 0.5639931734375 0.3182097890625 0.45644145781249995 0.325433109375 0.43937796562500003 0.31802965156249996 0.40992193437499996 0.24815386250000002 0.42568874687499997 0.23512971875000002 0.47339882656250004 0.2209446296875 0.49032028125 0.18756086875 0.5031794328125 0.16398386250000002 0.5433468109375
19 0.5317162109375 0 0.5311203625 0.09641885624999999 0.6330138578125 0.1963253078125 0.5968958203125 0.2816504125 0.634810340625 0.2923258453125 0.6390923984375 0.32244893750000003 0.630364021875 0.3896605015625 0.6507507765625 0.40326974531250004 0.6733198390624999 0.40007495156250006 0.7092028859374999 0.31071675 0.7203622734375 0.22011263906249998 0.734036246875 0.22698980781250003 0.7842430953124999 0.1990960234375 0.7895742328125 0.1603817125 0.782405475 0.13496030625 0.8089103171875 0.058226421875 0.5397156437499999 0 0.5317162109375 0
19 0.57934091875 0.30582590781249996 0.560625359375 0.29921125000000004 0.5265780578125 0.268104759375 0.4896303421875 0.25232156250000004 0.46758552968749995 0.22109918281250002 0.404354246875 0.296704575 0.3937608265625 0.3210236359375 0.345446159375 0.37056823906249997 0.3468692296875 0.38414827812499996 0.410875340625 0.45213761249999995 0.385681990625 0.442823978125 0.3455580265625 0.4701942671875 0.334923178125 0.526379678125 0.3552965078125 0.5506089984375 0.3917745328125 0.558324471875 0.4767879234375 0.5311531031250001 0.501055896875 0.513708153125 0.6260819671875 0.359537409375 0.6347692031250001 0.32419066406249997 0.627365746875 0.2947346328125 0.6168131734375 0.287190403125 0.595210915625 0.2852774328125 0.57934091875 0.30582590781249996
20 0.16696668750000002 0.8795334609375001 0.16163945625 0.8722074781250001 0.1731588328125 0.87464394375 0.18952594375 0.8409199796875001 0.1713075 0.821129834375 0.182177046875 0.76897905 0.132052184375 0.7331447234375 0.1425364828125 0.7937954578124999 0.11993999375 0.8182334656249999 0.11411174375 0.870123265625 0.0624546890625 0.9056786953125 0.061004482812500004 0.9133403421875 0.12436105312500001 0.9267409015625001 0.153229228125 0.8664849734375 0.16696668750000002 0.8795334609375001
18 0.177826428125 0.791963990625 0.17226059062500002 0.826643675 0.19121085 0.8372929593749999 0.2116801671875 0.7871710359375 0.1893732296875 0.7731572421874999 0.177826428125 0.791963990625
18 0.34875203125 0.7856184640625 0.35611463906249996 0.8469377874999999 0.36738531406249997 0.8559627609374999 0.36721888593749996 0.7988216296874999 0.36267470468749996 0.785907125 0.34875203125 0.7856184640625
18 0.2968443953125 0.6431619953125 0.26922003437500003 0.65724090625 0.26221770312500003 0.68896063125 0.2969833984375 0.7215463375 0.2968443953125 0.6431619953125