23 0.4580078125 0.2965734375 0.443359375 0.32844843749999997 0.443359375 0.44485937499999995 0.4638671875 0.48505000000000004 0.474609375 0.48366406250000005 0.505859375 0.45040312499999996 0.509765625 0.35339375 0.4892578125 0.2938015625 0.4580078125 0.2965734375
23 0.3017578125 0.218965625 0.283203125 0.2286671875 0.271484375 0.30073125 0.26953125 0.3672515625 0.2890625 0.3783390625 0.3046875 0.356165625 0.3203125 0.2563828125 0.31640625 0.2286671875 0.3017578125 0.218965625
21 0.3154296875 0.3048890625 0.302734375 0.3644796875 0.279296875 0.3811109375 0.2841796875 0.3991265625 0.298828125 0.403284375 0.3701171875 0.3963546875 0.38671875 0.303503125 0.3603515625 0.28825781250000004 0.3154296875 0.3048890625
21 0.6298828125 0.37418125 0.619140625 0.397740625 0.626953125 0.4365453125 0.666015625 0.453175 0.685546875 0.4226859375 0.6796875 0.3783390625 0.6591796875 0.3630953125 0.6298828125 0.37418125
10 0.6376953125 0.4462453125 0.5185546875 0.47119218749999997 0.494140625 0.49197968750000004 0.4921875 0.519696875 0.49609375 0.55295625 0.51953125 0.56404375 0.6611328125 0.5377125 0.7392578125 0.49059375000000005 0.744140625 0.4753484375 0.6376953125 0.4462453125
18 0.296875 0.41159999999999997 0.2939453125 0.49059375000000005 0.373046875 0.5058374999999999 0.38671875 0.4337734375 0.3740234375 0.40744218749999994 0.3134765625 0.3963546875 0.296875 0.41159999999999997
18 0.70703125 0.6471953125 0.7158203125 0.6846140625 0.7392578125 0.7012437499999999 0.74609375 0.6915421875 0.76171875 0.5889890624999999 0.7158203125 0.529396875 0.6923828125 0.5210828125 0.625 0.55295625 0.6259765625 0.5848312499999999 0.6376953125 0.5792875000000001 0.6728515625 0.6014625 0.70703125 0.6471953125
23 0.4404296875 0.33260625 0.421875 0.356165625 0.416015625 0.3866546875 0.39453125 0.40605624999999995 0.390625 0.44485937499999995 0.4130859375 0.4739625 0.44140625 0.4282296875 0.4404296875 0.33260625
31 0.689453125 0.32844843749999997 0.6953125 0.29795937499999997 0.6787109375 0.25776875 0.6337890625 0.224509375 0.607421875 0.234209375 0.6171875 0.29795937499999997 0.6494140625 0.34369218749999997 0.6767578125 0.34369218749999997 0.689453125 0.32844843749999997
18 0.6513671875 0.8869484375000001 0.6767578125 0.8924921875 0.7001953125 0.8647750000000001 0.7431640625 0.85923125 0.75390625 0.841215625 0.7421875 0.7414328125 0.7197265625 0.7067875 0.4951171875 0.709559375 0.4697265625 0.7178734375 0.458984375 0.7608359375 0.455078125 0.8633890624999999 0.4755859375 0.873090625 0.6396484375 0.8647750000000001 0.6513671875 0.8869484375000001
23 0.6806640625 0.63749375 0.6630859375 0.64858125 0.5517578125 0.645809375 0.53515625 0.661053125 0.533203125 0.6749125 0.5673828125 0.709559375 0.7109375 0.6943140624999999 0.6806640625 0.63749375
21 0.646484375 0.345078125 0.6123046875 0.2965734375 0.5322265625 0.37418125 0.525390625 0.3866546875 0.5546875 0.453175 0.5771484375 0.45733281249999996 0.646484375 0.345078125
9 0.294921875 0.8633890624999999 0.3115234375 0.8758609375 0.4013671875 0.8647750000000001 0.5068359375 0.8786328125 0.6240234375 0.8647750000000001 0.6767578125 0.8924921875 0.7001953125 0.867546875 0.7412109375 0.862003125 0.755859375 0.8467593750000001 0.740234375 0.7109453125 0.76171875 0.5889890624999999 0.716796875 0.5252390625000001 0.71875 0.5058374999999999 0.74609375 0.4753484375 0.7353515625 0.4601046875 0.66796875 0.453175 0.68359375 0.4282296875 0.685546875 0.39496875 0.654296875 0.35339375 0.685546875 0.339534375 0.693359375 0.286871875 0.6767578125 0.25222656250000003 0.6416015625 0.224509375 0.59765625 0.22312343750000002 0.60546875 0.14274375 0.5947265625 0.1219546875 0.5341796875 0.1358140625 0.4189453125 0.202334375 0.3896484375 0.1579875 0.3310546875 0.1857046875 0.3154296875 0.224509375 0.2880859375 0.2217375 0.26953125 0.3672515625 0.29296875 0.41437187499999995 0.29296875 0.4892078125 0.2568359375 0.487821875 0.2470703125 0.5099953125 0.232421875 0.514153125 0.216796875 0.608390625 0.22265625 0.6970859375 0.255859375 0.7109453125 0.26171875 0.783009375 0.294921875 0.8633890624999999