31 0.3760851890625 0.39354300468750003 0.364856678125 0.3859415 0.356036875 0.384354665625 0.3432143015625 0.3932134328125 0.3344958828125 0.40510722968749996 0.3303919203125 0.4020706515625 0.3211988984375 0.40796943125 0.3048499 0.4332675078125 0.30580046250000004 0.445259328125 0.3106176859375 0.45729021718749996 0.31821838593749996 0.4678504015625 0.32642767031250003 0.4739253375 0.3380293984375 0.47404123125000003 0.3397262046875 0.47106337343750004 0.35495729531250003 0.46822082343750004 0.362216209375 0.46230239375000004 0.369951084375 0.46238076406250006 0.38640301875 0.45056355625 0.3901682984375 0.437121990625 0.388502921875 0.4161356234375 0.3760851890625 0.39354300468750003
31 0.40776957343750003 0.37888502812499997 0.40461462187499997 0.3878400359375 0.40135847656249996 0.3833128671875 0.40149284218750003 0.372829509375 0.40922771718749995 0.3729078796875 0.4117706015625 0.3684407390625 0.4108200390625 0.35644891562500003 0.40600281406249994 0.344418028125 0.399115565625 0.342850609375 0.3825292671875 0.365151178125 0.3849065421875 0.395130075 0.39647665 0.41921174062500005 0.39959861874999997 0.43422072343749996 0.40696027656249995 0.4417847046875 0.41493245156249997 0.4448605875 0.420496109375 0.4419202515625 0.4281280515625 0.42851775468750003 0.4276520890625 0.422520953125 0.4312814515625 0.41956250937500006 0.432739596875 0.41358536093750004 0.42815967343750005 0.40455198281250004 0.42262744375 0.3835280921875 0.41719989375 0.37598376093749997 0.40776957343750003 0.37888502812499997
23 0.5183842390625 0.2631700546875 0.499998196875 0.2749676125 0.49575831875 0.28241415625 0.4964717703125 0.291406921875 0.51045039375 0.32150480312499996 0.5251756421875 0.3366299171875 0.5280603109374999 0.34864138906250003 0.5424106 0.3712534234375 0.557880540625 0.3714086203125 0.5890243609375 0.3986836046875 0.617791284375 0.3959766 0.63251634375 0.4111032578125 0.6419464734375 0.408203534375 0.65710625 0.3679143453125 0.6537469796875001 0.3499078515625 0.6281666296874999 0.3196940765625 0.60272064375 0.27899694375 0.5843660328125 0.2668302734375 0.565639946875 0.26214790625 0.5183842390625 0.2631700546875
23 0.4348619421875 0.6352806890625 0.4175223078125 0.5871776234375 0.3970994140625 0.5854731156249999 0.39540397031249996 0.5884527546875 0.3608364671875 0.59109949375 0.356493653125 0.5850651703125 0.352626990625 0.5850261031249999 0.3481484515625 0.5894733578125 0.3502882359375 0.616456290625 0.3553443140625 0.631484925 0.36464026875 0.639067015625 0.372373590625 0.6391451499999999 0.392662309375 0.6513314718750001 0.4042638453125 0.651448909375 0.43228588593749995 0.6637133656249999 0.4499254921875 0.666887034375 0.45392807187499995 0.6564429796875 0.45345210937499997 0.6504461781249999 0.44609026093750004 0.6428837406250001 0.44028949375000004 0.6428250203125 0.4348619421875 0.6352806890625
13 0.46514968124999995 0.578669628125 0.461893346875 0.574144003125 0.4447281515625 0.5769669000000001 0.425051503125 0.5602927125 0.4192507359375 0.56023399375 0.417285196875 0.58417856875 0.43462308906249997 0.63228294375 0.44005219218749997 0.6398275109375 0.45212833124999996 0.64593996875 0.4632554578125 0.6400608421875 0.46895348124999997 0.6266371484375 0.46681350625 0.5996557609375001 0.4680343515625 0.5906811015625 0.46586294375000004 0.5876639390625 0.46514968124999995 0.578669628125
31 0.46491238125 0.57567211875 0.425051503125 0.5602927125 0.417285196875 0.58417856875 0.43462308906249997 0.63228294375 0.4632554578125 0.6400608421875 0.46491238125 0.57567211875
31 0.6050402171875 0.44228046093750006 0.6380537281249999 0.5175033140624999 0.6538637140625 0.5341384328125 0.694469475 0.534546378125 0.745998046875 0.502113696875 0.760714653125 0.43186526093750005 0.7349284328125 0.37468974843749997 0.7126044171875 0.3490015984375 0.669556965625 0.366542971875 0.6452988421875 0.3408351703125 0.61962245625 0.382515384375 0.6355023953125001 0.43659536250000003 0.6050402171875 0.44228046093750006
33 0.745998046875 0.502113696875 0.760951953125 0.4348627703125 0.7349284328125 0.37468974843749997 0.7126044171875 0.3490015984375 0.669556965625 0.366542971875 0.6452988421875 0.3408351703125 0.620843303125 0.3735407234375 0.63574105625 0.439594653125 0.6050402171875 0.44228046093750006 0.64263384375 0.5265351484374999 0.694469475 0.534546378125 0.745998046875 0.502113696875
33 0.81354073125 0.513279178125 0.79450603125 0.4681526625 0.707768009375 0.5316844140625 0.695524525 0.5600193046874999 0.6940019656249999 0.6139246703125 0.7233475953124999 0.6306968796875 0.7860647953125001 0.5444548375 0.8073353140625 0.544670296875 0.81354073125 0.513279178125
19 0.49524019375000006 0.580470378125 0.5495890218749999 0.6079773859375 0.5734739265625 0.6411707984375 0.595456346875 0.6503787921875 0.6609951625 0.62407821875 0.6598059390625 0.60908710625 0.580828875 0.56335838125 0.588358071875 0.5364734703125 0.57502810625 0.5632996625 0.56742740625 0.552739478125 0.566508465625 0.5167818859375 0.5814323031249999 0.47349696718749995 0.602162446875 0.5156438453125001 0.6246210203125 0.5308470921875 0.6382910296875 0.5205008234374999 0.5888570125 0.43313095312499994 0.5862426265625 0.40015299843749996 0.5665659796875 0.38347881093749997 0.544313275 0.39523730156250003 0.5193746828125 0.3365727421875 0.4963128734375 0.41122936250000003 0.5168057187499999 0.45037872968750003 0.5201333671875 0.49235099531250004 0.5036500015625001 0.5281324296875 0.506161453125 0.5476295140625 0.47172831718749997 0.5397928953125 0.462503865625 0.5696559015625 0.47210843437500005 0.617682140625 0.500027540625 0.616465728125 0.49524019375000006 0.580470378125
18 0.31595094375 0.536727228125 0.3258572265625 0.5398227609374999 0.33542191250000003 0.526438134375 0.33749038593749997 0.515974428125 0.3430538546875 0.5130356375 0.347293734375 0.5055890921875 0.34634317187499997 0.493597271875 0.33996350625 0.4740608828125 0.32642767031250003 0.4739253375 0.32038960312500003 0.47086910781249997 0.3106176859375 0.45729021718749996 0.3033919453125 0.4392431109375 0.30037135937500004 0.4377147609375 0.291417190625 0.44661128593750005 0.28561623125 0.4465541125 0.2783573171875 0.452472540625 0.262379984375 0.47028477031250004 0.2598371015625 0.4747519109375 0.2603115125 0.4807484765625 0.276834759375 0.5063779078125 0.2850442359375 0.5124512984375 0.2892841140625 0.5050047546875 0.290402025 0.4825492265625 0.3006485421875 0.5021231375 0.29966654843749996 0.5140955421875 0.31595094375 0.536727228125
18 0.313104796875 0.5861248406249999 0.332782996875 0.6027992640625001 0.34462183281250003 0.6059142140625 0.3471662671875 0.6014473078125 0.3481484515625 0.5894733578125 0.3551700640625 0.5805574171875 0.352555678125 0.5475794640625 0.3490604921875 0.5400560921875 0.341325615625 0.5399777234375 0.33613517656249997 0.5354324453125 0.333116140625 0.53390433125 0.3258572265625 0.5398227609374999 0.3109663734375 0.5591436875 0.3114407828125 0.5651402546875001 0.315783596875 0.5711745765625 0.31239289531250003 0.577132309375 0.313104796875 0.5861248406249999
18 0.502268709375 0.65692929375 0.5017942984375 0.6509327296875 0.49480411562500004 0.63588444375 0.4885271953125 0.62983046875 0.48550816093750004 0.6283023531249999 0.47461988593750004 0.6371792265625 0.4619004390625 0.6595173156249999 0.45460835 0.68940128125 0.458682434375 0.7164023203125 0.46652024374999995 0.729961559375 0.4742537578125 0.73003815 0.47740851875 0.7210846859375 0.4869732046875 0.707700059375 0.49111015 0.6867726484375 0.502268709375 0.65692929375
18 0.6984406234375 0.5480665499999999 0.697964471875 0.5420712937500001 0.6947083265625 0.5375441234375 0.6800860140625 0.5358998796875001 0.6712662109374999 0.5343130453125 0.6620731906249999 0.540211825 0.6543383140625 0.5401334546875 0.6561050734375 0.5746004546875 0.65488578125 0.58357535 0.6523411546875 0.5880438 0.6368729562500001 0.5878872937499999 0.6364997390625 0.5953729046875 0.6397560734375001 0.59989853125 0.64942505625 0.599996553125 0.6615027453125 0.6061092484375 0.6692360703125 0.6061873828125 0.6714074765625 0.6092045453125 0.68687741875 0.6093597421875 0.6905067796875 0.6064013 0.6945093578125 0.5959572453125 0.6940648281249999 0.5659962171874999 0.6984406234375 0.5480665499999999
33 0.6409769187500001 0.5909238718750001 0.6388055125000001 0.587906709375 0.6364997390625 0.5953729046875 0.64169018125 0.5999181828125 0.6532917171875 0.600035621875 0.6714074765625 0.6092045453125 0.68687741875 0.6093597421875 0.6905067796875 0.6064013 0.6945093578125 0.5959572453125 0.6935587953125 0.583965421875 0.6962362343749999 0.569013378125 0.695524525 0.5600193046874999 0.6986779249999999 0.551064059375 0.697964471875 0.5420712937500001 0.6947083265625 0.5375441234375 0.6800860140625 0.5358998796875001 0.6712662109374999 0.5343130453125 0.6695709562500001 0.537291140625 0.6637699968749999 0.5372339671875 0.6612255625000001 0.541700871875 0.6645846421875 0.5597089093750001 0.6633655390625 0.5686822609375 0.659125659375 0.5761288046875 0.6567154015625001 0.5701138968749999 0.6558677734375 0.57160294375 0.6551230796875 0.586572859375 0.6506459015625 0.5910218953124999 0.6409769187500001 0.5909238718750001
10 0.6041350765625 0.57707258125 0.6134308390625 0.584656215625 0.6523411546875 0.5880438 0.656343734375 0.5775997453125 0.6534906875 0.5416225015625 0.648300246875 0.537077225 0.6356122281250001 0.5354510875 0.6038262703124999 0.5366299765625 0.6015204984375 0.5440961718749999 0.6041350765625 0.57707258125
19 0.61191518125 0.7239364390625 0.60506800625 0.7837783421875 0.6397070125 0.818576696875 0.6496447265625 0.797708003125 0.666065228125 0.809855021875 0.6754953593749999 0.8069552984374999 0.6743391171875001 0.7680001953125 0.7563281265625 0.7298837234375 0.7752930625000001 0.7375638359375001 0.7817743015625 0.7705793125 0.7913073671874999 0.7811604578125 0.8377468796875001 0.7576631296875 0.8618307546875 0.732443425 0.8448329046874999 0.7008189734375 0.811280378125 0.6675293171875001 0.7553392328124999 0.6564812718749999 0.6909183265625 0.6603263171875 0.6253795109375 0.6866268890625 0.61191518125 0.7239364390625
31 0.676271671875 0.7680196109375 0.67203179375 0.77546615625 0.6729839078125 0.7874582125 0.6830943171875 0.8175167906249999 0.6885236109374999 0.8250598124999999 0.6962584859375001 0.825138184375 0.7069080984375 0.8132620218750001 0.7146429750000001 0.8133403921875001 0.7274653578125 0.8044831718750001 0.772684025 0.789960503125 0.78055345625 0.779553971875 0.77912829375 0.76156713125 0.7673208875 0.7344879546875 0.7471351046875 0.7357825015625 0.7362468296875 0.7446593734375 0.696591821875 0.75624170625 0.68424385 0.7710954921875001 0.676271671875 0.7680196109375
23 0.8894811296875 0.752193728125 0.8722131890625 0.7415342125 0.8597622828124999 0.74290713125 0.8424627203125 0.7562133859375 0.841241875 0.765188046875 0.844839996875 0.7861922859375 0.8548490234375 0.80277023125 0.8630584984375 0.8088436218749999 0.878765740625 0.811996328125 0.8958993156249999 0.8331392031249999 0.911843665625 0.8392909640624999 0.9287700109375001 0.8334703203125 0.9565549421874999 0.8427357234375 0.96513744375 0.841325046875 0.962252775 0.8293135734374999 0.941625565625 0.8006475656250001 0.929310575 0.7915373609375 0.9256812140624999 0.794495803125 0.9210997390625 0.7854621890625 0.9090220499999999 0.7793494953125 0.8894811296875 0.752193728125
28 0.7556932671875 0.8437093640625 0.7360879328125 0.864481815625 0.7302856125 0.8644228609375 0.7265218859375 0.8778646609375 0.7676749218750001 0.9217160453125001 0.7809719046875 0.9188538453125 0.787248825 0.924907821875 0.7969178078125 0.92500584375 0.8153022968749999 0.9132080515625001 0.8525817703125 0.8716455125 0.8636044125 0.85228528125 0.84406213125 0.8251277359375001 0.8344261296875001 0.8010657234374999 0.7994854109375 0.8111980750000001 0.7873761 0.8290511515625001 0.78157533125 0.8289924328125 0.776725125 0.8409255343750001 0.7556932671875 0.8437093640625
18 0.7469762078125 0.8556049421875 0.7576273734375001 0.843729015625 0.7750298703125 0.8439036281250001 0.797789965625 0.8141777140625001 0.8335785031249999 0.80255476875 0.8361229375000001 0.7980878640625 0.8332382687500001 0.7860763921875 0.780181790625 0.7870398187500001 0.767359409375 0.795897040625 0.7426964468749999 0.801640621875 0.696019825 0.82213889375 0.6917799453125 0.8295854390624999 0.69487029375 0.8685601921874999 0.7019948406250001 0.8731251203125 0.7278769046875 0.8584081890625 0.7469762078125 0.8556049421875
33 0.6102199265625 0.7269145328125 0.6206652234375001 0.68807686875 0.60797720625 0.6864507328125 0.6062817609375 0.689430371875 0.590812009375 0.6892736296875001 0.5891165640625 0.69225326875 0.5833157953125 0.69219455 0.5754465546875001 0.7025995375 0.5744630093749999 0.7145717046875 0.5766344171875 0.7175888671874999 0.5778236406249999 0.7325799796875 0.5708020265625 0.7414959203125 0.5695811828124999 0.7504705796875 0.571958459375 0.780449478125 0.575214603125 0.784976646875 0.5810155625 0.785033821875 0.601098409375 0.77025840625 0.60774680625 0.7688280796875 0.6067962437500001 0.75683625625 0.6116464500000001 0.7449031546875 0.6102199265625 0.7269145328125
19 0.8634248156250001 0.715983153125 0.867767440625 0.7220190203125 0.8738055078125001 0.72507525 0.87611128125 0.7176090546875 0.8742415875 0.6696611859375 0.8664053296875001 0.6561021828125 0.8622998140625 0.65306536875 0.8550410921875 0.6589822546875 0.849240134375 0.6589250796874999 0.8457451375 0.6514001640625 0.8330571203125 0.6497740265624999 0.8294275687500001 0.652734015625 0.818166075 0.6690964984375001 0.8186422265625 0.6750917546874999 0.8445957953125 0.6978199187499999 0.855452640625 0.712907271875 0.8634248156250001 0.715983153125
18 0.9306259046875001 0.7106684765625 0.900163725 0.7163535750000001 0.8942270390625 0.726777978125 0.895416453125 0.7417675453125 0.9107188562499999 0.7763716359374999 0.9372827515625 0.794613240625 0.9533300375 0.814245871875 0.9789160062500001 0.8571531140624999 0.99359725625 0.7381320390624999 0.98826385625 0.7187386625000001 0.980426046875 0.7051794234375001 0.969195984375 0.6975776828125 0.9545754125 0.6959321296875001 0.9306259046875001 0.7106684765625
9 0.7694018218750001 0.5712473984375 0.8116727671874999 0.5926432562499999 0.811093871875 0.5731655875 0.7961330640625001 0.5550416546875 0.81672194375 0.522297034375 0.8034878234375 0.47723078125 0.7632153953125 0.40792635781250003 0.7150721765625 0.3490266875 0.6616440328125 0.3574759640625 0.6073598109375 0.2820391953125 0.568109259375 0.26217323124999997 0.51505278125 0.2631366609375 0.3977166640625 0.34283663125 0.2784165609375 0.4464814140625 0.2514165875 0.4836538734375 0.253554821875 0.5106365703125 0.2696036578125 0.5302694375 0.28025327187500004 0.5183932734375001 0.2802216515625 0.54235904375 0.2983703921875 0.5275639765625 0.303766703125 0.559070990625 0.358898553125 0.6330187125 0.4504608890625 0.6668911609375 0.4709223015625 0.7300047546874999 0.49954621875000005 0.6524075625 0.5282815203125 0.6736663296875001 0.5485370656249999 0.7098181859375 0.573064109375 0.7145577265624999 0.5849428296875 0.7790835421875 0.6057375781250001 0.7733006578125 0.6363740046874999 0.8185430671875 0.6487219765625001 0.8036892812499999 0.6740964593750001 0.8069413187500001 0.7136556234375 0.86725143125 0.73855569375 0.8645069046874999 0.7638989359374999 0.891721625 0.7898839343749999 0.8904855609375 0.7880543140625 0.9039470140624999 0.7543342484375 0.9051062515625 0.767971465625 0.9187224281249999 0.8175343093749999 0.910235865625 0.8754011109375 0.8359284703125001 0.911601196875 0.87823054375 0.9198436546875 0.86033994375 0.9628594843749999 0.8667643406250001 0.978396603125 0.8613639265625 0.9940396828125 0.73454528125 0.9938535859375 0.733772734375 0.9710549703125 0.7020895640625 0.93903035 0.7002691624999999 0.9441824609375 0.643403809375 0.9235550609375001 0.61473934375 0.8865144375 0.6592996296875 0.8619160812500001 0.6171134484375 0.8464461390625001 0.616958253125 0.8464147093750001 0.6409224796874999 0.7403017515625 0.6428493343749999 0.5932813218749999 0.6892989546875 0.60396391875 0.6534588 0.6450770734375 0.63589931875 0.651385425 0.6179890671875 0.7074624890625001 0.6185539890625 0.7099739406250001 0.638051075 0.7207278484375 0.6396575609374999 0.7694018218750001 0.5712473984375
8 0.46487405156249995 0.5142614875 0.45520506875000005 0.514163465625 0.45181281718750005 0.5201209640625 0.44879378125 0.5185928484375 0.4500146265625 0.5096181890625 0.43878611718749994 0.5020166828125 0.42636683125 0.4794238296875 0.4222943 0.452423025 0.3941378953125 0.4506419265625 0.370188384375 0.46537827500000006 0.34915652656249996 0.46816210468749997 0.342982540625 0.4755889984375 0.34345850312500004 0.48158579843749993 0.3537050203125 0.501159709375 0.366020009375 0.5102699140625 0.38776512812499997 0.5164803953125 0.40730741249999997 0.543637940625 0.42783323749999996 0.5588233171875 0.436518865625 0.570891965625 0.454158471875 0.5740656328125 0.46711521874999995 0.554725053125 0.471491015625 0.5367953859375 0.4700644921875 0.5188067640625 0.46487405156249995 0.5142614875
22 0.5071436359375 0.5356555640625 0.47997077499999996 0.521902296875 0.4730835265625 0.5203348796875 0.4712521640625 0.5337976390625 0.48828299375000006 0.5414581 0.494559915625 0.5475120765625 0.500360684375 0.5475707953125 0.502532090625 0.5505879578124999 0.5091804875 0.5491576296875 0.51040133125 0.5401829703125001 0.5071436359375 0.5356555640625
8 0.427922371875 0.40155447187500004 0.42045622812500005 0.3805093859375 0.4135703421875 0.378943746875 0.40631161718750003 0.3848606328125 0.40376699374999997 0.389329084375 0.40424314531250005 0.395324340625 0.41594761875 0.40892264687499996 0.41764287187500004 0.405944553125 0.4234436421875 0.40600327187499996 0.4275491546875 0.40904008437500006 0.427922371875 0.40155447187500004
8 0.5124629046875 0.44434440625000005 0.5026909875000001 0.4307655171875 0.4930235578125 0.430667728125 0.48647790625000004 0.4455804703125 0.480200984375 0.43952649531250004 0.460864571875 0.4393306859375 0.45496086875 0.4257910984375 0.44434113281250004 0.4137028 0.42778645624999995 0.41203759531250006 0.4254806828125 0.419503790625 0.4264312453125 0.4314956125 0.4225316015625 0.45542053437499996 0.42395812343749995 0.47340915624999996 0.4331197140625 0.49147460625 0.44289007968750005 0.5050532609375 0.4607685375 0.511224675 0.46704545937499997 0.51727865 0.4786469953125 0.5173960875 0.49313339218749996 0.5295234546875001 0.5044976296875 0.5266433828125 0.5115192421875 0.5177274421875 0.5201333671875 0.49235099531250004 0.5172801296875 0.456375296875 0.5124629046875 0.44434440625000005