9 0.7470703125 0.22495625000000002 0.7197265625 0.2583953125 0.6923828125 0.252315625 0.681640625 0.269034375 0.6728515625 0.3009546875 0.640625 0.302475 0.630859375 0.384553125 0.6328125 0.43015156250000003 0.6259765625 0.431671875 0.625 0.4423125 0.6728515625 0.462071875 0.6865234375 0.477271875 0.7177734375 0.4803109375 0.7431640625 0.50463125 0.75390625 0.5031109375 0.76171875 0.4909515625 0.765625 0.241675 0.7626953125 0.2310359375 0.7470703125 0.22495625000000002
9 1 0.10791875 0.974609375 0.104878125 0.97265625 0.0015203125 0.8427734375 0 0.828125 0.244715625 0.85546875 0.2811953125 0.830078125 0.302475 0.82421875 0.34199375 0.841796875 0.414953125 0.8603515625 0.4347125 0.8916015625 0.42863281249999996 0.908203125 0.3663140625 0.9404296875 0.33439375 0.912109375 0.408871875 0.9140625 0.42711249999999995 0.9716796875 0.50463125 1 0.5122312499999999 1 0.10791875
23 0 0.7280671875 0.02734375 0.7280671875 0.037109375 0.7219875 0.046875 0.688546875 0.06640625 0.65206875 0.0703125 0.62166875 0.111328125 0.509190625 0.111328125 0.493990625 0.1005859375 0.47423125 0.0654296875 0.4529515625 0.0498046875 0.4559921875 0.037109375 0.4757515625 0 0.5851890625 0 0.7280671875
10 0.119140625 0.7554265625000001 0.1083984375 0.73870625 0.0791015625 0.7295859375 0 0.734146875 0.0009765625 0.8025453125 0.0166015625 0.8055859375000001 0.0302734375 0.820784375 0.0634765625 0.8329453125 0.0849609375 0.8481453125 0.12109375 0.85574375 0.125 0.8527046875 0.130859375 0.8283843750000001 0.12890625 0.7827859375 0.119140625 0.7554265625000001
28 0.400390625 0.679428125 0.3349609375 0.5958296875 0.3232421875 0.5927890625 0.2294921875 0.656628125 0.2119140625 0.6900671875 0.1669921875 0.711346875 0.119140625 0.7523859374999999 0.130859375 0.7827859375 0.1337890625 0.8542249999999999 0.1748046875 0.8694234375000001 0.2060546875 0.866384375 0.2255859375 0.8815843750000001 0.2373046875 0.90894375 0.25390625 0.9135031250000001 0.2978515625 0.8785437500000001 0.3857421875 0.8329453125 0.3984375 0.8101453125000001 0.400390625 0.679428125
13 0.1298828125 0.6657484375 0.140625 0.6551078125 0.142578125 0.6429484375000001 0.150390625 0.62166875 0.150390625 0.6155890625 0.1455078125 0.6079890625 0.1337890625 0.6079890625 0.1298828125 0.611028125 0.1025390625 0.6535875 0.068359375 0.6915875 0.0693359375 0.7022265625 0.0732421875 0.7022265625 0.0927734375 0.7174265625 0.0966796875 0.726546875 0.1005859375 0.726546875 0.1103515625 0.7356671875 0.1171875 0.734146875 0.125 0.7219875 0.119140625 0.7067875 0.12109375 0.6824671875 0.1298828125 0.6657484375
23 0.2783203125 0.617109375 0.3056640625 0.6049484374999999 0.3046875 0.594309375 0.2939453125 0.5867093750000001 0.2763671875 0.58975 0.2685546875 0.5988687500000001 0.2353515625 0.58975 0.2236328125 0.611028125 0.1884765625 0.617109375 0.1689453125 0.656628125 0.1435546875 0.656628125 0.125 0.6733484375 0.123046875 0.7067875 0.126953125 0.718946875 0.146484375 0.7219875 0.2138671875 0.6779078125 0.2216796875 0.65966875 0.2587890625 0.6383890625 0.2783203125 0.617109375
23 0.4765625 0.7463062500000001 0.490234375 0.703746875 0.4921875 0.6733484375 0.4814453125 0.6535875 0.4619140625 0.6353484375 0.4208984375 0.6323078125 0.4091796875 0.6231890625000001 0.3935546875 0.6201484374999999 0.3642578125 0.6201484374999999 0.36328125 0.6277484375 0.404296875 0.6824671875 0.404296875 0.831425 0.4248046875 0.8420640625000001 0.4375 0.8405453125 0.44921875 0.8253453125 0.458984375 0.7827859375 0.466796875 0.773665625 0.4765625 0.7463062500000001
13 0.2978515625 0.8815843750000001 0.2939453125 0.896784375 0.2841796875 0.8907031249999999 0.27734375 0.898303125 0.2900390625 0.8998234374999999 0.2861328125 0.90894375 0.2509765625 0.936303125 0.263671875 0.91654375 0.2392578125 0.9150234375 0.2158203125 0.8785437500000001 0.0830078125 0.8511843750000001 0 0.8071046875000001 0.0048828125 0.90894375 0.0361328125 0.9119828125 0.0556640625 0.9332625 0.1904296875 0.9940625000000001 0.3046875 0.9986218750000001 0.3232421875 0.9940625000000001 0.34375 0.9591031250000001 0.3662109375 0.8451046874999999 0.2978515625 0.8815843750000001
23 0.388671875 0.1535171875 0.388671875 0.1383171875 0.38671875 0.1322375 0.3798828125 0.1246375 0.3681640625 0.1246375 0.361328125 0.1383171875 0.361328125 0.15047656250000002 0.3505859375 0.1580765625 0.341796875 0.1778375 0.341796875 0.18695625 0.33984375 0.189996875 0.33984375 0.22647656249999998 0.3427734375 0.23407499999999998 0.3583984375 0.23407499999999998 0.3603515625 0.2310359375 0.38671875 0.23255625000000002 0.39453125 0.1960765625 0.39453125 0.17479687500000002 0.38671875 0.159596875 0.388671875 0.1535171875
13 0.5107421875 0.3283140625 0.5185546875 0.337434375 0.537109375 0.27207499999999996 0.4697265625 0.23407499999999998 0.4013671875 0.2310359375 0.3544921875 0.264475 0.2802734375 0.291834375 0.25390625 0.314634375 0.25390625 0.32679375 0.2822265625 0.3587140625 0.3095703125 0.40735312500000004 0.3466796875 0.4225515625 0.3623046875 0.44079218750000004 0.376953125 0.43927187500000003 0.4052734375 0.4195125 0.4189453125 0.38911250000000003 0.4384765625 0.3708734375 0.5107421875 0.3283140625
31 0.515625 0.5882296874999999 0.517578125 0.5608703125 0.5126953125 0.556309375 0.4990234375 0.556309375 0.4716796875 0.5775890625 0.4609375 0.60646875 0.4609375 0.6277484375 0.4697265625 0.6353484375 0.4736328125 0.6444687499999999 0.4814453125 0.6505484375 0.4970703125 0.6748671875000001 0.5 0.6733484375 0.5078125 0.6611875 0.521484375 0.624709375 0.521484375 0.60646875 0.515625 0.5882296874999999
33 0.583984375 0.214315625 0.5673828125 0.19455625000000001 0.5361328125 0.20367656250000002 0.5185546875 0.1854359375 0.5068359375 0.1854359375 0.4833984375 0.20367656250000002 0.46875 0.22951562499999997 0.4853515625 0.2431953125 0.5341796875 0.26751562500000003 0.537109375 0.2781546875 0.5341796875 0.2857546875 0.525390625 0.29031406249999997 0.5234375 0.302475 0.525390625 0.34199375 0.5439453125 0.361753125 0.564453125 0.3663140625 0.58203125 0.32679375 0.595703125 0.27207499999999996 0.595703125 0.241675 0.583984375 0.214315625
28 0.404296875 0.4909515625 0.39453125 0.46055156249999996 0.3984375 0.4423125 0.3896484375 0.4377515625 0.3818359375 0.44383125 0.3525390625 0.44383125 0.3408203125 0.42863281249999996 0.3193359375 0.41647187499999994 0.302734375 0.4362328125 0.28515625 0.4909515625 0.2646484375 0.5228703125 0.248046875 0.53655 0.24609375 0.5608703125 0.2548828125 0.58366875 0.2724609375 0.5958296875 0.2978515625 0.58975 0.3154296875 0.5927890625 0.3271484375 0.5867093750000001 0.35546875 0.60646875 0.365234375 0.57606875 0.388671875 0.5335109375 0.38671875 0.5152703125 0.404296875 0.4909515625
31 0.515625 0.5882296874999999 0.517578125 0.5608703125 0.5126953125 0.556309375 0.4990234375 0.556309375 0.4814453125 0.5684703125 0.46875 0.5851890625 0.4609375 0.609509375 0.4609375 0.6277484375 0.4814453125 0.6505484375 0.4970703125 0.6748671875000001 0.5 0.6733484375 0.5078125 0.6611875 0.521484375 0.624709375 0.521484375 0.60646875 0.515625 0.5882296874999999
31 0.4794921875 0.41647187499999994 0.4375 0.454471875 0.4404296875 0.47119218749999997 0.4658203125 0.47119218749999997 0.50390625 0.5000703125 0.513671875 0.4909515625 0.515625 0.44535156249999996 0.4990234375 0.41647187499999994 0.4794921875 0.41647187499999994
29 0.2705078125 0.26751562500000003 0.2451171875 0.249275 0.2119140625 0.249275 0.1943359375 0.2553546875 0.1787109375 0.2705546875 0.15625 0.31159375 0.1572265625 0.3161546875 0.248046875 0.3176734375 0.2587890625 0.3009546875 0.2783203125 0.2857546875 0.279296875 0.2781546875 0.2705078125 0.26751562500000003
29 0.3701171875 0.252315625 0.3837890625 0.2462359375 0.384765625 0.2386359375 0.3779296875 0.2310359375 0.3681640625 0.2279953125 0.3486328125 0.237115625 0.3369140625 0.237115625 0.3251953125 0.2431953125 0.3173828125 0.252315625 0.3134765625 0.252315625 0.314453125 0.22951562499999997 0.3095703125 0.2279953125 0.2890625 0.2629546875 0.28125 0.284234375 0.2841796875 0.2887953125 0.291015625 0.287275 0.3525390625 0.264475 0.3583984375 0.2583953125 0.3642578125 0.2583953125 0.3701171875 0.252315625
18 0.46875 0.40583281250000003 0.4619140625 0.3982328125 0.4560546875 0.3982328125 0.4541015625 0.4012734375 0.4306640625 0.40735312500000004 0.4248046875 0.41343281249999997 0.4169921875 0.41343281249999997 0.408203125 0.42711249999999995 0.40625 0.4423125 0.396484375 0.454471875 0.396484375 0.46055156249999996 0.40234375 0.47879062499999997 0.4072265625 0.486390625 0.412109375 0.48487187499999995 0.4462890625 0.44079218750000004 0.4619140625 0.42863281249999996 0.470703125 0.4119125 0.46875 0.40583281250000003
19 0.7255859375 0.44991250000000005 0.7431640625 0.446871875 0.748046875 0.43015156250000003 0.76171875 0.414953125 0.76171875 0.39975312500000004 0.7451171875 0.37999375 0.7197265625 0.361753125 0.7060546875 0.3404734375 0.6962890625 0.3435140625 0.6904296875 0.3283140625 0.685546875 0.329834375 0.6865234375 0.3404734375 0.6787109375 0.3283140625 0.6591796875 0.33439375 0.6494140625 0.3313546875 0.6435546875 0.337434375 0.6396484375 0.33439375 0.6328125 0.35719375000000003 0.6328125 0.44535156249999996 0.6396484375 0.4529515625 0.6689453125 0.45903124999999995 0.6806640625 0.47423125 0.7001953125 0.4803109375 0.712890625 0.47879062499999997 0.71484375 0.454471875 0.708984375 0.43015156250000003 0.7177734375 0.4225515625 0.7255859375 0.44991250000000005
18 0.759765625 0.47879062499999997 0.759765625 0.46055156249999996 0.7578125 0.45751093750000005 0.7578125 0.44535156249999996 0.76171875 0.4331921875 0.76171875 0.424071875 0.7587890625 0.4195125 0.748046875 0.43015156250000003 0.748046875 0.44535156249999996 0.7451171875 0.44991250000000005 0.7275390625 0.44991250000000005 0.7216796875 0.4529515625 0.716796875 0.46055156249999996 0.71484375 0.46967187499999996 0.716796875 0.47879062499999997 0.7216796875 0.486390625 0.7294921875 0.486390625 0.7392578125 0.501590625 0.7431640625 0.50463125 0.75390625 0.5031109375 0.759765625 0.49703125000000004 0.759765625 0.4879109375 0.76171875 0.48487187499999995 0.759765625 0.47879062499999997
18 1 0.10791875 0.9765625 0.104878125 0.974609375 0.0015203125 0.8427734375 0 0.828125 0.24775624999999998 0.8408203125 0.26751562500000003 0.8583984375 0.2735953125 0.8662109375 0.2462359375 0.8798828125 0.2462359375 0.8896484375 0.28271562499999997 0.9169921875 0.28271562499999997 0.927734375 0.2963953125 0.9345703125 0.33439375 0.9638671875 0.3161546875 0.9375 0.345034375 0.9140625 0.40583281250000003 0.9140625 0.424071875 0.9794921875 0.5107109375000001 1 0.5122312499999999 1 0.10791875
18 0.908203125 0.3632734375 0.9150390625 0.3556734375 0.9228515625 0.3556734375 0.927734375 0.345034375 0.92578125 0.29335468750000004 0.9150390625 0.2857546875 0.9072265625 0.294875 0.9013671875 0.294875 0.8876953125 0.2857546875 0.8828125 0.2781546875 0.884765625 0.2507953125 0.8759765625 0.24015625 0.8701171875 0.24015625 0.86328125 0.24775624999999998 0.865234375 0.2811953125 0.8623046875 0.2857546875 0.8408203125 0.2857546875 0.830078125 0.302475 0.83203125 0.3176734375 0.830078125 0.338953125 0.826171875 0.345034375 0.826171875 0.3632734375 0.837890625 0.38151250000000003 0.841796875 0.414953125 0.8505859375 0.42863281249999996 0.8583984375 0.4347125 0.86328125 0.4331921875 0.8837890625 0.42863281249999996 0.8916015625 0.431671875 0.896484375 0.4210328125 0.908203125 0.3632734375
18 0.748046875 0.43015156250000003 0.763671875 0.408871875 0.765625 0.23255625000000002 0.7529296875 0.221915625 0.7294921875 0.24015625 0.7197265625 0.2583953125 0.6923828125 0.252315625 0.681640625 0.269034375 0.6689453125 0.32527343750000004 0.6591796875 0.3009546875 0.6435546875 0.30399375 0.638671875 0.314634375 0.62890625 0.3875921875 0.634765625 0.4483921875 0.6611328125 0.4559921875 0.6845703125 0.47423125 0.712890625 0.47879062499999997 0.7158203125 0.4377515625 0.7236328125 0.44991250000000005 0.7451171875 0.446871875 0.748046875 0.43015156250000003
29 0.1328125 0.3359140625 0.138671875 0.3328734375 0.1376953125 0.32527343750000004 0.1318359375 0.3283140625 0.1259765625 0.3404734375 0.1083984375 0.3587140625 0.103515625 0.369353125 0.10546875 0.40583281250000003 0.12109375 0.4362328125 0.123046875 0.44535156249999996 0.1259765625 0.44991250000000005 0.1328125 0.4483921875 0.1328125 0.44535156249999996 0.126953125 0.43927187500000003 0.12890625 0.35415312499999996 0.1328125 0.3359140625
18 0.2890625 0.48183125000000004 0.302734375 0.43015156250000003 0.302734375 0.4179921875 0.2998046875 0.41343281249999997 0.2958984375 0.41343281249999997 0.287109375 0.4331921875 0.2783203125 0.44079218750000004 0.2509765625 0.44383125 0.2255859375 0.4377515625 0.220703125 0.4423125 0.216796875 0.554790625 0.2314453125 0.571509375 0.23828125 0.5730296874999999 0.24609375 0.539590625 0.2529296875 0.52895 0.2705078125 0.51375 0.2890625 0.48183125000000004
18 0.18359375 0.4909515625 0.189453125 0.46967187499999996 0.1884765625 0.4529515625 0.1455078125 0.4529515625 0.12890625 0.46967187499999996 0.119140625 0.4909515625 0.111328125 0.524390625 0.0859375 0.579109375 0.072265625 0.624709375 0.072265625 0.6399078125 0.0625 0.6703078125 0.0625 0.6855078125 0.068359375 0.6855078125 0.0771484375 0.680946875 0.123046875 0.6186281250000001 0.140625 0.5730296874999999 0.18359375 0.4909515625
18 0.21875 0.5608703125 0.220703125 0.4423125 0.2177734375 0.4377515625 0.2001953125 0.44079218750000004 0.1875 0.45143125 0.189453125 0.46967187499999996 0.18359375 0.4909515625 0.166015625 0.524390625 0.1640625 0.53655 0.15625 0.5487093749999999 0.154296875 0.5578296875000001 0.150390625 0.5608703125 0.1513671875 0.5654296875 0.1630859375 0.5654296875 0.17578125 0.5882296874999999 0.181640625 0.609509375 0.1875 0.6155890625 0.2197265625 0.611028125 0.234375 0.5882296874999999 0.232421875 0.57606875 0.21875 0.5608703125