9 0.2598304484375 0.302441025 0.25134606875 0.317976390625 0.1921600953125 0.306666271875 0.1606975484375 0.31375964375 0.13717248906249999 0.28857293125 0.1297327671875 0.25197746875 0.0692227890625 0.2701584203125 0.07442346093749999 0.29882485625 0.124152440625 0.3472951875 0.14446622343749999 0.3861792328125 0.2014131453125 0.38956032343749997 0.24416010312499997 0.42014277499999997 0.253719990625 0.409555628125 0.23994613281250002 0.3983889375 0.2784806359375 0.407217165625 0.3205206234375 0.453528290625 0.351100875 0.46609499843749996 0.3744331078125 0.4666749265625 0.3856866671875 0.4472717015625 0.39156445624999997 0.4520387546875 0.38825487812500004 0.4860577421875 0.41300664062500003 0.49407560625 0.4573926359375 0.46873246875 0.4974428421875 0.472678309375 0.4876180828125 0.4891646578125 0.45329755 0.50209026875 0.39876802968749997 0.5027060265625 0.39278757343750004 0.5202712203125001 0.354887609375 0.5262187843749999 0.3492608296875 0.5359203984375001 0.3923614640625 0.55863926875 0.3492028734375 0.594963825 0.3335744953125 0.6250835765625 0.27706966875 0.611873009375 0.26239904375 0.5918274375 0.22906521249999998 0.6116656484375 0.2058522515625 0.666198871875 0.23553270624999997 0.669887471875 0.2412627671875 0.6867604390625 0.22168680625 0.689226765625 0.1932727859375 0.7150920390625 0.212511059375 0.749027865625 0.25194423125 0.7667361015624999 0.3635975125 0.7655696437499999 0.3847787265625 0.7562531375 0.45692679218750004 0.767884428125 0.5444833046875 0.8409116609374999 0.544115153125 0.82023628125 0.486695665625 0.7696071328125 0.47971403281249997 0.7517207671875 0.49186587499999995 0.7411960343749999 0.593533546875 0.788986290625 0.6337461171875 0.7604613828125 0.7001789859375 0.78376018125 0.7045809078125 0.6569211796875 0.751702684375 0.6767871046875 0.766182384375 0.6722270203125 0.8489037578125 0.564059771875 0.8673161796875 0.5586126375 0.9270883359375001 0.4990813140625 0.92144708125 0.48024396874999997 0.8744137249999999 0.4584121484375 0.8843684843749999 0.3523763890625 0.793896803125 0.344227853125 0.7950458703125001 0.3186697 0.8188198124999999 0.3094186390625 0.8193503296875001 0.29762326875 0.8110264125000001 0.28068675781249997 0.791715709375 0.277255396875 0.768587809375 0.15662271875 0.74167501875 0.1490666453125 0.7191530359375 0.159332621875 0.669673328125 0.07642603125 0.6185300234375 0.0594115375 0.6036970328125 0.0718367171875 0.6067474625 0.090609746875 0.6000295703125 0.06682608281249999 0.5809101812499999 0.0880018921875 0.565443778125 0.085649378125 0.43543603124999997 0.0332195421875 0.40410684375 0.1239635109375 0.3804937515625 0.1007442109375 0.3398246078125 0.11055963437500001 0.36227415937499996 0.130798128125 0.37017045312499997 0.186103075 0.40843969687500004 0.2008289859375 0.370643015625 0.23335113125 0.3731614109375 0.2639199171875 0.352598746875 0.2594736453125 0.299070403125 0.2955409625 0.2598304484375 0.302441025
20 0.7094166953125 0.173853075 0.7137335609375 0.22217997656250002 0.7790909187499999 0.24053055625000003 0.766170790625 0.152627384375 0.731216846875 0.1507753 0.7094166953125 0.173853075
20 0.7088944125000001 0.5320480734374999 0.766635209375 0.5177349812500001 0.7868301078125 0.5015073890624999 0.7889610031250001 0.309662215625 0.745879715625 0.48868192656250004 0.6998490515625 0.502301278125 0.697448025 0.5268445171875 0.7088944125000001 0.5320480734374999
18 0.6813051171875 0.597298209375 0.6677096140625001 0.5821993437499999 0.597800596875 0.5784970796875 0.562773096875 0.6071513656249999 0.47633854531250003 0.62468845625 0.4542731375 0.6536639156249999 0.4564397578125 0.6920974109375 0.4724507625 0.7111919984374999 0.5615100203125001 0.7507975 0.636426878125 0.75855941875 0.6699951171875 0.675744475 0.6813051171875 0.597298209375
29 0.5305080546875 0.28553777812500003 0.5097685515625 0.2850232953125 0.478585353125 0.31475642656249997 0.482990634375 0.361117434375 0.42103586875000004 0.3536766890625 0.40754325781249995 0.3651508875 0.4118456484375 0.3849388296875 0.5370220015625 0.4293757078125 0.5505290875 0.4464404703125 0.540529003125 0.4668582203125 0.6348293828125 0.4475485453125 0.6616229015624999 0.3999914640625 0.6443584203125 0.37988235000000004 0.6457727453125 0.3484265125 0.62762406875 0.34797634843749997 0.6133067343749999 0.32006568281250003 0.5794123109375 0.2946232453125 0.5305080546875 0.28553777812500003
18 0.6894521953125 0.6181665125 0.8149513781250001 0.5976607609375 0.8245112671875001 0.5870736156249999 0.8193841531249999 0.5279008078125 0.7184687750000001 0.5499998859375 0.6809369656250001 0.57662283125 0.6894521953125 0.6181665125
20 0.742531721875 0.24552865625 0.714206121875 0.269428034375 0.665451603125 0.37253325 0.6527848453125 0.42339041093749996 0.659678446875 0.44324418593750003 0.6392201921875 0.46537059062499997 0.6409287234375001 0.48509498906250004 0.7208538140625 0.49691807499999996 0.74319895625 0.49058389062499996 0.7948385671875 0.26552395781250004 0.778914465625 0.2444638609375 0.742531721875 0.24552865625
20 0.8682724187499999 0.5084477046875 0.871866321875 0.543964709375 0.924407575 0.500983278125 0.9252033515625 0.4832902234375 0.8755772671875001 0.46139295625 0.8682724187499999 0.5084477046875
20 0.71092951875 0.660031365625 0.7594800953124999 0.6769804140625 0.8489921765625 0.5620938765625 0.8228896375 0.565383709375 0.8124474562499999 0.5956309359375 0.68927535625 0.622098303125 0.71092951875 0.660031365625
18 0.8674770281249999 0.526142275 0.871866321875 0.543964709375 0.9270883359375001 0.4990813140625 0.9189431609375 0.478214140625 0.8756656859374999 0.4594270609375 0.8674770281249999 0.526142275
18 0.71092951875 0.660031365625 0.7594800953124999 0.6769804140625 0.8489921765625 0.5620938765625 0.8229780578125 0.5634178125 0.8124474562499999 0.5956309359375 0.6865945953125 0.624000265625 0.71092951875 0.660031365625
18 0.577000165625 0.46382753125000004 0.53516748125 0.4706621484375 0.5651276703125 0.49699202343750004 0.5851453421875 0.48469470625 0.577000165625 0.46382753125000004