9 0.65625 0.77659375 0.681640625 0.66839375 0.6796875 0.6125484375 0.69921875 0.5567046875 0.697265625 0.525290625 0.7421875 0.4834078125 0.712890625 0.368228125 0.658203125 0.27747968749999996 0.666015625 0.20418281249999998 0.6474609375 0.1500828125 0.6220703125 0.13263125 0.5810546875 0.1500828125 0.5439453125 0.13263125 0.5146484375 0.136121875 0.5029296875 0.1570640625 0.4814453125 0.1256515625 0.4541015625 0.13263125 0.423828125 0.089003125 0.4375 0.082021875 0.4375 0.04711875 0.3916015625 0.0209421875 0.2822265625 0.129140625 0.2236328125 0.12216093750000001 0.20703125 0.1762609375 0.205078125 0.2321046875 0.1328125 0.354265625 0.12890625 0.3717171875 0.140625 0.392659375 0.134765625 0.4415234375 0.109375 0.525290625 0.1171875 0.6614125 0.15234375 0.77659375 0.146484375 0.804515625 0.1591796875 0.8341828124999999 0.2216796875 0.921440625 0.3017578125 0.9947374999999999 0.37890625 0.9964828125 0.4833984375 0.9807765625 0.5166015625 0.9354015625000001 0.5830078125 0.9074796875000001 0.65625 0.77659375
22 0.3427734375 0.712021875 0.33203125 0.7207484375 0.33203125 0.7277296875 0.3349609375 0.7329640625 0.3388671875 0.7364546875 0.3505859375 0.7364546875 0.3525390625 0.7399453125 0.4375 0.7382 0.439453125 0.734709375 0.439453125 0.7242390624999999 0.4365234375 0.719003125 0.3427734375 0.712021875
21 0.55859375 0.253046875 0.556640625 0.21116406250000003 0.564453125 0.1762609375 0.57421875 0.15531875 0.5654296875 0.1465921875 0.5146484375 0.136121875 0.51171875 0.14135781249999999 0.513671875 0.1692796875 0.509765625 0.18673125 0.50390625 0.3193625 0.5087890625 0.32808906250000003 0.5380859375 0.34205 0.5625 0.3403046875 0.576171875 0.3123828125 0.576171875 0.29493125 0.56640625 0.27747968749999996 0.55859375 0.253046875
21 0.666015625 0.228615625 0.6640625 0.190221875 0.654296875 0.1623 0.6357421875 0.1396125 0.6181640625 0.13263125 0.5986328125 0.136121875 0.5771484375 0.15357343750000002 0.564453125 0.1797515625 0.556640625 0.21465312499999997 0.55859375 0.253046875 0.5625 0.2670078125 0.5771484375 0.2931859375 0.5908203125 0.30365625 0.611328125 0.3054015625 0.6396484375 0.2931859375 0.6474609375 0.28271562499999997 0.658203125 0.260028125 0.666015625 0.228615625
21 0.529296875 0.7800828125 0.529296875 0.7207484375 0.525390625 0.696315625 0.4775390625 0.64570625 0.4638671875 0.64570625 0.4599609375 0.6387265625 0.4462890625 0.6387265625 0.4365234375 0.6282546875 0.4287109375 0.6282546875 0.423828125 0.640471875 0.42578125 0.6544328125 0.4140625 0.7137671875 0.4189453125 0.725984375 0.4248046875 0.719003125 0.4345703125 0.719003125 0.4375 0.73121875 0.4345703125 0.7364546875 0.4189453125 0.7329640625 0.4140625 0.741690625 0.41015625 0.804515625 0.412109375 0.8568703125000001 0.4150390625 0.8621062500000001 0.423828125 0.8603609375 0.4423828125 0.851634375 0.5146484375 0.8411640625000001 0.525390625 0.80800625 0.529296875 0.7800828125
23 0.4638671875 0.4188375 0.4482421875 0.38044375 0.4228515625 0.3525203125 0.4111328125 0.3560109375 0.3564453125 0.3315796875 0.3427734375 0.33506874999999997 0.2646484375 0.2931859375 0.234375 0.3054015625 0.232421875 0.4101109375 0.2412109375 0.43279843749999997 0.3232421875 0.439778125 0.3681640625 0.47817187499999997 0.3994140625 0.4816625 0.4072265625 0.49562343750000004 0.41796875 0.493878125 0.4580078125 0.46421093750000003 0.4775390625 0.47817187499999997 0.48828125 0.424071875 0.4638671875 0.4188375
19 0.3046875 0.696315625 0.2919921875 0.6841 0.2646484375 0.6841 0.255859375 0.63698125 0.23046875 0.5776453125 0.1787109375 0.49213281249999996 0.1630859375 0.47468125 0.1494140625 0.47817187499999997 0.12890625 0.5357624999999999 0.12890625 0.63698125 0.1552734375 0.6631578124999999 0.1591796875 0.6561781250000001 0.1806640625 0.6631578124999999 0.1943359375 0.687590625 0.2119140625 0.6666484374999999 0.2275390625 0.67711875 0.240234375 0.69980625 0.22265625 0.74518125 0.2265625 0.7696125 0.2490234375 0.795790625 0.265625 0.797534375 0.2822265625 0.7923 0.296875 0.773103125 0.30859375 0.7207484375 0.3046875 0.696315625
19 0.326171875 0.455484375 0.326171875 0.4485046875 0.3173828125 0.439778125 0.2783203125 0.43628906250000005 0.2705078125 0.44675937499999996 0.2607421875 0.45025000000000004 0.2216796875 0.453740625 0.220703125 0.4485046875 0.234375 0.42756249999999996 0.232421875 0.392659375 0.2275390625 0.38742343749999997 0.2158203125 0.4013859375 0.2021484375 0.40836562499999995 0.1953125 0.42058125 0.1875 0.4799171875 0.1982421875 0.50609375 0.2177734375 0.5235453125 0.234375 0.5218015625 0.2568359375 0.5165656249999999 0.2958984375 0.49562343750000004 0.3154296875 0.47817187499999997 0.326171875 0.455484375
19 0.615234375 0.392659375 0.6083984375 0.38044375 0.5947265625 0.376953125 0.587890625 0.361246875 0.5859375 0.3437953125 0.591796875 0.32634375000000004 0.5869140625 0.3176171875 0.5771484375 0.3211078125 0.5478515625 0.3629921875 0.521484375 0.43454375 0.5078125 0.4485046875 0.515625 0.567175 0.53125 0.6334906250000001 0.52734375 0.664903125 0.5322265625 0.6841 0.552734375 0.6893359375 0.615234375 0.5741546875 0.642578125 0.493878125 0.62109375 0.43105312500000004 0.615234375 0.392659375
19 0.44140625 0.1483375 0.4453125 0.14135781249999999 0.4375 0.13437656250000002 0.435546875 0.0959828125 0.4326171875 0.0872578125 0.4111328125 0.0907484375 0.3896484375 0.11168906249999999 0.3740234375 0.1082 0.376953125 0.0994734375 0.3720703125 0.097728125 0.3544921875 0.1151796875 0.3359375 0.14135781249999999 0.3369140625 0.1500828125 0.3525390625 0.1500828125 0.3759765625 0.1605546875 0.3896484375 0.1605546875 0.396484375 0.1727703125 0.400390625 0.1937125 0.400390625 0.21465312499999997 0.4033203125 0.2198890625 0.40625 0.21814375 0.4208984375 0.1954578125 0.4306640625 0.1954578125 0.44140625 0.18673125 0.44140625 0.1483375
19 0.50390625 0.2321046875 0.5009765625 0.22337968749999998 0.4951171875 0.2198890625 0.4892578125 0.20941875 0.484375 0.21116406250000003 0.482421875 0.22512500000000002 0.4716796875 0.24432187500000002 0.4638671875 0.24432187500000002 0.4501953125 0.23036093750000003 0.439453125 0.26351874999999997 0.421875 0.298421875 0.4248046875 0.30365625 0.4326171875 0.30365625 0.4384765625 0.3106375 0.4560546875 0.3176171875 0.4658203125 0.32808906250000003 0.4814453125 0.3315796875 0.4912109375 0.338559375 0.5 0.3368140625 0.501953125 0.333325 0.501953125 0.29493125 0.50390625 0.291440625 0.50390625 0.2321046875
16 0.673828125 0.6579234375 0.66796875 0.6334906250000001 0.6435546875 0.6003328125 0.6279296875 0.5898625 0.6103515625 0.5898625 0.599609375 0.60556875 0.58203125 0.6474515625 0.5703125 0.664903125 0.5703125 0.6928265625 0.5791015625 0.7155125 0.5888671875 0.7294734375 0.5966796875 0.7329640625 0.6044921875 0.746925 0.6083984375 0.750415625 0.6328125 0.7486703125 0.6435546875 0.7399453125 0.66796875 0.703296875 0.673828125 0.6788640625 0.673828125 0.6579234375
16 0.3984375 0.18673125 0.39453125 0.1727703125 0.3896484375 0.16404375 0.3583984375 0.15357343750000002 0.3291015625 0.1605546875 0.3095703125 0.143103125 0.2646484375 0.1396125 0.2412109375 0.1151796875 0.2255859375 0.12216093750000001 0.21875 0.13437656250000002 0.208984375 0.1762609375 0.20703125 0.2460671875 0.2109375 0.2670078125 0.2255859375 0.2896953125 0.30078125 0.28795000000000004 0.3076171875 0.28271562499999997 0.3857421875 0.28271562499999997 0.3984375 0.2321046875 0.3984375 0.18673125