31 0.3603515625 0.5639453125 0.3427734375 0.5520734375 0.3349609375 0.5520734375 0.3271484375 0.5461375 0.3115234375 0.54316875 0.3095703125 0.5402 0.2978515625 0.5402 0.2900390625 0.5461375 0.283203125 0.5565249999999999 0.279296875 0.5683984375 0.279296875 0.5802703124999999 0.2978515625 0.6054999999999999 0.3076171875 0.6114359375 0.3115234375 0.6084671875 0.3212890625 0.620340625 0.3349609375 0.6292453124999999 0.34375 0.6277609375 0.3544921875 0.620340625 0.365234375 0.5980796875000001 0.365234375 0.5773015625 0.3603515625 0.5639453125
31 0.3818359375 0.6411171875 0.380859375 0.630728125 0.3837890625 0.6262765625 0.3876953125 0.63518125 0.3974609375 0.6381484375 0.40234375 0.630728125 0.40625 0.6099515625 0.41015625 0.601046875 0.408203125 0.5951109375 0.404296875 0.5921421875 0.404296875 0.58620625 0.3955078125 0.5728500000000001 0.3896484375 0.56988125 0.3818359375 0.5728500000000001 0.375 0.5802703124999999 0.373046875 0.5951109375 0.36328125 0.61885625 0.36328125 0.6485375 0.3818359375 0.6707984375 0.388671875 0.6693140625 0.392578125 0.6574421874999999 0.392578125 0.64556875 0.3896484375 0.6411171875 0.3818359375 0.6411171875
23 0.638671875 0.666346875 0.640625 0.6485375 0.6220703125 0.6084671875 0.6123046875 0.6054999999999999 0.5986328125 0.620340625 0.5693359375 0.617371875 0.5400390625 0.6440859375 0.5244140625 0.6440859375 0.51171875 0.666346875 0.509765625 0.67821875 0.49609375 0.693059375 0.484375 0.7227406249999999 0.484375 0.7316453125 0.4892578125 0.7390656250000001 0.5087890625 0.7509375 0.556640625 0.752421875 0.5751953125 0.7479703125 0.5927734375 0.736096875 0.615234375 0.696028125 0.638671875 0.666346875
23 0.412109375 0.3665640625 0.412109375 0.36062812499999997 0.4072265625 0.35024062499999997 0.3896484375 0.3532078125 0.3623046875 0.36508124999999997 0.3505859375 0.36508124999999997 0.3310546875 0.376953125 0.3232421875 0.376953125 0.314453125 0.38437343749999997 0.310546875 0.3992140625 0.310546875 0.425928125 0.3154296875 0.4303796875 0.3193359375 0.4303796875 0.3232421875 0.42444375 0.3583984375 0.42741093750000003 0.3603515625 0.4303796875 0.380859375 0.4288953125 0.39453125 0.3814046875 0.3994140625 0.373984375 0.4052734375 0.373984375 0.412109375 0.3665640625
13 0.4296875 0.4288953125 0.431640625 0.425928125 0.4296875 0.4170234375 0.4296875 0.390309375 0.4228515625 0.376953125 0.4111328125 0.3710171875 0.3994140625 0.376953125 0.39453125 0.38437343749999997 0.380859375 0.4318640625 0.384765625 0.455609375 0.390625 0.455609375 0.4091796875 0.439284375 0.4267578125 0.4422515625 0.4296875 0.4378 0.4296875 0.4288953125
31 0.380859375 0.4318640625 0.390625 0.455609375 0.4296875 0.44076875 0.4228515625 0.376953125 0.39453125 0.38437343749999997 0.380859375 0.4318640625
31 0.740234375 0.58620625 0.7197265625 0.5164546875 0.6650390625 0.48380625000000005 0.6240234375 0.48380625000000005 0.609375 0.50013125 0.58203125 0.5743343750000001 0.61328125 0.5802703124999999 0.6015625 0.6336968749999999 0.630859375 0.67525 0.6533203125 0.650021875 0.6982421875 0.6678296875 0.71875 0.6426015625 0.740234375 0.58620625
33 0.740234375 0.5832390625 0.7197265625 0.5164546875 0.6650390625 0.48380625000000005 0.61328125 0.49122656249999996 0.58203125 0.5743343750000001 0.61328125 0.5773015625 0.603515625 0.6426015625 0.630859375 0.67525 0.6533203125 0.650021875 0.6982421875 0.6678296875 0.71875 0.6426015625 0.740234375 0.5832390625
33 0.6865234375 0.38882500000000003 0.658203125 0.40515 0.6640625 0.45857656249999995 0.6787109375 0.4867734375 0.771484375 0.5505890625000001 0.787109375 0.5060671875 0.7783203125 0.47490156250000004 0.7568359375 0.47490156250000004 0.6865234375 0.38882500000000003
19 0.56640625 0.5832390625 0.609375 0.49716250000000006 0.5947265625 0.4867734375 0.5732421875 0.5016140625000001 0.5556640625 0.54316875 0.537109375 0.50013125 0.53515625 0.4645125 0.5419921875 0.454125 0.5576171875 0.4808375 0.5478515625 0.454125 0.6240234375 0.409603125 0.6240234375 0.3947625 0.5556640625 0.3680484375 0.5341796875 0.376953125 0.5126953125 0.409603125 0.4599609375 0.43631562500000004 0.4619140625 0.4006984375 0.43359375 0.3992140625 0.427734375 0.44670468750000003 0.439453125 0.4763859375 0.4736328125 0.46896562499999994 0.47265625 0.4882578125 0.4921875 0.5238765625 0.4921875 0.5654296875 0.474609375 0.604015625 0.50390625 0.67821875 0.5244140625 0.620340625 0.5478515625 0.6322125 0.56640625 0.6158875 0.56640625 0.5832390625
18 0.3115234375 0.5402 0.31640625 0.5209078125 0.31640625 0.5090343749999999 0.3115234375 0.5016140625000001 0.3056640625 0.49864687500000004 0.302734375 0.4882578125 0.2919921875 0.47490156250000004 0.2822265625 0.4778703125 0.267578125 0.50013125 0.26953125 0.512003125 0.2607421875 0.531296875 0.2578125 0.5090343749999999 0.2529296875 0.5016140625000001 0.2451171875 0.5075515625 0.23046875 0.5327796874999999 0.23046875 0.5387171875 0.2333984375 0.54316875 0.2509765625 0.560978125 0.2587890625 0.5669140625 0.2646484375 0.5669140625 0.2744140625 0.57581875 0.27734375 0.5743343750000001 0.283203125 0.5565249999999999 0.2919921875 0.54316875 0.2978515625 0.5402 0.3115234375 0.5402
18 0.318359375 0.43483124999999995 0.310546875 0.425928125 0.30859375 0.4140546875 0.3056640625 0.409603125 0.2939453125 0.41257031250000004 0.275390625 0.4288953125 0.275390625 0.4378 0.279296875 0.44373593749999996 0.275390625 0.44967187500000005 0.275390625 0.455609375 0.2919921875 0.47490156250000004 0.2998046875 0.4808375 0.302734375 0.479353125 0.3076171875 0.47490156250000004 0.3154296875 0.47490156250000004 0.318359375 0.46748124999999996 0.318359375 0.43483124999999995
18 0.447265625 0.33094687500000003 0.44140625 0.3101703125 0.4306640625 0.29681406250000003 0.4267578125 0.287909375 0.4189453125 0.287909375 0.412109375 0.301265625 0.41015625 0.327978125 0.419921875 0.3576609375 0.4345703125 0.379921875 0.4462890625 0.38882500000000003 0.44921875 0.3873421875 0.455078125 0.3814046875 0.4609375 0.3665640625 0.4609375 0.36062812499999997 0.447265625 0.33094687500000003
18 0.662109375 0.452640625 0.66015625 0.422959375 0.6552734375 0.41257031250000004 0.6513671875 0.409603125 0.6357421875 0.409603125 0.6337890625 0.41257031250000004 0.6259765625 0.41257031250000004 0.6142578125 0.41850624999999997 0.6044921875 0.41850624999999997 0.6015625 0.422959375 0.6025390625 0.4303796875 0.6181640625 0.4303796875 0.62109375 0.43483124999999995 0.623046875 0.44373593749999996 0.6240234375 0.4778703125 0.6318359375 0.4778703125 0.6416015625 0.48380625000000005 0.650390625 0.48232187499999996 0.6650390625 0.4808375 0.66796875 0.4763859375 0.66796875 0.47045000000000003 0.662109375 0.452640625
33 0.6640625 0.45857656249999995 0.6640625 0.44967187500000005 0.66015625 0.43483124999999995 0.66015625 0.422959375 0.6552734375 0.41257031250000004 0.6513671875 0.409603125 0.6357421875 0.409603125 0.6181640625 0.41850624999999997 0.6064453125 0.41850624999999997 0.6015625 0.422959375 0.6044921875 0.4303796875 0.6064453125 0.42741093750000003 0.6162109375 0.42741093750000003 0.62109375 0.4318640625 0.623046875 0.44670468750000003 0.6240234375 0.4481890625 0.6259765625 0.4422515625 0.630859375 0.44967187500000005 0.6328125 0.45857656249999995 0.630859375 0.4763859375 0.6337890625 0.4808375 0.6396484375 0.4808375 0.6416015625 0.48380625000000005 0.650390625 0.48232187499999996 0.6650390625 0.4808375 0.66796875 0.4763859375 0.66796875 0.46748124999999996 0.6640625 0.45857656249999995
10 0.6181640625 0.4303796875 0.5791015625 0.4333484375 0.5703125 0.44076875 0.5703125 0.47341718750000006 0.5732421875 0.4808375 0.60546875 0.48232187499999996 0.6181640625 0.4808375 0.623046875 0.4763859375 0.623046875 0.44076875 0.6181640625 0.4303796875
19 0.7919921875 0.2641640625 0.7431640625 0.24041875 0.734375 0.2508078125 0.73046875 0.28345625 0.7119140625 0.2908765625 0.6259765625 0.25229218750000004 0.6240234375 0.21370625 0.6142578125 0.21073750000000002 0.5986328125 0.222609375 0.5869140625 0.20183281250000001 0.5546875 0.2359671875 0.56640625 0.2953296875 0.5830078125 0.33243125 0.6513671875 0.35914375 0.716796875 0.363596875 0.7724609375 0.3532078125 0.8037109375 0.32055781250000004 0.818359375 0.28939375 0.7919921875 0.2641640625
31 0.6767578125 0.21667343749999998 0.6630859375 0.20776875 0.6552734375 0.20776875 0.6435546875 0.195896875 0.6357421875 0.195896875 0.630859375 0.2033171875 0.623046875 0.2329984375 0.623046875 0.244871875 0.6279296875 0.25229218750000004 0.6357421875 0.24932343750000002 0.6494140625 0.2641640625 0.6904296875 0.2760359375 0.7021484375 0.284940625 0.72265625 0.28642500000000004 0.732421875 0.2597125 0.732421875 0.24190312500000002 0.7236328125 0.2315140625 0.6767578125 0.21667343749999998
23 0.8779296875 0.228546875 0.8818359375 0.2315140625 0.8935546875 0.222609375 0.912109375 0.19441250000000002 0.9140625 0.18254062499999998 0.9052734375 0.18105625 0.8779296875 0.1899609375 0.8603515625 0.184025 0.8447265625 0.1899609375 0.8291015625 0.21073750000000002 0.8134765625 0.21370625 0.8056640625 0.2196421875 0.796875 0.2359671875 0.794921875 0.25674375 0.796875 0.2656484375 0.8154296875 0.27900468749999996 0.828125 0.2804890625 0.8447265625 0.2701 0.8623046875 0.2433875 0.8740234375 0.2374515625 0.8779296875 0.228546875
28 0.7568359375 0.10982031249999999 0.7373046875 0.0979484375 0.7275390625 0.0979484375 0.7216796875 0.103884375 0.7080078125 0.1009171875 0.669921875 0.1439546875 0.6748046875 0.1573109375 0.6806640625 0.1573109375 0.7021484375 0.1780875 0.7236328125 0.18105625 0.7294921875 0.192928125 0.7353515625 0.192928125 0.7490234375 0.21073750000000002 0.78515625 0.22112656249999998 0.79296875 0.19738125 0.810546875 0.1706671875 0.7978515625 0.15137499999999998 0.7568359375 0.10982031249999999
18 0.7216796875 0.1780875 0.7041015625 0.1780875 0.6923828125 0.166215625 0.6728515625 0.16324687499999999 0.6455078125 0.14840625000000002 0.638671875 0.152859375 0.638671875 0.19144531250000002 0.6435546875 0.198865625 0.6923828125 0.2196421875 0.7177734375 0.22557812500000002 0.7314453125 0.23448281249999997 0.78515625 0.2359671875 0.787109375 0.22409374999999998 0.7841796875 0.2196421875 0.7470703125 0.20776875 0.7216796875 0.1780875
33 0.55859375 0.2508078125 0.5517578125 0.24932343750000002 0.5302734375 0.23448281249999997 0.5244140625 0.23448281249999997 0.521484375 0.238934375 0.521484375 0.26861562499999997 0.5234375 0.2775203125 0.53125 0.28642500000000004 0.53125 0.301265625 0.529296875 0.304234375 0.53125 0.31610625 0.5400390625 0.32649531249999997 0.5458984375 0.32649531249999997 0.5478515625 0.3294625 0.5634765625 0.3294625 0.5654296875 0.33243125 0.578125 0.33094687500000003 0.564453125 0.2923609375 0.564453125 0.274553125 0.55859375 0.26267968750000004 0.55859375 0.2508078125
19 0.8291015625 0.36508124999999997 0.8359375 0.3517234375 0.833984375 0.304234375 0.8310546875 0.29681406250000003 0.8251953125 0.29978125 0.8212890625 0.3057171875 0.8134765625 0.3086859375 0.8037109375 0.3235265625 0.779296875 0.3457875 0.779296875 0.3517234375 0.7919921875 0.3680484375 0.7958984375 0.3710171875 0.80859375 0.36953281250000003 0.8115234375 0.3621125 0.8173828125 0.3621125 0.8251953125 0.3680484375 0.8291015625 0.36508124999999997
18 0.9609375 0.18254062499999998 0.9541015625 0.169184375 0.9462890625 0.16324687499999999 0.9287109375 0.16324687499999999 0.904296875 0.20925312499999998 0.8896484375 0.228546875 0.8642578125 0.2463546875 0.8515625 0.2804890625 0.8515625 0.2953296875 0.8583984375 0.3057171875 0.8896484375 0.3116546875 0.9150390625 0.32649531249999997 0.9296875 0.3250109375 0.9404296875 0.317590625 0.947265625 0.304234375 0.9609375 0.2359671875 0.9609375 0.18254062499999998
9 0.74468125 0.6099515625 0.7798375 0.541684375 0.789603125 0.49716250000000006 0.766165625 0.4645125 0.7798375 0.44670468750000003 0.7788609375 0.42741093750000003 0.7378453125 0.4481890625 0.6831578125 0.379921875 0.672415625 0.3814046875 0.6714390625 0.4006984375 0.6147984375 0.4006984375 0.6069859375 0.3828890625 0.5640171875 0.36508124999999997 0.5503453125 0.3294625 0.7026890625 0.376953125 0.8101109375 0.379921875 0.8120640625 0.40366562500000003 0.8276890625 0.40366562500000003 0.8491734375 0.3621125 0.8901890625 0.406634375 0.90874375 0.3784375 0.898978125 0.3220421875 0.9312046875 0.32055781250000004 0.9517125 0.28939375 0.961478125 0.2300296875 0.957571875 0.1736359375 0.9097203125 0.1573109375 0.8667515625 0.16324687499999999 0.8569859375 0.1454390625 0.8237828125 0.1869921875 0.7593296875 0.11278906250000001 0.7085484375 0.103884375 0.695853125 0.11724062500000001 0.7300328125 0.118725 0.7329625 0.13208124999999998 0.7065953125 0.1305984375 0.6831578125 0.1573109375 0.6577671875 0.15434375 0.6226109375 0.21370625 0.5972203125 0.21667343749999998 0.5835484375 0.20183281250000001 0.5562046875 0.2463546875 0.5347203125 0.24041875 0.527884375 0.304234375 0.5034703125 0.3086859375 0.4858921875 0.34430312500000004 0.4585484375 0.36508124999999997 0.4233921875 0.287909375 0.4077671875 0.35024062499999997 0.3179234375 0.3828890625 0.26811875 0.455609375 0.2651890625 0.4867734375 0.24565781250000002 0.47193281249999997 0.24761093750000002 0.49567812499999997 0.23589218750000002 0.48380625000000005 0.22124375000000002 0.5030984375 0.22124375000000002 0.5298125 0.2515171875 0.5669140625 0.3804234375 0.6707984375 0.5054234375 0.7509375 0.559134375 0.752421875 0.5972203125 0.7331296875 0.6460484375 0.6589265625 0.7007359375 0.6678296875 0.74468125 0.6099515625
8 0.41796875 0.49716250000000006 0.4208984375 0.49567812499999997 0.4248046875 0.5016140625000001 0.4345703125 0.5016140625000001 0.439453125 0.49716250000000006 0.439453125 0.479353125 0.43359375 0.4615453125 0.4189453125 0.4422515625 0.4013671875 0.44522031249999994 0.3935546875 0.45709218749999997 0.3740234375 0.47193281249999997 0.3564453125 0.49864687500000004 0.3349609375 0.5045828125 0.3232421875 0.5134875 0.314453125 0.5327796874999999 0.314453125 0.5387171875 0.3212890625 0.5461375 0.3427734375 0.5491046875000001 0.3681640625 0.5639453125 0.396484375 0.5624609375 0.3984375 0.5357484375 0.4091796875 0.5134875 0.419921875 0.5060671875 0.41796875 0.49716250000000006
22 0.4697265625 0.465996875 0.4677734375 0.46896562499999994 0.4619140625 0.46896562499999994 0.4560546875 0.47490156250000004 0.439453125 0.48232187499999996 0.4423828125 0.49567812499999997 0.44921875 0.49419375 0.4755859375 0.4808375 0.478515625 0.4763859375 0.4765625 0.46748124999999996 0.4697265625 0.465996875
8 0.3955078125 0.6084671875 0.3935546875 0.6054999999999999 0.3828125 0.61885625 0.3828125 0.6247921875 0.3857421875 0.6292453124999999 0.3935546875 0.63518125 0.400390625 0.6336968749999999 0.40625 0.6129203125 0.4052734375 0.6054999999999999 0.4013671875 0.6084671875 0.3955078125 0.6084671875
8 0.4619140625 0.56988125 0.4697265625 0.584721875 0.4794921875 0.584721875 0.48828125 0.571365625 0.4921875 0.55949375 0.4921875 0.5238765625 0.4814453125 0.49864687500000004 0.4736328125 0.4897421875 0.4619140625 0.4867734375 0.4482421875 0.49864687500000004 0.4365234375 0.49864687500000004 0.4306640625 0.5045828125 0.4130859375 0.51051875 0.404296875 0.5238765625 0.396484375 0.541684375 0.396484375 0.55949375 0.40234375 0.5832390625 0.40234375 0.5951109375 0.4052734375 0.60253125 0.421875 0.601046875 0.431640625 0.589175 0.4365234375 0.57581875 0.4560546875 0.57581875 0.4619140625 0.56988125