9 0.2925783546875 0.7000136734375 0.306140484375 0.7112298140625 0.28342488125 0.767313890625 0.284196853125 0.79955391875 0.2548846578125 0.8180152375 0.21754897812500001 0.818552909375 0.22348288749999998 0.8813984749999999 0.2526059484375 0.8815937296874999 0.30989109375 0.8416855109375 0.3519996453125 0.828916734375 0.36650263125000004 0.7735655828125 0.404880778125 0.7372086875 0.3963806203125 0.7258514765624999 0.382727890625 0.7373233484374999 0.39895306875 0.7010795515625 0.4526108953125 0.6683296234375 0.47093805 0.6405967671874999 0.47609070937500003 0.6177692453125 0.45928104843749995 0.6031149796874999 0.46510894843750006 0.5982198671875001 0.4978069953125 0.6077714296875001 0.510529846875 0.5849256234375 0.494407021875 0.53660343125 0.50614386875 0.497965809375 0.5203748796875 0.5106755703125 0.5263025875 0.54680470625 0.516192609375 0.6005196078124999 0.5322364984375 0.6096502734375 0.530620471875 0.6480059546875 0.5390253015625001 0.6553330890625 0.569764390625 0.6171726609375 0.596893284375 0.6663214734375 0.62334865625 0.687260134375 0.5992968453125 0.7403568703125 0.5767640921875 0.7510663828124999 0.5896619765625 0.7875054328125 0.6385593328125 0.820419471875 0.6480066296875 0.7919273796875 0.6656727453125 0.7894187953125 0.6642442921875 0.8091180046875 0.6840170265625 0.8418368890625001 0.72106360625 0.8292091828125001 0.7461702875 0.7937260828125 0.7669637218750001 0.6837582640625001 0.7619924359375 0.6612128828125 0.7875695859375 0.5924469171875 0.8763595875 0.5199018703125 0.8560194984375 0.516435871875 0.7951071187500001 0.5635039421875 0.7762016828125 0.5670551640625 0.7682719625 0.5531616953125 0.8350950078125001 0.462073375 0.8150331749999999 0.41726445468750006 0.85092491875 0.3562765046875 0.7274514484375 0.328466325 0.7561838828125 0.285825034375 0.7545585781249999 0.2707476578125 0.664776425 0.16940870937500002 0.6630542328125 0.15030135312499998 0.6164402250000001 0.080525353125 0.5968659046875 0.08258295624999999 0.5662237046875 0.1247733625 0.46423431718749997 0.0953564625 0.4384711546875 0.18277880156249998 0.41364265156249996 0.1769174171875 0.40924492343749996 0.1518355796875 0.397786334375 0.149130278125 0.379548303125 0.1541767828125 0.37239055468750004 0.1725233421875 0.24959216875 0.1729232125 0.2368974203125 0.19797873906250002 0.24253603125 0.22201784062500002 0.15154252343750002 0.2553054390625 0.12481517812500001 0.30242769062499997 0.1340811046875 0.319308503125 0.153083346875 0.319785696875 0.128448696875 0.3219858296875 0.1454505703125 0.34470015468750004 0.1401057 0.35946761875 0.063166475 0.477554409375 0.1459660484375 0.5251505859375001 0.1185651796875 0.5440626890625 0.12019668593749999 0.5858564953125 0.1444469109375 0.567536246875 0.20021291406250002 0.5700136890625 0.2221673875 0.53512254375 0.24662230937500002 0.5782967718750001 0.2770832203125 0.581480828125 0.268684590625 0.6008701249999999 0.2935239375 0.6601644703125 0.2925783546875 0.7000136734375
20 0.2548572765625 0.23427672031250002 0.3030795484375 0.2389807078125 0.333909321875 0.178133828125 0.24520072499999998 0.17455936562500002 0.2365176359375 0.20857515468750001 0.2548572765625 0.23427672031250002
20 0.605887740625 0.301107028125 0.6032013640625 0.24169958593750002 0.5912614625 0.2188441921875 0.4036172390625 0.18123099843749998 0.570643196875 0.2567226796875 0.5749502390625 0.30449096875000004 0.5985378625 0.3113950921875 0.605887740625 0.301107028125
18 0.6644308890625 0.34030702343749997 0.646958546875 0.350875565625 0.6295940156250001 0.41890860781250006 0.650801403125 0.45864471250000005 0.6510106578125 0.546854159375 0.6750795921875 0.573908375 0.71318104375 0.578894303125 0.7350449125 0.56669116875 0.7913673515624999 0.48648120468749995 0.8136954078124999 0.41427721406250007 0.73910845 0.3659481109375 0.6644308890625 0.34030702343749997
29 0.3291893015625 0.43081612343750003 0.324610203125 0.4511071875 0.34763046875 0.487264196875 0.393942975 0.4915173015625 0.37447646562500003 0.551039403125 0.3830735078125 0.5664265921875 0.4033166296875 0.56586105 0.471471240625 0.451043540625 0.4908533484375 0.44092588125 0.5089038078125 0.4545358484375 0.5085023390625001 0.3582663453125 0.4671470734375 0.3231243015625 0.44404240625 0.3363717328125 0.4134846078125 0.3291576984375 0.4094775859375 0.346913965625 0.3793042125 0.3558200453125 0.34770402968749997 0.3844267953125 0.3291893015625 0.43081612343750003
18 0.6864884515624999 0.3361622859375 0.6910442234375 0.2090038421875 0.6825440687500001 0.1976466296875 0.6235305296875 0.1917310625 0.625366734375 0.29501934687500003 0.6440908000000001 0.336841025 0.6864884515624999 0.3361622859375
20 0.3316259734375 0.2149957890625 0.3494889421875 0.247263790625 0.4409824453125 0.3142771359375 0.48834825937500004 0.3361439765625 0.509165021875 0.3330435359375 0.526835696875 0.35724991875 0.5465069031249999 0.3592222953125 0.57380004375 0.28284725625 0.5719809640625 0.25970992187499997 0.3615039640625 0.1672816828125 0.3377304125 0.17903549531250001 0.3316259734375 0.2149957890625
20 0.614066190625 0.140073765625 0.6495890734375 0.14311675 0.6177779921875 0.08351259375 0.600590109375 0.07945464375 0.56937435 0.1241815078125 0.614066190625 0.140073765625
20 0.73174765 0.3228016546875 0.7579014359375 0.27821585937500004 0.6628666609375 0.168957825 0.6609631796875 0.19522493125 0.6885624625 0.2110893171875 0.6903079812499999 0.33706405156249997 0.73174765 0.3228016546875
18 0.6312556359375 0.14413161562500001 0.6495890734375 0.14311675 0.6164402250000001 0.080525353125 0.5943841421875 0.084668428125 0.5674645843749999 0.12373062500000001 0.6312556359375 0.14413161562500001
18 0.73174765 0.3228016546875 0.7579014359375 0.27821585937500004 0.6628666609375 0.168957825 0.6590534140625001 0.19477404843749999 0.6885624625 0.2110893171875 0.6916457484375 0.34005129375 0.73174765 0.3228016546875
18 0.51309848125 0.4181246703125 0.5115793421875 0.46051033124999996 0.5432764953125 0.43593512187499994 0.5351545625 0.41398159375 0.51309848125 0.4181246703125