20 0.5498078125 0.311484375 0.5864984375 0.213690625 0.5703296875 0.18679375 0.471140625 0.1117 0.445496875 0.12298437499999999 0.4232625 0.1818953125 0.43348125 0.2408484375 0.5368031249999999 0.313825 0.5498078125 0.311484375
9 0.4935015625 1 0.5049328125 0.938071875 0.543565625 0.8195328125 0.532259375 0.8037234375000001 0.5112328125000001 0.8077062500000001 0.5435515625 0.735603125 0.595321875 0.686865625 0.58911875 0.6585671875 0.5376984375 0.6089953125 0.548759375 0.606415625 0.5584859375 0.6285890625 0.57404375 0.6304937500000001 0.6131703125 0.5697171875 0.65595 0.553975 0.6682234375 0.5384296875000001 0.6618953125 0.47995312500000004 0.6158203125 0.4152984375 0.585190625 0.40630156250000005 0.5850671875 0.3971078125 0.6002562499999999 0.371428125 0.6051234375 0.4034984375 0.640128125 0.40778437500000003 0.654103125 0.395071875 0.680096875 0.28547656250000003 0.678628125 0.2171046875 0.6945515624999999 0.2256125 0.7420687499999999 0.190778125 0.740603125 0.1433890625 0.73379375 0.13206562500000002 0.751040625 0.052871875 0.6339937499999999 0.0319796875 0.6155203124999999 0.0402078125 0.6084703124999999 0.0314765625 0.51463125 0.017971875000000002 0.481140625 0.0168015625 0.4674796875 0.0247 0.46123906249999996 0.01610625 0.20789062500000002 0.007259375 0.10642499999999999 0.320128125 0.086990625 0.40167656249999995 0 0.6588796875 0 0.9588484375 0.336009375 1 0.3369703125 1 0.3475453125 0.9909218750000001 0.38113437499999997 1 0.4935015625 1
19 0 0.9544328125 0.08865625 0.9618375 0.1298546875 0.9314765625 0.13519375 0.8744296874999999 0.1541484375 0.8400328125 0.12325781250000001 0.707734375 0.1538671875 0.5908359375 0.176709375 0.5359328125 0.13355625 0.503109375 0.10523125 0.4589875 0.0871140625 0.4108703125 0.07192499999999999 0.43655 0 0.657678125 0 0.9544328125
19 0.20582812499999997 0.2037875 0.21628906250000002 0.260146875 0.1729015625 0.27187968749999997 0.11104218749999999 0.312825 0.0885703125 0.3953125 0.110821875 0.46229531250000006 0.1391484375 0.5064171875000001 0.1816921875 0.5352328125 0.20794375 0.52795625 0.2182734375 0.5121734375 0.22653125 0.465975 0.26991875 0.454240625 0.297384375 0.434 0.3099 0.41586249999999997 0.3081953125 0.3920484375 0.328978125 0.390659375 0.36166718750000004 0.34614218750000003 0.36774062500000004 0.32328125 0.42728124999999995 0.23353125000000002 0.4277640625 0.20736249999999998 0.3746390625 0.1339765625 0.35081406249999997 0.11532187499999999 0.27254375 0.13196406249999998 0.20582812499999997 0.2037875
19 0.3939328125 0.726459375 0.448625 0.709553125 0.522021875 0.6188765625 0.566015625 0.59016875 0.579625 0.5708546875 0.6090375 0.571834375 0.660325 0.5492640625 0.66725 0.52781875 0.6633546875 0.485378125 0.6172796875000001 0.42072343749999996 0.5796 0.4029953125 0.48433125 0.5382015625000001 0.39780000000000004 0.580059375 0.36498906249999996 0.61538125 0.372053125 0.7080437500000001 0.385665625 0.7097109374999999 0.3939328125 0.726459375
20 0.5321203125 0.6896171875 0.486434375 0.778440625 0.472215625 0.793746875 0.44231718750000004 0.797953125 0.4916703125 0.83809375 0.5034578125 0.8277359375 0.5702828125 0.6811765624999999 0.55289375 0.62528125 0.5344171875 0.6125265625 0.5163109375 0.6273578125 0.5017296875 0.6570453125 0.5321203125 0.6896171875
18 0.41168125 0.7469921875 0.46321406249999997 0.7428125 0.4796203125 0.7251515625 0.4700125 0.6911906250000001 0.45056874999999996 0.709790625 0.3919890625 0.726221875 0.3873671875 0.7125421875 0.3690140625 0.7089828125000001 0.36560468749999997 0.6613546875 0.354540625 0.6429515625 0.32415625000000003 0.6523453124999999 0.2942609375 0.677534375 0.3055765625 0.756290625 0.352621875 0.8105734375000001 0.401840625 0.778571875 0.41168125 0.7469921875
18 0.3369015625 1 0.376825 0.9197593749999999 0.30936875 0.9154312499999999 0.276303125 0.86941875 0.232784375 0.8299921875 0.20617968750000001 0.914596875 0.1647421875 0.9685328125 0.1657171875 0.9791437500000001 0.336009375 1 0.3369015625 1
19 0.2116171875 0.6988859374999999 0.2619359375 0.7076703125 0.325978125 0.6433890625 0.3371546875 0.6080390625 0.30458124999999997 0.598803125 0.30091718749999996 0.49082187499999996 0.30650625 0.473146875 0.29617031250000003 0.446965625 0.22847499999999998 0.4662140625 0.21997499999999998 0.5150046875000001 0.207459375 0.5331421875 0.1754953125 0.5488984375 0.1558125 0.591075 0.1442734375 0.6408046875 0.144034375 0.66438125 0.1870609375 0.6670281250000001 0.2116171875 0.6988859374999999
18 0.46443124999999996 0.7508296875 0.43988125 0.7609375 0.400628125 0.7915359375000001 0.38665625000000003 0.8252328125 0.387028125 0.8737984375 0.40052031250000003 0.8872546874999999 0.414246875 0.83516875 0.4375765625 0.7960625 0.4452328125 0.7878203125 0.470271875 0.793509375 0.4939671875 0.7610046875 0.46443124999999996 0.7508296875
18 0.20602499999999999 0.695578125 0.2539140625 0.7093109375 0.325978125 0.6433890625 0.3371546875 0.6080390625 0.30458124999999997 0.598803125 0.30091718749999996 0.49082187499999996 0.30650625 0.473146875 0.2964140625 0.444371875 0.22847499999999998 0.4662140625 0.21997499999999998 0.5150046875000001 0.207459375 0.5331421875 0.1754953125 0.5488984375 0.1558125 0.591075 0.1442734375 0.6408046875 0.14597812500000001 0.66461875 0.1870609375 0.6670281250000001 0.20602499999999999 0.695578125
19 0.490565625 0.01713125 0.47055781249999995 0.016432812499999998 0.47891874999999995 0.1126515625 0.5894140625000001 0.20355625000000002 0.5614734375 0.29192968750000003 0.6001234375 0.29928750000000004 0.607178125 0.3290015625 0.6047578125 0.39689687500000004 0.626271875 0.4087109375 0.6483921875 0.4035515625 0.675725 0.31116875 0.678384375 0.2196984375 0.69260625 0.2253734375 0.73988125 0.193134375 0.7415765624999999 0.154 0.7320921874999999 0.12923437499999998 0.751284375 0.05027812499999999 0.490565625 0.01713125
19 0.4274046875 0.2427265625 0.37162968749999997 0.3237578125 0.36336875 0.3489734375 0.3199859375 0.40267187499999996 0.32266249999999996 0.4161140625 0.3925578125 0.478440625 0.36666875 0.47133593749999997 0.3293609375 0.5021734375 0.324021875 0.5592203125 0.346509375 0.5816453125 0.383459375 0.5861703125 0.4653734375 0.5516156249999999 0.48785468749999994 0.5320765625 0.597703125 0.36718125 0.6030453125 0.33111718749999997 0.592953125 0.30234218749999997 0.5817703125 0.295728125 0.5601359375 0.2957015625 0.546284375 0.317609375 0.5270796875 0.312634375 0.49037031249999996 0.284534375 0.45220312500000004 0.27199062500000004 0.4274046875 0.2427265625
20 0.195728125 0.9211843749999999 0.20884999999999998 0.8860734375 0.1889140625 0.8678953125 0.1948609375 0.8148578125 0.1417421875 0.7834359375 0.1577953125 0.8431015625 0.1376234375 0.86948125 0.136659375 0.9218187500000001 0.08865625 0.9618375 0.087928125 0.9696171874999999 0.152103125 0.9774765625 0.1751734375 0.9147734375000001 0.19003281249999998 0.926609375 0.18406093750000002 0.91975625 0.195728125 0.9211843749999999
18 0.20239687499999998 0.818403125 0.1926765625 0.83819375 0.1903734375 0.8733187499999999 0.2101859375 0.882303125 0.22585625 0.8304562499999999 0.20239687499999998 0.818403125
18 0.375715625 0.816025 0.361859375 0.81695 0.3748734375 0.8775562499999999 0.3869078125 0.8855875 0.3814296875 0.8285265624999999 0.375715625 0.816025
18 0.29705781249999996 0.6791875 0.270928125 0.6956578125 0.26692187500000003 0.7279515625 0.3044828125 0.7574687499999999 0.29705781249999996 0.6791875