9 0.794921875 0.3154359375 0.78125 0.304965625 0.7880859375 0.298421875 0.6845703125 0.2382140625 0.5986328125 0.2225078125 0.5791015625 0.2225078125 0.5712890625 0.23559531250000001 0.5654296875 0.22512500000000002 0.56640625 0.2657 0.5283203125 0.28795000000000004 0.5087890625 0.2748609375 0.4541015625 0.27747968749999996 0.458984375 0.257846875 0.4365234375 0.2460671875 0.3486328125 0.2696265625 0.296875 0.3573203125 0.30078125 0.3782625 0.28515625 0.401821875 0.2919921875 0.4214546875 0.3818359375 0.4790453125 0.5439453125 0.5104578125 0.5517578125 0.5235453125 0.66015625 0.5353265625 0.7353515625 0.5052218749999999 0.76171875 0.45941093750000006 0.79296875 0.36255625 0.794921875 0.3154359375
9 0.5439453125 0.0445015625 0.5068359375 0.06544375 0.4775390625 0.06544375 0.466796875 0.0850765625 0.48046875 0.08769375 0.6220703125 0.03403125 0.646484375 0.001309375 0.5615234375 0 0.5439453125 0.0445015625
18 0.583984375 0.0431921875 0.59765625 0.0431921875 0.6259765625 0.031412499999999996 0.625 0.017015625 0.5966796875 0.015706249999999998 0.583984375 0.0431921875
18 0.5634765625 0 0.552734375 0.014396875 0.546875 0.048428125 0.556640625 0.056281250000000005 0.583984375 0.0431921875 0.595703125 0.0196328125 0.5869140625 0 0.5634765625 0
23 0.4990234375 0.43454375 0.4775390625 0.431925 0.4599609375 0.4188375 0.4365234375 0.41360156249999996 0.3935546875 0.3900421875 0.3623046875 0.392659375 0.3388671875 0.41098437499999996 0.3271484375 0.40051249999999994 0.3154296875 0.40051249999999994 0.30859375 0.409675 0.306640625 0.42538125000000004 0.3134765625 0.43454375 0.3564453125 0.455484375 0.3681640625 0.47119218749999997 0.4716796875 0.5026046875 0.51953125 0.5091484375 0.529296875 0.5039125 0.52734375 0.4725 0.51953125 0.45155781250000004 0.4990234375 0.43454375
23 0.5185546875 0.3638640625 0.5361328125 0.3638640625 0.5390625 0.3389953125 0.5322265625 0.327215625 0.5185546875 0.329834375 0.5009765625 0.314128125 0.4853515625 0.314128125 0.4814453125 0.3010390625 0.4716796875 0.3010390625 0.4619140625 0.2931859375 0.3974609375 0.2853328125 0.3935546875 0.27747968749999996 0.3681640625 0.27224375 0.34375 0.2787875 0.341796875 0.304965625 0.33203125 0.328525 0.3388671875 0.3507765625 0.3916015625 0.36648281250000003 0.3994140625 0.3743359375 0.48046875 0.38349687499999996 0.4912109375 0.3795703125 0.494140625 0.367790625 0.5048828125 0.3560109375 0.5185546875 0.3638640625
31 0.4912109375 0.38480625 0.4638671875 0.38742343749999997 0.4580078125 0.3821890625 0.4443359375 0.376953125 0.4091796875 0.376953125 0.4072265625 0.3743359375 0.3994140625 0.376953125 0.396484375 0.3808796875 0.396484375 0.386115625 0.4013671875 0.392659375 0.4228515625 0.4031296875 0.4365234375 0.41360156249999996 0.4501953125 0.41360156249999996 0.4736328125 0.4293078125 0.494140625 0.43323437499999995 0.5 0.42538125000000004 0.498046875 0.42276406250000004 0.49609375 0.3965859375 0.4912109375 0.38480625
18 0.3662109375 0.3900421875 0.369140625 0.386115625 0.369140625 0.36255625 0.3642578125 0.3560109375 0.3544921875 0.3507765625 0.3349609375 0.3507765625 0.3291015625 0.3403046875 0.3203125 0.354703125 0.318359375 0.39396875 0.3271484375 0.40051249999999994 0.333984375 0.399203125 0.3427734375 0.3978953125 0.3447265625 0.3952765625 0.3544921875 0.3978953125 0.3662109375 0.3900421875
31 0.5712890625 0.3403046875 0.5810546875 0.3245984375 0.5986328125 0.327215625 0.6015625 0.3232890625 0.603515625 0.304965625 0.6015625 0.2866421875 0.5908203125 0.2696265625 0.5615234375 0.27747968749999996 0.5478515625 0.27747968749999996 0.5322265625 0.28795000000000004 0.5185546875 0.28795000000000004 0.5107421875 0.27747968749999996 0.4970703125 0.27747968749999996 0.4912109375 0.280096875 0.482421875 0.2918765625 0.4853515625 0.298421875 0.4912109375 0.295803125 0.4912109375 0.3010390625 0.4990234375 0.295803125 0.498046875 0.2997296875 0.5009765625 0.30365625 0.5087890625 0.30627499999999996 0.5126953125 0.30627499999999996 0.5166015625 0.295803125 0.5224609375 0.298421875 0.533203125 0.31281875000000003 0.53515625 0.320671875 0.537109375 0.3311421875 0.53515625 0.3573203125 0.5400390625 0.3638640625 0.546875 0.36255625 0.544921875 0.34685 0.5498046875 0.33768750000000003 0.5615234375 0.33506874999999997 0.5712890625 0.3403046875
23 0.626953125 0.4149109375 0.623046875 0.40705625 0.623046875 0.399203125 0.62890625 0.39135 0.62890625 0.37564375 0.6142578125 0.3638640625 0.60546875 0.367790625 0.6005859375 0.3900421875 0.576171875 0.40705625 0.572265625 0.4201453125 0.572265625 0.43323437499999995 0.564453125 0.45155781250000004 0.564453125 0.464646875 0.544921875 0.511765625 0.544921875 0.5170015625 0.5517578125 0.5235453125 0.5888671875 0.52878125 0.607421875 0.527471875 0.611328125 0.5170015625 0.61328125 0.4620296875 0.62890625 0.43323437499999995 0.626953125 0.4149109375
23 0.5556640625 0.3900421875 0.5380859375 0.3821890625 0.5283203125 0.3691 0.5224609375 0.3691 0.5126953125 0.3586296875 0.5029296875 0.3586296875 0.49609375 0.36517343750000003 0.494140625 0.37564375 0.498046875 0.38349687499999996 0.498046875 0.409675 0.501953125 0.4279984375 0.5234375 0.4541765625 0.533203125 0.4855890625 0.5419921875 0.49736874999999997 0.548828125 0.496059375 0.5546875 0.48820625 0.564453125 0.45941093750000006 0.56640625 0.409675 0.5556640625 0.3900421875
23 0.5986328125 0.38742343749999997 0.6015625 0.38349687499999996 0.6015625 0.367790625 0.5927734375 0.361246875 0.5791015625 0.3586296875 0.5654296875 0.33768750000000003 0.5537109375 0.33768750000000003 0.546875 0.34685 0.548828125 0.3808796875 0.55078125 0.386115625 0.5576171875 0.3900421875 0.5712890625 0.41098437499999996 0.57421875 0.409675 0.5810546875 0.40051249999999994 0.5869140625 0.3978953125 0.5947265625 0.38742343749999997 0.5986328125 0.38742343749999997
23 0.705078125 0.4620296875 0.701171875 0.45155781250000004 0.705078125 0.4201453125 0.69921875 0.401821875 0.6748046875 0.36648281250000003 0.6708984375 0.36648281250000003 0.6572265625 0.38742343749999997 0.64453125 0.399203125 0.640625 0.4122921875 0.640625 0.4279984375 0.62890625 0.45679375 0.626953125 0.4777359375 0.623046875 0.4855890625 0.630859375 0.511765625 0.6416015625 0.5261640625 0.6552734375 0.5340171875 0.669921875 0.5327078125 0.6923828125 0.5235453125 0.701171875 0.511765625 0.705078125 0.496059375 0.705078125 0.4620296875
10 0.7578125 0.4541765625 0.76953125 0.42276406250000004 0.771484375 0.4149109375 0.76953125 0.4044390625 0.7548828125 0.38742343749999997 0.7470703125 0.38742343749999997 0.7451171875 0.38480625 0.7392578125 0.38742343749999997 0.7373046875 0.38480625 0.7236328125 0.3900421875 0.71484375 0.401821875 0.7109375 0.42538125000000004 0.705078125 0.4358515625 0.703125 0.44370468750000003 0.703125 0.45679375 0.705078125 0.45941093750000006 0.705078125 0.514384375 0.72265625 0.514384375 0.7373046875 0.5026046875 0.748046875 0.4855890625 0.7578125 0.4620296875 0.7578125 0.4541765625
23 0.6708984375 0.36648281250000003 0.685546875 0.354703125 0.6875 0.34161406250000004 0.6845703125 0.33506874999999997 0.6669921875 0.3324515625 0.6650390625 0.3193625 0.6376953125 0.31150937500000003 0.6220703125 0.314128125 0.5966796875 0.3324515625 0.5888671875 0.3245984375 0.578125 0.3259078125 0.57421875 0.34685 0.5791015625 0.3560109375 0.5830078125 0.3586296875 0.5888671875 0.3560109375 0.6005859375 0.3638640625 0.6201171875 0.3638640625 0.62890625 0.3730265625 0.6357421875 0.392659375 0.646484375 0.39135 0.6533203125 0.38742343749999997 0.662109375 0.37564375 0.6650390625 0.36648281250000003 0.6708984375 0.36648281250000003
31 0.7626953125 0.392659375 0.7685546875 0.40051249999999994 0.7724609375 0.40051249999999994 0.78125 0.3808796875 0.783203125 0.367790625 0.7529296875 0.3691 0.7236328125 0.3638640625 0.7138671875 0.3507765625 0.7060546875 0.3507765625 0.69921875 0.34423125 0.701171875 0.3311421875 0.6962890625 0.3245984375 0.6748046875 0.32198125 0.669921875 0.328525 0.666015625 0.354703125 0.666015625 0.3782625 0.6787109375 0.376953125 0.6826171875 0.3795703125 0.701171875 0.4044390625 0.7041015625 0.41360156249999996 0.708984375 0.4122921875 0.7216796875 0.3900421875 0.7314453125 0.38480625 0.7490234375 0.38480625 0.7626953125 0.392659375
31 0.79296875 0.320671875 0.7919921875 0.31150937500000003 0.7763671875 0.30627499999999996 0.76953125 0.2997296875 0.771484375 0.2971125 0.7705078125 0.2931859375 0.7646484375 0.298421875 0.7587890625 0.2931859375 0.7353515625 0.2853328125 0.7138671875 0.28795000000000004 0.708984375 0.2918765625 0.703125 0.304965625 0.703125 0.3180546875 0.701171875 0.320671875 0.701171875 0.34423125 0.7060546875 0.3507765625 0.7099609375 0.3507765625 0.7177734375 0.361246875 0.7216796875 0.361246875 0.7275390625 0.36648281250000003 0.7431640625 0.3717171875 0.7646484375 0.3717171875 0.7744140625 0.3795703125 0.779296875 0.3782625 0.78515625 0.367790625 0.7890625 0.352084375 0.7890625 0.33637812500000003 0.79296875 0.320671875
31 0.4443359375 0.2513015625 0.4384765625 0.2513015625 0.4365234375 0.24868437499999999 0.4072265625 0.24868437499999999 0.38671875 0.270934375 0.3876953125 0.2748609375 0.3916015625 0.2748609375 0.3955078125 0.280096875 0.4111328125 0.27747968749999996 0.4208984375 0.28795000000000004 0.4267578125 0.2853328125 0.4287109375 0.28795000000000004 0.439453125 0.2866421875 0.4443359375 0.2853328125 0.44921875 0.2787875 0.44921875 0.257846875 0.4443359375 0.2513015625