23 0.8472361578125 0.32773709218749997 0.8765846640625 0.3213552484375 0.91122985 0.278847571875 0.9299649578125001 0.215177428125 0.9285324015624999 0.12805376875000002 0.9029019453125 0.087863959375 0.891167103125 0.042566150000000004 0.8699397015624999 0.050922528125 0.8684856578125 0.0801233015625 0.8480682156249999 0.10030957656249999 0.8362497093749999 0.1515136828125 0.8306621937499999 0.21806688749999997 0.8424176828125001 0.269971684375 0.8316586812500001 0.2893643390625 0.835999559375 0.3180880078125 0.8472361578125 0.32773709218749997
23 0.796578034375 0.19311282968750001 0.8161855140625001 0.1610966578125 0.8140464656249999 0.09517959375 0.7807598875 0.031813528125000004 0.70534404375 0.0287405671875 0.6971930562499999 0.0466398046875 0.7160519078124999 0.1455476765625 0.7420560218750001 0.18173961562500002 0.782288115625 0.1956117125 0.796578034375 0.19311282968750001
23 0.7695350624999999 0.1953393265625 0.7305907625 0.222340425 0.669130659375 0.339757684375 0.7329576296875 0.3609390171875 0.809060290625 0.35335255625 0.8310352453125001 0.3370019984375 0.818531734375 0.293088265625 0.8210452828125 0.2320760390625 0.79504116875 0.1958841 0.7695350624999999 0.1953393265625
20 0.5430348390625 0.17829775781249999 0.5521941921875 0.2647868328125 0.570035675 0.28578870625 0.64239940625 0.3181653515625 0.68294298125 0.3082170609375 0.7158645406249999 0.2090115421875 0.7050854984375 0.09886423125 0.6909694078124999 0.0281548453125 0.55442986875 0.0225912859375 0.542620259375 0.0461471140625 0.5536697265625 0.11926162343749999 0.5430348390625 0.17829775781249999
31 0.2732665796875 0.78080238125 0.2200943015625 0.8301233234375 0.21866090468750002 0.8659310843749999 0.2407810890625 0.8958341093750001 0.30253142187500004 0.8709224531249999 0.3080567625 0.7845467296875 0.2732665796875 0.78080238125
31 0.1075821421875 0.6873726640625 0.14322405 0.716164 0.18788044843750001 0.6622562890625 0.1816494578125 0.6469071890625 0.190830065625 0.6170702718750001 0.16056789375 0.57858416875 0.1231189328125 0.589598465625 0.09894191249999999 0.643140859375 0.1075821421875 0.6873726640625
31 0.1134816109375 0.5970021875 0.090198215625 0.5658725640625 0.053559215625 0.58871675625 0.060309095312500005 0.646321571875 0.053454904687500006 0.6786116859375 0.096511421875 0.73058415 0.11892267812499999 0.7300613578124999 0.13778213749999998 0.70603625 0.10560920781250001 0.674317728125 0.1004790140625 0.64037115 0.1134816109375 0.5970021875
31 0.2663299375 0.6637284546875 0.2623835984375 0.6376154625 0.240616659375 0.597109140625 0.22360578593749997 0.59454415 0.1943401 0.6273554984375 0.1978919 0.650857815625 0.2451234171875 0.6786933765625001 0.2663299375 0.6637284546875
31 0.24935975 0.7973104171875 0.3048999734375 0.7636582046875 0.250585740625 0.6954265562499999 0.2128044140625 0.72365269375 0.23307601562500002 0.7801458171875 0.24935975 0.7973104171875
31 0.22897047499999998 1 0.23949292500000002 0.9778954515624999 0.2231054859375 0.927692803125 0.1794255328125 0.9233579984375 0.143181071875 0.9488128671875 0.15333751874999998 0.983666415625 0.16800156718749998 0.9771727796875 0.197013540625 1 0.22897047499999998 1
31 0.0998128359375 0.920659234375 0.1373446203125 0.9360744421874999 0.21380029375 0.917883125 0.22568120937499997 0.8865030968750001 0.215545409375 0.8582565343749999 0.194235184375 0.8401834078125001 0.169123853125 0.8422508671875001 0.0997091328125 0.8876211843749999 0.0998128359375 0.920659234375
31 0.13439584531249998 0.858329040625 0.1489974828125 0.832011328125 0.1458404578125 0.81112124375 0.096158175 0.7411874468749999 0.041927234375 0.69938841875 0.0636520390625 0.8496121875 0.0977153171875 0.8679577015625 0.13439584531249998 0.858329040625
31 0.2618420078125 0.9575501421875 0.27764814531250004 0.9456730015625 0.28909299375 0.8984667671875 0.273639865625 0.89973905 0.25671181249999997 0.9236035640625 0.2618420078125 0.9575501421875
31 0.150916753125 1 0.1455487796875 0.9644800390625001 0.124197028125 0.9331913796875 0.0770692140625 0.9383938671875001 0.0863794703125 1 0.150916753125 1
31 0.026100820312500002 0.5817240328125 0.039974710937500005 0.6929389078125 0.0567990609375 0.6360363453125 0.0466219671875 0.594575809375 0.026100820312500002 0.5817240328125
31 0.1636612953125 0.8255161328125 0.21242991406249997 0.8505819828125001 0.2486119625 0.8053030375000001 0.2218600625 0.7771037187500001 0.1636612953125 0.8255161328125
31 0.2020245296875 0.7364368046875 0.13942294375 0.7363045890625 0.1423304234375 0.8008360171875 0.15668251718749998 0.8181596531249999 0.2210707484375 0.771880809375 0.2186823921875 0.74960665 0.2020245296875 0.7364368046875
31 0.31622229218750003 0.3080079953125 0.3572643453125 0.33370998749999997 0.381939609375 0.31581631875 0.380672696875 0.28155166875000004 0.3550837703125 0.2545773921875 0.3437228203125 0.205283271875 0.31433278593749997 0.1984495828125 0.2962624078125 0.2276960421875 0.31622229218750003 0.3080079953125
31 0.1527396828125 0.1773848828125 0.18366681875 0.181448859375 0.20182002031250001 0.1786319046875 0.22221657968750003 0.15183708437500001 0.2221337578125 0.1254075796875 0.208155321875 0.10408607656249999 0.1818601359375 0.0983199515625 0.1417939203125 0.1373084234375 0.1527396828125 0.1773848828125
31 0.32031507656249997 0.1345086109375 0.319234690625 0.159711515625 0.3336285484375 0.19025224062499999 0.3797175046875 0.2234681921875 0.38885681875 0.1804173015625 0.3663005640625 0.13468806875 0.32031507656249997 0.1345086109375
31 0.409522959375 0.23952110000000001 0.42410395 0.2065964015625 0.4220892515625 0.18032437343750002 0.3941947890625 0.1575054421875 0.3862602125 0.21499846250000001 0.409522959375 0.23952110000000001
31 0.2944966453125 0.28071564531250004 0.2109378453125 0.251905446875 0.20260849374999998 0.30678623437499997 0.27310275625 0.3591444359375 0.28776656875 0.352649240625 0.298837525 0.30943931406249997 0.2944966453125 0.28071564531250004
31 0.3006448140625 0.2696352421875 0.28841149375 0.1886871484375 0.268638134375 0.16784274999999999 0.2419899390625 0.1726814828125 0.22892516562499998 0.196227925 0.2402863515625 0.24552360312500002 0.29177569062500003 0.275651771875 0.3006448140625 0.2696352421875
31 0.203979715625 0.2511559546875 0.23449142968749997 0.24600071093749998 0.2273883015625 0.19899919531250002 0.185224565625 0.185286134375 0.17334365000000002 0.2166661625 0.203979715625 0.2511559546875
31 0.1490631625 0.2371720671875 0.1718067859375 0.2194374328125 0.17984483125 0.194980903125 0.17051922656250001 0.17856579687500002 0.1392803734375 0.1983206484375 0.1490631625 0.2371720671875
31 0.21768856875 0.18657884062500002 0.229299059375 0.1922316140625 0.24545844374999998 0.1697511765625 0.268638134375 0.16784274999999999 0.2856905375 0.1836232734375 0.2919630578125 0.21218790625 0.3247387765625 0.189661784375 0.32120785937499996 0.1727680109375 0.254202984375 0.124088053125 0.2260176859375 0.1316964953125 0.21768856875 0.18657884062500002
31 0.1774765140625 0.302246709375 0.1566851796875 0.3264292953125 0.1579105625 0.3474784125 0.1958786515625 0.3787213875 0.2116847890625 0.366844246875 0.2220079578125 0.3316269421875 0.1774765140625 0.302246709375
31 0.15213652187499999 0.35456406406249996 0.1243457640625 0.3647831828125 0.1209807265625 0.40074998125 0.1670283890625 0.42075195781249997 0.18362384062499998 0.4140977265625 0.17924166875 0.3721600859375 0.15213652187499999 0.35456406406249996
31 0.1081398828125 0.3615506953125 0.1536527421875 0.34518580781249997 0.14962358125 0.2926433109375 0.13525060625000002 0.2687111296875 0.08891210625 0.279136528125 0.1081398828125 0.3615506953125
31 0.26577073281249997 0.36239125156249996 0.2243550203125 0.340687128125 0.18595025781250002 0.416550925 0.20183945312499998 0.4311048484375 0.23777196093750003 0.4294672515625 0.26973771874999997 0.39511123125 0.26577073281249997 0.36239125156249996
31 0.1612549546875 0.3049046296875 0.199492996875 0.299111684375 0.1997218921875 0.2488633515625 0.1834172765625 0.22509020624999998 0.1371616 0.2619451078125 0.1612549546875 0.3049046296875
31 0.3516353015625 0.3870476625 0.35963205625 0.349377159375 0.352217209375 0.3261944734375 0.32936988437500003 0.31089105625 0.3055045828125 0.340614621875 0.311777103125 0.36917925625 0.3369712546875 0.3935412984375 0.3516353015625 0.3870476625
31 0.250919553125 0.4323503125 0.308100346875 0.42896488125000004 0.3281438953125 0.41277491875 0.2827816078125 0.36495624375 0.2420091359375 0.42515286874999997 0.250919553125 0.4323503125
31 0.372115525 0.263750928125 0.4010486109375 0.2481498640625 0.35963266250000003 0.22644418125 0.372115525 0.263750928125
31 0.0675362015625 0.8559026609375 0.075885359375 0.93056028125 0.1006021515625 0.92588214375 0.0970090578125 0.889165853125 0.0675362015625 0.8559026609375
10 0.6395090671875 0.8749026875 0.64326864375 0.8415465671875 0.63265548125 0.784259825 0.6066926609375 0.7612818578125 0.584696825 0.7710238703125001 0.5754953359375 0.7942522421875 0.6140238421875 0.8809664609375 0.6395090671875 0.8749026875
10 0.5209733234375 0.782879028125 0.5407257999999999 0.79711488125 0.568537440625 0.7935043078125 0.5816019765625 0.76995630625 0.5772613328125 0.741234196875 0.5509037359375 0.7156439953125 0.5296556875 0.7173933875 0.516279434375 0.764760215625 0.5209733234375 0.782879028125
10 0.41082850156250006 0.77873008125 0.4387436109375 0.8081559984375 0.47467611875 0.8065184000000001 0.4896725296875 0.782812921875 0.47665013125 0.696643475 0.452224175 0.6708942390625 0.42171269687499996 0.676051040625 0.406716284375 0.6997565203125 0.41082850156250006 0.77873008125
10 0.4481101359375 0.960719615625 0.463604790625 0.9726628625 0.49949600624999996 0.9578112921875 0.5117712265625001 0.9290403796875 0.4929539046875 0.843348040625 0.46080162187499996 0.8182365046875001 0.43301086250000004 0.8284556234375 0.4180559796875 0.865376634375 0.4481101359375 0.960719615625
9 0.932083965625 0.15155452656249999 0.891167103125 0.042566150000000004 0.873782334375 0.043997470312499995 0.8534479515625 0.09061480625 0.8460743984375 0.08064609375000001 0.8368522640625 0.097267478125 0.8194674953125001 0.0986987984375 0.7850152078125 0.031986918749999996 0.703028884375 0.028646231249999998 0.6968191625 0.050636115625 0.687952175 0.028031903125 0.5549066171875 0.022610712499999998 0.5452996875 0.0379954578125 0.5532749515625001 0.1166493890625 0.5430763671875 0.19151328750000002 0.5572413296875001 0.2723023484375 0.6416307375 0.3195494296875 0.6833377578125 0.3108292953125 0.676067909375 0.33389863124999997 0.6842098937500001 0.34248171250000004 0.7348892703125001 0.36077998125 0.8202553609375001 0.3497861078125 0.8344831046875001 0.32746470625 0.873115921875 0.324283996875 0.924294384375 0.255299571875 0.932083965625 0.15155452656249999
9 1 0.6660918234375 0.9916089234375001 0.64895808125 0.9561130890625 0.5434889093749999 0.9182071781250001 0.5320684515625 0.8992024859375001 0.509839978125 0.8448048234375 0.5381118015624999 0.8103263609375 0.5105486265625 0.8082910156249999 0.4776696109375 0.8380340609375001 0.47389844375 0.818676125 0.4622732671875 0.84291531875 0.42855339062500003 0.8512653171875 0.380279590625 0.8272341390625 0.3571425875 0.7133088562500001 0.3797412140625 0.705685996875 0.41341540625000006 0.7363421015625 0.577445165625 0.7488456125 0.6213588999999999 0.7643400312499999 0.6333005875 0.778982590625 0.7431313859374999 0.79838181875 0.7679705359375 0.8136062859375001 0.8169481453125 0.7952035421875 0.8634064453124999 0.80976304375 0.94680618125 0.8210826984375 0.982886328125 0.8404406359375001 0.9945115046874999 0.8895000906250001 0.98914998125 0.9241452750000001 0.9466423046875001 0.9481349281250001 0.9565637765625 0.9613653421875 0.98587634375 1 0.9822787953125 1 0.6660918234375
9 0.72564885 1 0.8164716328124999 0.9911970203125 0.7519396171875 0.745357884375 0.6938666484375 0.5875509328125 0.6672390984375001 0.5989966515625 0.6758584453125 0.6366199109374999 0.6468010109375 0.6125759390625001 0.6313478828125 0.613848221875 0.6237041421875 0.6409138703124999 0.5876470484375 0.6029048734375 0.5724019359375 0.5473202781250001 0.4105388796875 0.563291496875 0.34413594999999997 0.5832983125 0.36978301875 1 0.72564885 1
9 0.26890855937499997 0.1308099484375 0.2426131390625 0.125042265625 0.2244808203125 0.134467765625 0.21397112499999998 0.1102175140625 0.19344998124999999 0.0973657390625 0.14370491406250002 0.13054240156250002 0.144203159375 0.166191128125 0.15197125 0.1787705171875 0.138138046875 0.2037025953125 0.14094182500000002 0.23519597343749998 0.128583546875 0.23753582187500002 0.1155396578125 0.267690809375 0.09084374843750001 0.2789774921875 0.11786523125 0.3930754296875 0.1267962953125 0.40687985937500004 0.1972075015625 0.432806996875 0.250919553125 0.4323503125 0.3100319875 0.428805846875 0.3474394203125 0.4045760171875 0.359985065625 0.3387723046875 0.38461880000000004 0.307663103125 0.376373346875 0.26604353281250004 0.41805948437499996 0.2507148546875 0.4265129515625 0.23547754687500003 0.41897375625000005 0.172649821875 0.3976635328125 0.1545766953125 0.384578115625 0.1715161515625 0.362811175 0.1310098296875 0.3427054515625 0.1273772734375 0.316472440625 0.14143366875000002 0.323160146875 0.1792159625 0.26890855937499997 0.1308099484375
9 0.24763295937500002 1 0.2646249015625 0.9824349765625 0.31098512500000003 0.8556867031250001 0.3103001203125 0.760568865625 0.2988976421875 0.6980592125 0.23673273125 0.5908202265625 0.1931355984375 0.6129149265625 0.1539836578125 0.573838365625 0.1188611109375 0.587305859375 0.10025095937499999 0.5676880625 0.0728134484375 0.5673038828125 0.0473904 0.5931901734375 0.024169181249999998 0.5818830703125 0.07627989843750001 0.9331709578125 0.0940594421875 0.9343518718749999 0.0770692140625 0.9383938671875001 0.0863794703125 1 0.24763295937500002 1
2 1 0.6673266328125 0.961554765625 0.5536150984375 0.8972708453125 0.5099990140624999 0.8432679593750001 0.540883071875 0.8107209 0.5131593 0.806753915625 0.48043932343750007 0.8569559296874999 0.46969741093749995 0.8264026875000001 0.46163712500000004 0.8505175328125001 0.3882722109375 0.8461975359375 0.3661570875 0.7538317859375 0.3631859375 0.7098401156249999 0.3826699609375 0.736300571875 0.5642296328125 0.749593396875 0.613366278125 0.7658771328125 0.6305308765625 0.8139595328125001 0.806344846875 0.8309910531250001 0.8155168249999999 0.897850090625 0.9408761812499999 0.9355483609374999 0.8862189796875001 0.9621340109375 0.9844922671875 1 0.9813746921875 1 0.6673266328125
10 0.5808329359375 0.894274921875 0.570572784375 0.826383321875 0.5484732453125 0.803087284375 0.5260828703125 0.8102186203124999 0.5161335953124999 0.8414396140625 0.53333099375 0.9034721593749999 0.5550151125 0.9175489765625 0.5808329359375 0.894274921875