19 0.2548828125 0.9335484375 0.265625 0.9173500000000001 0.265625 0.8967359374999999 0.26171875 0.8879015625 0.26171875 0.8820109374999999 0.255859375 0.8643421874999999 0.2451171875 0.8481453125 0.2373046875 0.8510890625 0.2275390625 0.8658140624999999 0.2236328125 0.8658140624999999 0.2099609375 0.87759375 0.201171875 0.893790625 0.201171875 0.9055703125000001 0.1953125 0.923240625 0.1953125 0.9350203125000001 0.205078125 0.9409109375 0.203125 0.9468 0.2041015625 0.9571078125 0.2109375 0.955634375 0.2177734375 0.945328125 0.2392578125 0.945328125 0.2451171875 0.9423828125 0.2548828125 0.9335484375
19 0.4248046875 0.839309375 0.4296875 0.8290031250000001 0.4375 0.784828125 0.4326171875 0.7774656249999999 0.4052734375 0.7745203125 0.3759765625 0.7804109375 0.3642578125 0.7863 0.3525390625 0.806915625 0.3466796875 0.806915625 0.3349609375 0.7951359375 0.3212890625 0.7951359375 0.2958984375 0.8157500000000001 0.283203125 0.8437265625 0.2880859375 0.854034375 0.3095703125 0.8717046875 0.3369140625 0.8834843749999999 0.3720703125 0.9158781250000001 0.3828125 0.9144062500000001 0.3916015625 0.8952640625000001 0.41015625 0.8761218749999999 0.4140625 0.846671875 0.4248046875 0.839309375
23 0.6181640625 0.8481453125 0.6162109375 0.8452 0.6025390625 0.8452 0.59765625 0.8496171875 0.59765625 0.87023125 0.6044921875 0.87759375 0.65234375 0.8790671874999999 0.666015625 0.87023125 0.666015625 0.8584515625 0.6572265625 0.8481453125 0.6181640625 0.8481453125
23 0.7275390625 0.8422546875 0.7158203125 0.8422546875 0.7138671875 0.839309375 0.7041015625 0.839309375 0.7021484375 0.8363640625000001 0.6748046875 0.8363640625000001 0.6640625 0.846671875 0.66796875 0.861396875 0.6748046875 0.868759375 0.7158203125 0.868759375 0.7236328125 0.8746484375 0.732421875 0.8731765625 0.736328125 0.8672859374999999 0.736328125 0.85550625 0.734375 0.8496171875 0.7275390625 0.8422546875
18 0.47265625 0.8849562499999999 0.47265625 0.8643421874999999 0.470703125 0.861396875 0.470703125 0.8525625 0.4658203125 0.8422546875 0.4599609375 0.8422546875 0.4541015625 0.8363640625000001 0.4482421875 0.8363640625000001 0.4404296875 0.8275296875 0.4345703125 0.8275296875 0.4267578125 0.8481453125 0.4140625 0.8496171875 0.412109375 0.8672859374999999 0.41015625 0.87023125 0.412109375 0.8849562499999999 0.416015625 0.890846875 0.416015625 0.8967359374999999 0.4248046875 0.9099890625 0.43359375 0.908515625 0.4404296875 0.9011531250000001 0.4521484375 0.8952640625000001 0.4638671875 0.8952640625000001 0.47265625 0.8849562499999999
19 0.58203125 0.722984375 0.5859375 0.6493609375 0.5634765625 0.606659375 0.5390625 0.6258015625 0.5390625 0.699425 0.52734375 0.7789390625 0.53125 0.8319468750000001 0.5361328125 0.8363640625000001 0.552734375 0.8348921875 0.5830078125 0.824584375 0.59765625 0.8083875 0.59765625 0.770103125 0.58203125 0.722984375
19 0.6806640625 0.78335625 0.6630859375 0.7715765625000001 0.65234375 0.770103125 0.6484375 0.752434375 0.646484375 0.6758656249999999 0.630859375 0.6405265625000001 0.6181640625 0.6272734375 0.5927734375 0.6272734375 0.583984375 0.6405265625000001 0.587890625 0.6640859375 0.583984375 0.6729203125 0.58203125 0.7200390624999999 0.599609375 0.7730484375 0.59765625 0.8172218750000001 0.6064453125 0.8334203125 0.6162109375 0.839309375 0.65234375 0.8407828125 0.6826171875 0.821640625 0.6875 0.8113328125000001 0.6875 0.7966078125 0.6806640625 0.78335625
19 0.849609375 0.755378125 0.849609375 0.7259296875000001 0.822265625 0.6581953125 0.8125 0.6434703125000001 0.814453125 0.6199109375 0.8037109375 0.6125484375 0.79296875 0.62285625 0.796875 0.6493609375 0.787109375 0.661140625 0.7734375 0.690590625 0.771484375 0.708259375 0.78125 0.73181875 0.78515625 0.752434375 0.798828125 0.77599375 0.802734375 0.7877734375000001 0.802734375 0.8054421875 0.8076171875 0.8128046875000001 0.841796875 0.8113328125000001 0.8515625 0.799553125 0.857421875 0.784828125 0.857421875 0.77599375 0.849609375 0.755378125
19 0.802734375 0.8024984375 0.80078125 0.784828125 0.78515625 0.755378125 0.76953125 0.7023703125 0.7568359375 0.700896875 0.7509765625 0.686171875 0.7353515625 0.686171875 0.7001953125 0.7067875 0.689453125 0.7259296875000001 0.69140625 0.737709375 0.72265625 0.8024984375 0.73046875 0.8407828125 0.7470703125 0.8481453125 0.7548828125 0.8569796875 0.763671875 0.85550625 0.7724609375 0.8452 0.7861328125 0.839309375 0.80078125 0.8172218750000001 0.802734375 0.8024984375
19 0.689453125 0.7288734375 0.69140625 0.7200390624999999 0.697265625 0.7112046875 0.6953125 0.7053140625000001 0.6865234375 0.6950078125 0.6806640625 0.6920625 0.6591796875 0.6920625 0.6572265625 0.6950078125 0.6513671875 0.6950078125 0.6484375 0.7347640625 0.650390625 0.7435984375 0.65625 0.752434375 0.65625 0.7642140625 0.6806640625 0.7804109375 0.6875 0.79071875 0.689453125 0.8054421875 0.6923828125 0.8098609375000001 0.697265625 0.8083875 0.708984375 0.7936625 0.7109375 0.7789390625 0.6953125 0.7494890625 0.689453125 0.7288734375
19 0.8603515625 0.4800265625 0.8544921875 0.47708125 0.853515625 0.4726640625 0.8466796875 0.4653015625 0.8349609375 0.45941093750000006 0.82421875 0.460884375 0.82421875 0.46971875 0.8291015625 0.4741359375 0.83203125 0.4814984375 0.826171875 0.4903328125 0.818359375 0.5109484375 0.8212890625 0.515365625 0.8330078125 0.5271453125 0.8505859375 0.5242 0.8583984375 0.515365625 0.8623046875 0.515365625 0.8720703125 0.5330359375 0.876953125 0.5315624999999999 0.876953125 0.522728125 0.865234375 0.5021140625 0.86328125 0.48444374999999995 0.8603515625 0.4800265625
19 0.74609375 0.5934062499999999 0.75 0.5727921874999999 0.7421875 0.555121875 0.7236328125 0.5300906249999999 0.7119140625 0.5183109375 0.7021484375 0.515365625 0.6865234375 0.5359796875 0.6650390625 0.5477593749999999 0.6572265625 0.5595390625000001 0.642578125 0.569846875 0.63671875 0.5934062499999999 0.64453125 0.6140218749999999 0.64453125 0.62285625 0.6328125 0.6434703125000001 0.64453125 0.6640859375 0.6513671875 0.6891171875000001 0.6669921875 0.6891171875000001 0.6728515625 0.6950078125 0.6826171875 0.6950078125 0.6962890625 0.7067875 0.705078125 0.7053140625000001 0.7177734375 0.7038421875 0.7421875 0.6847000000000001 0.73046875 0.6199109375 0.74609375 0.5934062499999999
19 0.52734375 0.8201671875000001 0.52734375 0.7877734375000001 0.5224609375 0.7774656249999999 0.5146484375 0.7745203125 0.5068359375 0.7656859375 0.4892578125 0.7597968749999999 0.4814453125 0.75390625 0.4755859375 0.7597968749999999 0.4580078125 0.762740625 0.451171875 0.7730484375 0.451171875 0.7789390625 0.466796875 0.799553125 0.46875 0.8348921875 0.4716796875 0.8422546875 0.4794921875 0.8452 0.4873046875 0.839309375 0.4970703125 0.839309375 0.5107421875 0.8481453125 0.517578125 0.846671875 0.5263671875 0.839309375 0.529296875 0.8319468750000001 0.529296875 0.8231125 0.52734375 0.8201671875000001
19 0.515625 0.71709375 0.5009765625 0.6920625 0.4873046875 0.6950078125 0.4755859375 0.7038421875 0.46484375 0.71709375 0.462890625 0.722984375 0.4638671875 0.7597968749999999 0.4677734375 0.762740625 0.4814453125 0.762740625 0.4873046875 0.7597968749999999 0.4892578125 0.762740625 0.5068359375 0.7656859375 0.5166015625 0.7745203125 0.525390625 0.7730484375 0.52734375 0.7671578125 0.52734375 0.752434375 0.517578125 0.7435984375 0.515625 0.71709375
19 0.4814453125 0.5948796875 0.4677734375 0.6037140625 0.4443359375 0.591934375 0.4326171875 0.591934375 0.427734375 0.5992968750000001 0.421875 0.616965625 0.421875 0.62285625 0.416015625 0.6346359374999999 0.416015625 0.6581953125 0.41796875 0.6640859375 0.4208984375 0.668503125 0.4267578125 0.668503125 0.4326171875 0.6743921875 0.4404296875 0.6743921875 0.4599609375 0.6920625 0.470703125 0.690590625 0.486328125 0.6581953125 0.490234375 0.6405265625000001 0.486328125 0.5963515625 0.4814453125 0.5948796875
19 0.375 0.7583234375 0.373046875 0.755378125 0.373046875 0.73181875 0.3701171875 0.7185671874999999 0.3564453125 0.7185671874999999 0.3544921875 0.7215125 0.3408203125 0.72445625 0.33203125 0.7406546875 0.330078125 0.7877734375000001 0.3330078125 0.7951359375 0.3486328125 0.806915625 0.3515625 0.8054421875 0.3662109375 0.78335625 0.3720703125 0.78335625 0.376953125 0.7789390625 0.375 0.7583234375
19 0.404296875 0.7288734375 0.40234375 0.708259375 0.3935546875 0.700896875 0.3818359375 0.700896875 0.3740234375 0.7067875 0.37109375 0.71415 0.373046875 0.7612687499999999 0.3779296875 0.7804109375 0.388671875 0.7789390625 0.4013671875 0.7774656249999999 0.408203125 0.7730484375 0.408203125 0.7406546875 0.404296875 0.7288734375
19 0.4326171875 0.7126765625 0.4267578125 0.7126765625 0.4150390625 0.7038421875 0.4013671875 0.700896875 0.400390625 0.7053140625000001 0.404296875 0.71709375 0.404296875 0.7347640625 0.408203125 0.7465437500000001 0.408203125 0.770103125 0.4228515625 0.7715765625000001 0.4345703125 0.7774656249999999 0.4375 0.77599375 0.443359375 0.770103125 0.443359375 0.7406546875 0.439453125 0.722984375 0.4326171875 0.7126765625
19 0.37109375 0.7406546875 0.37109375 0.7200390624999999 0.3681640625 0.715621875 0.3408203125 0.72445625 0.33203125 0.7406546875 0.330078125 0.7789390625 0.328125 0.7818828124999999 0.330078125 0.79071875 0.3408203125 0.8010249999999999 0.3466796875 0.8039703125000001 0.353515625 0.8024984375 0.3642578125 0.7863 0.376953125 0.7789390625 0.375 0.752434375 0.37109375 0.7406546875
19 0.470703125 0.699425 0.4677734375 0.6950078125 0.4580078125 0.6920625 0.4384765625 0.6743921875 0.4306640625 0.6743921875 0.4189453125 0.6655578125 0.4111328125 0.6419984375000001 0.40625 0.646415625 0.40234375 0.6670296875 0.3984375 0.6729203125 0.392578125 0.693534375 0.4365234375 0.715621875 0.439453125 0.7200390624999999 0.4453125 0.7494890625 0.443359375 0.770103125 0.44921875 0.770103125 0.4609375 0.7583234375 0.462890625 0.7200390624999999 0.470703125 0.708259375 0.470703125 0.699425
19 0.416015625 0.552178125 0.416015625 0.584571875 0.46875 0.5934062499999999 0.48046875 0.5197828125 0.4716796875 0.4976953125 0.4404296875 0.5035859375 0.416015625 0.552178125
23 0.13671875 0.7612687499999999 0.13671875 0.7877734375000001 0.16796875 0.8201671875000001 0.181640625 0.8083875 0.185546875 0.7730484375 0.1494140625 0.7421265625 0.13671875 0.7612687499999999
23 0.13671875 0.5992968750000001 0.13671875 0.65230625 0.1484375 0.65525 0.181640625 0.6493609375 0.17578125 0.5462875 0.1630859375 0.5271453125 0.13671875 0.5992968750000001
18 0 0.893790625 0.009765625 0.893790625 0.0498046875 0.87759375 0.0576171875 0.8805390624999999 0.1103515625 0.839309375 0.1435546875 0.8304750000000001 0.150390625 0.8172218750000001 0.138671875 0.799553125 0.1298828125 0.7745203125 0.1259765625 0.7774656249999999 0.1240234375 0.76863125 0.1103515625 0.7656859375 0.0947265625 0.73918125 0.0791015625 0.73918125 0.0576171875 0.7480156250000001 0.048828125 0.7583234375 0.048828125 0.784828125 0.04296875 0.799553125 0.0224609375 0.8304750000000001 0 0.8437265625 0 0.893790625
13 0.19140625 0.7288734375 0.189453125 0.7259296875000001 0.189453125 0.6817546875 0.1875 0.6788093749999999 0.1875 0.6640859375 0.185546875 0.6581953125 0.1806640625 0.653778125 0.1533203125 0.653778125 0.1474609375 0.6567234375 0.14453125 0.661140625 0.146484375 0.7406546875 0.1494140625 0.745071875 0.1669921875 0.7480156250000001 0.1728515625 0.75390625 0.1767578125 0.75390625 0.1806640625 0.7597968749999999 0.189453125 0.7583234375 0.193359375 0.752434375 0.193359375 0.7465437500000001 0.189453125 0.73181875 0.19140625 0.7288734375
19 0.4453125 0.460884375 0.431640625 0.43732499999999996 0.427734375 0.4226 0.4189453125 0.41523750000000004 0.4111328125 0.41523750000000004 0.404296875 0.4226 0.396484375 0.44026875 0.39453125 0.45499375000000003 0.40625 0.4726640625 0.412109375 0.49622343750000003 0.4248046875 0.5124203125 0.431640625 0.5109484375 0.4345703125 0.509475 0.447265625 0.48738906249999997 0.447265625 0.46971875 0.4453125 0.460884375
19 0.703125 0.337196875 0.6806640625 0.3180546875 0.6650390625 0.3209984375 0.6337890625 0.3033296875 0.6220703125 0.3033296875 0.615234375 0.275353125 0.5947265625 0.2267609375 0.5693359375 0.24443125000000002 0.5556640625 0.238540625 0.556640625 0.260628125 0.537109375 0.3254171875 0.5439453125 0.3357234375 0.5478515625 0.329834375 0.5791015625 0.3268890625 0.587890625 0.3489765625 0.587890625 0.36075625 0.58203125 0.3725359375 0.580078125 0.40787500000000004 0.5966796875 0.41523750000000004 0.611328125 0.413765625 0.7001953125 0.4122921875 0.703125 0.40492968749999997 0.69140625 0.3637015625 0.703125 0.337196875
18 0.208984375 0.3960953125 0.2021484375 0.38873281249999997 0.1826171875 0.3857875 0.1748046875 0.37989843749999996 0.1572265625 0.37989843749999996 0.1494140625 0.37400781250000004 0.138671875 0.37548125 0.12890625 0.4019859375 0.12890625 0.40787500000000004 0.1416015625 0.4270171875 0.1474609375 0.42996249999999997 0.1533203125 0.4270171875 0.1630859375 0.4270171875 0.1650390625 0.42996249999999997 0.177734375 0.4284890625 0.2080078125 0.424071875 0.2119140625 0.4211265625 0.21484375 0.413765625 0.208984375 0.3960953125
19 0.568359375 0.39315 0.5615234375 0.38284375000000004 0.5517578125 0.376953125 0.5205078125 0.37400781250000004 0.515625 0.378425 0.505859375 0.4019859375 0.5078125 0.4196546875 0.5146484375 0.424071875 0.5380859375 0.424071875 0.5400390625 0.4211265625 0.5458984375 0.424071875 0.560546875 0.4226 0.5654296875 0.4211265625 0.5703125 0.413765625 0.5703125 0.4019859375 0.568359375 0.39315
18 0.583984375 0.3578109375 0.591796875 0.3489765625 0.58203125 0.3195265625 0.5751953125 0.3121640625 0.544921875 0.3106921875 0.552734375 0.2900765625 0.5498046875 0.276825 0.5361328125 0.276825 0.5283203125 0.2621 0.5185546875 0.2562109375 0.4931640625 0.25915468750000004 0.484375 0.2665171875 0.4765625 0.2900765625 0.478515625 0.3489765625 0.474609375 0.3578109375 0.4765625 0.3725359375 0.4833984375 0.376953125 0.4873046875 0.38873281249999997 0.5048828125 0.40051249999999994 0.5185546875 0.376953125 0.5458984375 0.376953125 0.5634765625 0.38873281249999997 0.5712890625 0.4122921875 0.61328125 0.413765625 0.6171875 0.4108203125 0.6171875 0.3960953125 0.5859375 0.3637015625 0.583984375 0.3578109375
23 0.31640625 0.41670937500000005 0.32421875 0.378425 0.3134765625 0.34750312499999997 0.30078125 0.399040625 0.31640625 0.41670937500000005
19 0.30078125 0.2989125 0.2900390625 0.24737499999999998 0.2587890625 0.2944953125 0.2314453125 0.29743906249999996 0.2099609375 0.344559375 0.1884765625 0.344559375 0.173828125 0.37548125 0.2060546875 0.391678125 0.2236328125 0.424071875 0.251953125 0.4226 0.2841796875 0.4211265625 0.298828125 0.3960953125 0.275390625 0.3489765625 0.30078125 0.2989125
19 0.353515625 0.4226 0.3671875 0.4638296875 0.3828125 0.46971875 0.41015625 0.413765625 0.3916015625 0.3857875 0.3720703125 0.38873281249999997 0.353515625 0.4226
19 0.3828125 0.378425 0.4140625 0.40787500000000004 0.41796875 0.3283609375 0.3916015625 0.30921875 0.380859375 0.3254171875 0.3828125 0.378425
18 0.322265625 0.322471875 0.310546875 0.3342515625 0.3271484375 0.36517343750000003 0.376953125 0.3725359375 0.384765625 0.2959671875 0.3759765625 0.276825 0.3046875 0.2841875 0.322265625 0.322471875
18 0.3232421875 0.40051249999999994 0.291015625 0.4108203125 0.2958984375 0.424071875 0.3515625 0.4226 0.376953125 0.3813703125 0.3720703125 0.37400781250000004 0.3330078125 0.36517343750000003 0.3232421875 0.40051249999999994
18 0.3125 0.3048015625 0.283203125 0.3136375 0.296875 0.31658125 0.3125 0.3048015625
18 0.2919921875 0.33866874999999996 0.2802734375 0.34161406250000004 0.27734375 0.3489765625 0.2939453125 0.37400781250000004 0.296875 0.3725359375 0.30078125 0.369590625 0.30078125 0.3519203125 0.298828125 0.34603125 0.2919921875 0.33866874999999996
9 0.2099609375 0.87759375 0.1953125 0.923240625 0.2041015625 0.9423828125 0.234375 0.9438546875 0.2529296875 0.9364921875000001 0.265625 0.9114609375 0.2451171875 0.8510890625 0.2099609375 0.87759375
9 0.4716796875 0.41523750000000004 0.498046875 0.41670937500000005 0.50390625 0.399040625 0.4873046875 0.3857875 0.470703125 0.4019859375 0.4716796875 0.41523750000000004
9 0.265625 0.9114609375 0.265625 0.8967359374999999 0.26171875 0.890846875 0.2578125 0.8731765625 0.2529296875 0.8717046875 0.25 0.8672859374999999 0.25 0.861396875 0.2451171875 0.8510890625 0.2412109375 0.8510890625 0.2275390625 0.868759375 0.2216796875 0.868759375 0.2177734375 0.8746484375 0.2138671875 0.8746484375 0.203125 0.890846875 0.203125 0.9055703125000001 0.19921875 0.9144062500000001 0.19921875 0.9261859375 0.197265625 0.92913125 0.1982421875 0.9364921875000001 0.2080078125 0.9364921875000001 0.208984375 0.9350203125000001 0.203125 0.92913125 0.203125 0.923240625 0.2060546875 0.9188234375000001 0.2177734375 0.9188234375000001 0.21875 0.9350203125000001 0.2158203125 0.9394375 0.2119140625 0.9394375 0.2119140625 0.945328125 0.2158203125 0.9423828125 0.2177734375 0.945328125 0.23828125 0.9438546875 0.2529296875 0.9364921875000001 0.263671875 0.923240625 0.263671875 0.9144062500000001 0.265625 0.9114609375
9 0.1396484375 0.8422546875 0.1767578125 0.821640625 0.185546875 0.7612687499999999 0.1943359375 0.745071875 0.2216796875 0.8098609375000001 0.240234375 0.8054421875 0.23828125 0.7818828124999999 0.224609375 0.7642140625 0.224609375 0.7288734375 0.2021484375 0.72445625 0.1982421875 0.7126765625 0.1953125 0.7288734375 0.189453125 0.7259296875000001 0.18359375 0.62285625 0.1875 0.5934062499999999 0.17578125 0.5462875 0.1650390625 0.5300906249999999 0.15625 0.5345078125 0.134765625 0.6110765625 0.13671875 0.6493609375 0.146484375 0.6640859375 0.1484375 0.7406546875 0.1337890625 0.7715765625000001 0.0947265625 0.75390625 0.0888671875 0.7274015625 0.0830078125 0.7421265625 0.0419921875 0.7568515625 0.046875 0.7966078125 0.0283203125 0.824584375 0.001953125 0.8437265625 0 0.890846875 0.015625 0.890846875 0.0908203125 0.868759375 0.0947265625 0.854034375 0.1181640625 0.8363640625000001 0.1396484375 0.8422546875
9 0.4697265625 0.8422546875 0.5146484375 0.8481453125 0.5302734375 0.8304750000000001 0.5478515625 0.8363640625000001 0.5947265625 0.8157500000000001 0.63671875 0.846671875 0.6005859375 0.8481453125 0.6025390625 0.87759375 0.7294921875 0.8717046875 0.734375 0.8584515625 0.7255859375 0.8422546875 0.677734375 0.8319468750000001 0.7041015625 0.8157500000000001 0.7080078125 0.7892453125000001 0.7138671875 0.8304750000000001 0.7236328125 0.821640625 0.7353515625 0.8452 0.7646484375 0.8569796875 0.8037109375 0.806915625 0.8466796875 0.806915625 0.85546875 0.7730484375 0.8095703125 0.61549375 0.794921875 0.62285625 0.80078125 0.6493609375 0.7705078125 0.7067875 0.7421875 0.6788093749999999 0.732421875 0.6140218749999999 0.75 0.5727921874999999 0.7099609375 0.515365625 0.640625 0.5727921874999999 0.6357421875 0.6331640625 0.5927734375 0.624328125 0.5810546875 0.6361078124999999 0.5634765625 0.606659375 0.5419921875 0.621384375 0.5263671875 0.7568515625 0.5009765625 0.6920625 0.4765625 0.6964796875 0.490234375 0.616965625 0.482421875 0.5197828125 0.4697265625 0.4947515625 0.453125 0.49622343750000003 0.466796875 0.478553125 0.453125 0.4638296875 0.46875 0.44321406249999995 0.4609375 0.3813703125 0.4208984375 0.37106249999999996 0.412109375 0.31658125 0.3857421875 0.30921875 0.3701171875 0.27387968749999997 0.3017578125 0.2797703125 0.2841796875 0.25032031250000003 0.265625 0.260628125 0.2646484375 0.2886046875 0.2294921875 0.30038437500000004 0.2099609375 0.34161406250000004 0.1904296875 0.34161406250000004 0.1708984375 0.37989843749999996 0.1396484375 0.376953125 0.12890625 0.40787500000000004 0.1494140625 0.42996249999999997 0.3408203125 0.424071875 0.3662109375 0.468246875 0.40625 0.475609375 0.4140625 0.6434703125000001 0.3916015625 0.6920625 0.333984375 0.73181875 0.3251953125 0.7951359375 0.2998046875 0.7774656249999999 0.279296875 0.8319468750000001 0.3193359375 0.8893734375 0.3369140625 0.8864281249999999 0.37890625 0.9144062500000001 0.4091796875 0.87759375 0.4404296875 0.8952640625000001 0.4697265625 0.8893734375 0.4697265625 0.8422546875
9 0.693359375 0.3637015625 0.701171875 0.3519203125 0.703125 0.3342515625 0.6865234375 0.3180546875 0.6611328125 0.3180546875 0.6240234375 0.3033296875 0.5966796875 0.22970625 0.5673828125 0.24443125000000002 0.5556640625 0.238540625 0.556640625 0.2576828125 0.5478515625 0.276825 0.5361328125 0.276825 0.5244140625 0.25915468750000004 0.4853515625 0.26504531249999996 0.474609375 0.30185625 0.474609375 0.369590625 0.482421875 0.3813703125 0.478515625 0.399040625 0.484375 0.399040625 0.4853515625 0.3857875 0.4990234375 0.3946234375 0.5126953125 0.424071875 0.568359375 0.4226 0.6162109375 0.4122921875 0.7001953125 0.4122921875 0.703125 0.40492968749999997 0.693359375 0.3637015625
9 0.8603515625 0.4800265625 0.8544921875 0.47708125 0.853515625 0.4726640625 0.8466796875 0.4653015625 0.8349609375 0.45941093750000006 0.82421875 0.460884375 0.82421875 0.46971875 0.8291015625 0.4741359375 0.83203125 0.4814984375 0.826171875 0.4903328125 0.818359375 0.5109484375 0.8212890625 0.515365625 0.8330078125 0.5271453125 0.8505859375 0.5242 0.8583984375 0.515365625 0.8623046875 0.515365625 0.8720703125 0.5330359375 0.876953125 0.5315624999999999 0.876953125 0.522728125 0.865234375 0.5021140625 0.86328125 0.48444374999999995 0.8603515625 0.4800265625