9 1 0.4127133578125 0.97382356875 0.31435612812499997 0.9723730145833334 0.313874190625 0.9575616041666667 0.31783261406249996 0.9442650208333333 0.292713465625 0.871707375 0.26351590625 0.7823139208333333 0.27538648125 0.6898670854166667 0.3055850578125 0.6474494583333333 0.27537261874999996 0.54322883125 0.2613314859375 0.5340403770833333 0.2764909375 0.48756666458333336 0.30058671875 0.46663798333333334 0.331244471875 0.41044810416666666 0.3387059375 0.4114952229166667 0.38237843125 0.38336400416666666 0.3213924765625 0.35474186041666667 0.2933313609375 0.29954993958333337 0.25983618750000004 0.21422545625 0.237310990625 0.13912908958333334 0.2333437390625 0.06454958958333333 0.24125555312500002 0.008101472916666666 0.26105421406249996 0.016535 0.53280825 0.11369273125 0.8978757921874999 0.15583386875 0.8922798609375 0.20997103958333332 0.8671684328125 0.21508458958333332 0.8764454890625 0.21865738125 0.8699962171875001 0.26362440625 0.889914034375 0.9511814166666667 0.8006048046875 0.9695681541666666 0.7901967703125 1 0.7944326140625 1 0.4127133578125
19 0.3170321291666667 0.46462274375 0.26750469791666664 0.512023621875 0.18634581249999999 0.63432119375 0.16392299166666666 0.7338820859374999 0.18643905416666667 0.8035801328125001 0.25288213541666665 0.8644556968750001 0.26157712083333334 0.882221421875 0.49042375 0.8578056875 0.52464630625 0.8472884078125 0.547624475 0.8293000265625 0.5685477333333334 0.788684925 0.6088455145833334 0.6817713765625 0.5888658020833333 0.57688725 0.56532855625 0.5083206125 0.5367009875 0.47030214687500005 0.47742687291666663 0.441332278125 0.43348916458333336 0.435219075 0.35635535 0.44347007656250004 0.3170321291666667 0.46462274375
19 1 0.412713359375 0.9947946645833333 0.393154453125 0.96372515625 0.3807398515625 0.84367210625 0.37676756562499997 0.7246558354166667 0.396554990625 0.6551873374999999 0.4137442 0.6276097729166668 0.42935591406249995 0.5770659020833333 0.48286462343750003 0.5760654 0.5238216 0.6041966187500001 0.5848075546875 0.6721580895833333 0.6166090390625001 0.7436816666666667 0.6270255640625 0.7789276083333333 0.620353634375 0.8223508208333333 0.62454354375 0.8177593937500001 0.6321238874999999 0.8279768291666667 0.6357461484375 0.8652700541666667 0.63676683125 1 0.6278551796875 1 0.412713359375
19 0.15468571041666665 0.6594353078124999 0.23738264166666667 0.5478853921875 0.21796149583333332 0.5295543671875 0.05446692291666667 0.491522378125 0.014707164583333333 0.4739097859375 0.015043116666666667 0.48473519062500003 0.020244708333333337 0.49706255937500005 0.016062783333333334 0.5175920203125 0.016535 0.532808246875 0.05200855833333333 0.66609918125 0.07908773958333333 0.6734572078125 0.15468571041666665 0.6594353078124999
19 0.43552611041666667 0.42299890468749995 0.43757390416666664 0.4306934328125 0.48764159375 0.4399758625 0.5658225354166666 0.4753973546875 0.5934001020833333 0.4597856375 0.6367977166666667 0.414194546875 0.7282260791666667 0.39010605625 0.7481330666666667 0.360577796875 0.74301409375 0.34134339062499996 0.6878274291666667 0.3128265546875 0.6735096604166666 0.2888388140625 0.650515725 0.2769570640625 0.5478255145833334 0.2587294765625 0.5391490124999999 0.2758125609375 0.4845026041666667 0.3039790328125 0.43552611041666667 0.42299890468749995
20 0.6226431979166667 0.688899459375 0.7156202916666667 0.6904943078125 0.72989144375 0.6298525781250001 0.6839081479166667 0.6210216046875 0.6215857354166666 0.6253141828125 0.6098433062499999 0.6358357265625 0.6108748333333334 0.6546170984375 0.6226431979166667 0.688899459375
10 0.9427812208333334 0.3815293890625 0.99273651875 0.3854210328125 0.9754419916666667 0.3204373109375 0.9585855020833333 0.3216798796875 0.9396890145833333 0.335141040625 0.9243836270833333 0.3720227234375 0.9427812208333334 0.3815293890625
19 1 0.6714775640624999 0.98024820625 0.70613451875 0.9588004583333334 0.719936446875 0.8346652145833333 0.7204894640624999 0.7442527791666667 0.7384682078125 0.6788646125 0.741178259375 0.6655885395833334 0.7509056640625 0.6701933604166667 0.7632396781249999 0.7356049229166667 0.8053338703125 0.7749464520833332 0.8140509984375001 0.80304139375 0.8103202656249999 0.8479846833333333 0.7904109375 0.8960050895833334 0.7920007546875001 0.9511710729166667 0.780692021875 0.986406675 0.7541073093749999 1 0.7497379 1 0.6714775640624999
19 0.7501754354166666 0.358314975 0.7384406354166667 0.383770628125 0.7517268791666667 0.38897699218750004 0.8222162187500001 0.3756334703125 0.9126384854166666 0.37756559218749997 0.9539806791666667 0.30934586406250003 0.9335330916666666 0.2871679109375 0.8609807020833333 0.2629486890625 0.7848682354166667 0.27504729375000003 0.6924214020833334 0.3052458703125 0.6934480125 0.314071809375 0.7460803604166667 0.3429278328125 0.7501754354166666 0.358314975
10 0.21435514375 0.47626562968749997 0.25367276666666666 0.44017660000000003 0.25058327708333333 0.39876692812500003 0.23678050833333333 0.3767043984375 0.20305684999999998 0.3642538515625 0.18263299791666665 0.38190304375 0.17140980416666668 0.414259425 0.21435514375 0.47626562968749997
19 0.11701225833333333 0.895443378125 0.14510719791666665 0.8917126453125 0.22988837083333333 0.8575529578125 0.21149112083333332 0.843069196875 0.17777831041666667 0.8505333484375001 0.19410979791666666 0.8224756890625 0.18337278541666666 0.8019956890625 0.13637373333333333 0.8042534765625 0.17007348749999998 0.771897865625 0.15881706874999998 0.7395391359375 0.16797416041666666 0.669618434375 0.11791138541666667 0.6702914375 0.06785403541666667 0.6809217921874999 0.0533360125 0.67108705625 0.11303933333333333 0.8954206656249999 0.11701225833333333 0.895443378125