20 0.6060328125 0.180375 0.591940625 0.118646875 0.568125 0.103721875 0.46016250000000003 0.1639140625 0.4406078125 0.1882796875 0.463790625 0.290715625 0.47631875 0.2949265625 0.588078125 0.2374359375 0.6060328125 0.180375
9 0.96733125 1 0.9756765625 0.7951328125 0.9087546874999999 0.4473890625 0.9004453124999999 0.3635875 0.837534375 0.013325 0.5955890625 0.005078125 0.5833453125 0.0178578125 0.566309375 0.004396875 0.44322343750000004 0.00414375 0.435096875 0.011792187499999999 0.420328125 0.0024453125 0.37848281250000004 0.0022015625 0.299590625 0.00471875 0.3060546875 0.0858640625 0.29782031249999996 0.09612343749999999 0.29005000000000003 0.142971875 0.33232343750000004 0.184453125 0.34918125 0.17831406249999998 0.338609375 0.2459984375 0.349653125 0.358603125 0.36175625 0.3732546875 0.39689375 0.374071875 0.40597656249999997 0.34293125 0.4175484375 0.37063437499999996 0.41620156250000007 0.37974687500000004 0.38475625 0.384240625 0.330634375 0.4417671875 0.3165828125 0.4989203125 0.326628125 0.5161359375 0.36677031250000003 0.537971875 0.397296875 0.6040015624999999 0.4129125 0.604365625 0.42547499999999994 0.58375625 0.4360515625 0.5879218749999999 0.378665625 0.6296953125 0.3687640625 0.6568984375 0.4133796875 0.7128046875 0.43567343750000004 0.7890921875 0.41544218749999995 0.7820890625 0.4021703125 0.79615 0.4245015625 0.9194687500000001 0.428196875 0.9966296874999999 0.463359375 1 0.5295015624999999 1 0.572859375 0.994771875 0.5774343749999999 1 0.96733125 1
19 0.96733125 1 0.9755703125 0.79774375 0.9189796875 0.4842046875 0.9074078125 0.4565015625 0.8830984374999999 0.5016578125 0.8492421875 0.5413671875 0.8022515625000001 0.5677078125 0.8174812499999999 0.6255421875 0.8321109375000001 0.7460671875 0.78395625 0.8729703125 0.798084375 0.9098765625 0.79574375 0.9673031249999999 0.8288984375 1 0.96733125 1
19 0.8968609375 0.355665625 0.8412421875 0.3060359375 0.799965625 0.2880921875 0.8178140624999999 0.233640625 0.7615203125 0.1526421875 0.6864546875 0.1247671875 0.6604390625 0.1398375 0.598190625 0.2050125 0.5951765625000001 0.23107031249999999 0.6419953125 0.32883125 0.6449421875 0.35241406249999996 0.6712796875 0.4013625 0.6916156250000001 0.4057546875 0.6867546875 0.42915625 0.69669375 0.4489828125 0.7211140625 0.473065625 0.762390625 0.49100937499999997 0.76438125 0.5380859375 0.772475 0.55525625 0.7974249999999999 0.5662890625 0.8432796874999999 0.5438421875 0.8771359375 0.5041328125 0.9080453125 0.440840625 0.8968609375 0.355665625
19 0.3705671875 0.5406734375 0.3997421875 0.543965625 0.410603125 0.5651203125 0.4502140625 0.6000078125 0.5105906250000001 0.700696875 0.5623390625 0.7254171875 0.5727375 0.7099828125000001 0.5864015625000001 0.7102999999999999 0.6057390625 0.6193046875 0.5780531250000001 0.5794703125 0.49819375 0.52535625 0.42216250000000005 0.37727343750000003 0.382590625 0.389415625 0.32847031250000003 0.44694218750000003 0.3189609375 0.48852343749999994 0.3229359375 0.510825 0.3705671875 0.5406734375
20 0.46406562500000004 0.7636265625 0.43080468749999995 0.6687937500000001 0.46515781250000005 0.640853125 0.454721875 0.6092578125 0.43882031250000003 0.5919046875 0.418875 0.601890625 0.394246875 0.654878125 0.440678125 0.8101109375 0.4509359375 0.82210625 0.5050234375 0.7894 0.4760625 0.7808875 0.46406562500000004 0.7636265625
18 0.477903125 0.71169375 0.491746875 0.7316109375 0.5420734375 0.743234375 0.5475765625 0.776021875 0.5919078125 0.8149374999999999 0.6456046875 0.767853125 0.6672859375 0.6912812500000001 0.6411265625 0.6619328125 0.612378125 0.6482 0.5989984374999999 0.664871875 0.5892765625 0.7116734375 0.5706781249999999 0.7125468749999999 0.564290625 0.7254625 0.5086390625 0.7006515624999999 0.4919203125 0.6793609375 0.477903125 0.71169375
18 0.7561328125 1 0.7563500000000001 0.9990453125000001 0.7226296875 0.9394734375 0.7076484375 0.8515984375000001 0.6594171875 0.8844406250000001 0.6206265625 0.9253406249999999 0.553440625 0.9198578124999999 0.5803671875 1 0.7561328125 1
19 0.6856234375 0.5048984375 0.6676 0.6116015625 0.634203125 0.6160484375 0.640521875 0.652775 0.6951828124999999 0.725896875 0.7460421875 0.72446875 0.774540625 0.6963921875 0.8173796875000001 0.7000015625 0.8202875000000001 0.6765546875 0.8155296875 0.625496875 0.8017203125 0.5807578125 0.7722609375 0.5604765625 0.7623234375 0.5406500000000001 0.7604390624999999 0.49096406249999996 0.6961625 0.462034375 0.6824640625 0.48653593749999996 0.6856234375 0.5048984375
18 0.51236875 0.75299375 0.489475 0.739396875 0.458953125 0.7452171875 0.47801406249999995 0.7809328125 0.503496875 0.7789140625 0.50995625 0.788209375 0.5277765624999999 0.8304281250000001 0.5343796875 0.8841421875 0.5494984374999999 0.8727375 0.556346875 0.8245609375 0.5470453125 0.789071875 0.51236875 0.75299375
18 0.6856234375 0.5048984375 0.6676 0.6116015625 0.634203125 0.6160484375 0.640521875 0.652775 0.7028859375 0.7286890625 0.7520046875 0.72199375 0.774540625 0.6963921875 0.8154265625000001 0.69995625 0.8202875000000001 0.6765546875 0.8155296875 0.625496875 0.8017203125 0.5807578125 0.7722609375 0.5604765625 0.7623234375 0.5406500000000001 0.7604390624999999 0.49096406249999996 0.69626875 0.45942343750000003 0.6824640625 0.48653593749999996 0.6856234375 0.5048984375
19 0.3541609375 0.3678515625 0.3753140625 0.3761828125 0.39813437500000004 0.36756875 0.40480312500000004 0.29979374999999997 0.41573281250000005 0.2713078125 0.45487968749999996 0.26960625 0.43908125 0.17779375 0.560315625 0.10354062500000001 0.5818187499999999 0.007370312499999999 0.29969687500000003 0.0021078125 0.3081125 0.0832984375 0.29544375 0.10651875 0.291896875 0.1456265625 0.334275 0.1844984375 0.34907499999999997 0.1809234375 0.339496875 0.2721453125 0.3541609375 0.3678515625
19 0.638090625 0.3287390625 0.593828125 0.2401828125 0.5654359375 0.2656484375 0.5260765625 0.27257031249999997 0.48607812499999997 0.2951546875 0.46645156249999997 0.297309375 0.455696875 0.27354531249999997 0.43433124999999995 0.270434375 0.42240625 0.2753828125 0.4086015625 0.3024953125 0.4090640625 0.339084375 0.49553281250000003 0.5187625 0.515125 0.5414265625 0.5913984375 0.5876187500000001 0.6284875000000001 0.5884828125 0.653684375 0.5694734375 0.656025 0.5120484375000001 0.6232984375 0.4760140625 0.5967875 0.479315625 0.6741203125 0.42755625 0.67855625 0.41459531250000003 0.6428828125 0.35497812500000003 0.638090625 0.3287390625
20 0.8292875000000001 1 0.7903140625 0.9567249999999999 0.79634375 0.9046109375 0.7799453125 0.8754890625 0.8037578125 0.8185640624999999 0.7471140625 0.842065625 0.7459109374999999 0.8955984375 0.7238 0.9107609374999999 0.732071875 0.9475312499999999 0.7437843749999999 0.9478031250000001 0.7369718749999999 0.9537437499999999 0.7532234375 0.94414375 0.76549375 1 0.8292875000000001 1
18 0.7437453125 0.9007734375 0.7461578125 0.8655578125 0.7392000000000001 0.84449375 0.7144265625 0.8530625000000001 0.7229828125 0.906821875 0.7437453125 0.9007734375
18 0.5609984375 0.8782296875 0.5819359375000001 0.81993125 0.568378125 0.8170031249999999 0.5610671875000001 0.8285890625000001 0.5480453125 0.8844609374999999 0.5609984375 0.8782296875
18 0.6879062499999999 0.7126640625 0.6643046874999999 0.69251875 0.6465265625 0.7691796875 0.687553125 0.7453140625 0.6879062499999999 0.7126640625