9 1 0.552178125 0.9345703125 0.562484375 0.9208984375 0.5477593749999999 0.8359375 0.584571875 0.888671875 0.3872609375 0.87109375 0.322471875 0.87109375 0.275353125 0.912109375 0.10749062499999999 0.8857421875 0.085403125 0.85546875 0.0868765625 0.810546875 0.2812421875 0.7578125 0.3195265625 0.7314453125 0.4446875 0.71484375 0.431434375 0.685546875 0.3342515625 0.6298828125 0.253265625 0.6025390625 0.238540625 0.56640625 0.2871328125 0.5439453125 0.37400781250000004 0.5146484375 0.33866874999999996 0.4814453125 0.33866874999999996 0.4482421875 0.285659375 0.3876953125 0.26799062500000004 0.3251953125 0.27387968749999997 0.30078125 0.2959671875 0.2626953125 0.37400781250000004 0.1904296875 0.40051249999999994 0.1279296875 0.4741359375 0.1044921875 0.45057656250000006 0.0849609375 0.45057656250000006 0.0341796875 0.5330359375 0.0205078125 0.509475 0 0.5168375000000001 0 0.7112046875 0.0810546875 0.7745203125 0.2333984375 0.821640625 0.3017578125 0.824584375 0.3720703125 0.8599249999999999 0.5458984375 0.86286875 0.6650390625 0.8805390624999999 0.6728515625 0.8952640625000001 0.796875 0.8967359374999999 1 0.8643421874999999 1 0.552178125
10 0.7138671875 0.438796875 0.6650390625 0.4211265625 0.6435546875 0.4211265625 0.6162109375 0.4446875 0.5205078125 0.438796875 0.515625 0.44615937499999997 0.5166015625 0.49180624999999994 0.5947265625 0.5124203125 0.6533203125 0.55365 0.712890625 0.555121875 0.724609375 0.5462875 0.732421875 0.49916875000000005 0.73046875 0.4638296875 0.7138671875 0.438796875
10 0.580078125 0.631690625 0.580078125 0.5669015625 0.576171875 0.5462875 0.5595703125 0.5183109375 0.5380859375 0.5006406250000001 0.5185546875 0.4976953125 0.4931640625 0.50653125 0.482421875 0.540396875 0.4677734375 0.55365 0.462890625 0.5669015625 0.458984375 0.661140625 0.453125 0.6876453125 0.443359375 0.7023703125 0.439453125 0.7347640625 0.4541015625 0.7656859375 0.4716796875 0.78335625 0.478515625 0.7818828124999999 0.5087890625 0.745071875 0.5439453125 0.7185671874999999 0.5478515625 0.7215125 0.580078125 0.631690625
10 0.46484375 0.4019859375 0.4677734375 0.4329078125 0.4833984375 0.4270171875 0.5029296875 0.44174218749999994 0.5380859375 0.4358515625 0.54296875 0.378425 0.5341796875 0.36517343750000003 0.5283203125 0.376953125 0.4814453125 0.37400781250000004 0.4775390625 0.39756718750000003 0.4677734375 0.37989843749999996 0.4560546875 0.37989843749999996 0.4443359375 0.36811875 0.3017578125 0.34161406250000004 0.2919921875 0.34161406250000004 0.28125 0.36075625 0.2822265625 0.391678125 0.3486328125 0.41523750000000004 0.400390625 0.44321406249999995 0.4130859375 0.4270171875 0.4443359375 0.41523750000000004 0.4541015625 0.391678125 0.46484375 0.4019859375
10 0.4091796875 0.45646718750000004 0.3701171875 0.424071875 0.2880859375 0.3946234375 0.2548828125 0.41523750000000004 0.2236328125 0.40051249999999994 0.1943359375 0.40051249999999994 0.181640625 0.4196546875 0.1875 0.460884375 0.2021484375 0.4653015625 0.2099609375 0.49180624999999994 0.2158203125 0.49180624999999994 0.2236328125 0.4741359375 0.2470703125 0.47119218749999997 0.2685546875 0.4888609375 0.2958984375 0.48591562499999996 0.3251953125 0.4947515625 0.345703125 0.5168375000000001 0.3544921875 0.5418703125000001 0.4267578125 0.5713203124999999 0.44140625 0.569846875 0.455078125 0.5492328125 0.458984375 0.4726640625 0.4541015625 0.468246875 0.4091796875 0.45646718750000004
10 0.3935546875 0.76863125 0.3564453125 0.7597968749999999 0.345703125 0.737709375 0.3212890625 0.7038421875 0.3056640625 0.7097328125 0.29296875 0.7288734375 0.29296875 0.7406546875 0.2958984375 0.7421265625 0.2978515625 0.7362359374999999 0.30078125 0.7435984375 0.30078125 0.7642140625 0.3076171875 0.76863125 0.3115234375 0.762740625 0.30859375 0.7730484375 0.3203125 0.7789390625 0.30859375 0.799553125 0.3046875 0.8201671875000001 0.306640625 0.8290031250000001 0.3193359375 0.8452 0.3447265625 0.8452 0.3701171875 0.8599249999999999 0.423828125 0.861396875 0.427734375 0.8584515625 0.427734375 0.8525625 0.404296875 0.7877734375000001 0.3935546875 0.76863125
13 0.283203125 0.7730484375 0.2685546875 0.7509609375 0.2568359375 0.7480156250000001 0.2509765625 0.73918125 0.2333984375 0.7303468750000001 0.1943359375 0.7274015625 0.1669921875 0.7332921875 0.1533203125 0.745071875 0.1328125 0.7818828124999999 0.1337890625 0.7892453125000001 0.1474609375 0.7951359375 0.2529296875 0.824584375 0.275390625 0.8260578125 0.2900390625 0.824584375 0.29296875 0.8201671875000001 0.29296875 0.8054421875 0.283203125 0.7730484375
13 0.271484375 0.5021140625 0.2587890625 0.48591562499999996 0.2470703125 0.47708125 0.2294921875 0.47708125 0.2216796875 0.48297187499999994 0.212890625 0.49622343750000003 0.20703125 0.51389375 0.205078125 0.5433421875 0.2158203125 0.562484375 0.2275390625 0.5713203124999999 0.2421875 0.569846875 0.2509765625 0.568375 0.2734375 0.5492328125 0.2734375 0.5109484375 0.271484375 0.5021140625
10 0.9541015625 0.562484375 0.9365234375 0.5654296875 0.9306640625 0.562484375 0.9228515625 0.5477593749999999 0.9072265625 0.5654296875 0.8349609375 0.5889890624999999 0.8203125 0.6051859375 0.8203125 0.631690625 0.8251953125 0.653778125 0.8486328125 0.6567234375 0.8701171875 0.6508328125 0.8896484375 0.6626125 0.8994140625 0.6743921875 0.90625 0.6729203125 0.912109375 0.6640859375 0.923828125 0.6199109375 0.953125 0.5757375 0.9541015625 0.562484375
10 0.466796875 0.79071875 0.4326171875 0.7332921875 0.4130859375 0.7303468750000001 0.4052734375 0.7362359374999999 0.39453125 0.755378125 0.40234375 0.7730484375 0.40234375 0.7789390625 0.419921875 0.8319468750000001 0.4365234375 0.8510890625 0.45703125 0.8525625 0.46484375 0.8319468750000001 0.46484375 0.8231125 0.470703125 0.8024984375 0.466796875 0.79071875
18 0.4296875 0.722984375 0.4033203125 0.686171875 0.3955078125 0.686171875 0.3935546875 0.6891171875000001 0.3818359375 0.6920625 0.375 0.708259375 0.376953125 0.722984375 0.38671875 0.752434375 0.392578125 0.752434375 0.3974609375 0.7421265625 0.4111328125 0.7303468750000001 0.4296875 0.7288734375 0.4296875 0.722984375
10 0.86328125 0.49327812499999996 0.873046875 0.4255453125 0.88671875 0.3960953125 0.88671875 0.36075625 0.87109375 0.33130625 0.869140625 0.2900765625 0.873046875 0.24001250000000002 0.8984375 0.16344375 0.8935546875 0.1560828125 0.8681640625 0.1590265625 0.8505859375 0.14135781249999999 0.81640625 0.24590312499999997 0.80859375 0.30185625 0.7666015625 0.3121640625 0.74609375 0.378425 0.734375 0.44321406249999995 0.736328125 0.49327812499999996 0.7265625 0.552178125 0.712890625 0.584571875 0.736328125 0.6140218749999999 0.7431640625 0.65966875 0.763671875 0.6581953125 0.818359375 0.6405265625000001 0.818359375 0.6051859375 0.83203125 0.5875171875 0.86328125 0.49327812499999996
18 0.68359375 0.33130625 0.6650390625 0.31510937499999997 0.6220703125 0.24443125000000002 0.6005859375 0.24148593749999997 0.5888671875 0.24737499999999998 0.5703125 0.278296875 0.564453125 0.3136375 0.548828125 0.337196875 0.54296875 0.41670937500000005 0.544921875 0.43732499999999996 0.5537109375 0.44174218749999994 0.6171875 0.44026875 0.6513671875 0.41523750000000004 0.7119140625 0.438796875 0.71484375 0.4196546875 0.68359375 0.33130625
18 0.912109375 0.10454531250000001 0.9072265625 0.09718281250000001 0.9013671875 0.09718281250000001 0.8935546875 0.09129374999999999 0.8720703125 0.0883484375 0.8701171875 0.085403125 0.8583984375 0.0883484375 0.853515625 0.1016 0.849609375 0.13694062499999998 0.8564453125 0.144303125 0.8740234375 0.15019218750000002 0.8759765625 0.15313749999999998 0.8837890625 0.15313749999999998 0.8857421875 0.1560828125 0.8984375 0.154609375 0.90234375 0.1487203125 0.904296875 0.13694062499999998 0.912109375 0.1192703125 0.912109375 0.10454531250000001
29 1 0.552178125 0.9912109375 0.544815625 0.9814453125 0.5565953125 0.9619140625 0.5595390625000001 0.92578125 0.62285625 0.921875 0.6434703125000001 0.9365234375 0.6361078124999999 0.9638671875 0.653778125 0.97265625 0.6670296875 0.974609375 0.6788093749999999 0.95703125 0.7112046875 0.9560546875 0.7215125 0.994140625 0.7200390624999999 1 0.71709375 1 0.552178125
31 0.71875 0.8260578125 0.71875 0.8172218750000001 0.701171875 0.79071875 0.6953125 0.7583234375 0.6845703125 0.73918125 0.6650390625 0.72445625 0.6513671875 0.72445625 0.6484375 0.7288734375 0.646484375 0.7494890625 0.640625 0.7583234375 0.638671875 0.7936625 0.650390625 0.8319468750000001 0.65234375 0.8731765625 0.6552734375 0.87759375 0.662109375 0.8761218749999999 0.662109375 0.8643421874999999 0.6650390625 0.8599249999999999 0.6962890625 0.8569796875 0.71875 0.8260578125
23 0.65234375 0.77599375 0.6484375 0.7642140625 0.6484375 0.7288734375 0.64453125 0.71709375 0.6220703125 0.6920625 0.5986328125 0.686171875 0.5634765625 0.7097328125 0.556640625 0.7200390624999999 0.552734375 0.7494890625 0.546875 0.7583234375 0.54296875 0.77599375 0.54296875 0.8024984375 0.537109375 0.8172218750000001 0.537109375 0.8496171875 0.5458984375 0.86286875 0.5810546875 0.86286875 0.5908203125 0.8717046875 0.60546875 0.8761218749999999 0.6142578125 0.8717046875 0.6455078125 0.8746484375 0.650390625 0.87023125 0.65234375 0.77599375
13 0.53515625 0.8378375 0.537109375 0.8348921875 0.537109375 0.8172218750000001 0.541015625 0.8054421875 0.54296875 0.7671578125 0.548828125 0.7494890625 0.5478515625 0.7303468750000001 0.5244140625 0.7332921875 0.5126953125 0.7421265625 0.4990234375 0.762740625 0.4873046875 0.7745203125 0.474609375 0.7936625 0.4609375 0.8437265625 0.4609375 0.8525625 0.4638671875 0.8569796875 0.5234375 0.861396875 0.5341796875 0.8599249999999999 0.537109375 0.85550625 0.53515625 0.8525625 0.53515625 0.8378375