9 0.9604499437499999 0.1929914546875 0.9685144296875 0.17882168125 0.9490588015625001 0.171019746875 0.9469405468750001 0.18683778125 0.9240569828125 0.16940064531250001 0.9190195453125 0.1284408546875 0.8950258218749999 0.1179344125 0.89109578125 0.0985114734375 0.851678534375 0.1015826828125 0.8219403671875 0.0648783109375 0.8205010984375001 0.019902967187500002 0.7831127625 0.017266990625 0.7831306796875 0.022765034375 0.7763155375 0.016788306250000003 0.5751425875 0.0026063781250000003 0.0321794921875 0.032090409375000004 0.00185251875 0.46720428125 0.010497145312500001 0.47502604374999996 0.0026312609375000002 0.5500441984375 0.0216837375 0.5500149671875 0.026623428124999998 0.560550603125 0.0264190234375 0.6135662546875 0.01563331875 0.603342096875 0.0059553 0.6146516609375 0.02791775 0.9560620265625 0.1345763578125 0.92095718125 0.18861252343749998 0.8886444625 0.2265181578125 0.8846712531250001 0.22732397031249998 0.87186753125 0.260390275 0.859316859375 0.31009126875000004 0.8566805078125 0.427941209375 0.8111665703125001 0.5123204828125 0.7988397171875 0.630168865625 0.7533257421874999 0.63500925625 0.7334371890625 0.661823921875 0.7418312453125 0.832398078125 0.695484953125 0.9041773875000001 0.6661573859375001 0.9576082625 0.62209555625 0.9667817015625 0.6294626703125 0.9734943406250001 0.626554290625 0.9870014359375 0.48115961875 0.98473470625 0.43710051875 0.988717265625 0.43512500625 0.988783859375 0.43531539375 0.9898358359375001 0.3901181875 0.9893687890624999 0.3810400328125 0.8706183281250001 0.38425698124999996 0.9885808562499999 0.3657338796875 0.9882436578125 0.3591736609375 0.988187596875 0.3580816015625 0.9872878328124999 0.3405882 0.9869504875 0.33402954687499997 0.986894571875 0.332935921875 0.9780411015625001 0.322443521875 0.98147668125 0.3255500796875 0.9840531875 0.3160803921875 0.981110146875 0.30968646718750004 0.9777873171874999 0.21661142187500002 0.9604499437499999 0.1929914546875
20 0.2156075890625 0.3022507109375 0.237080965625 0.2922780015625 0.3867847109375 0.2961163828125 0.3890033296875 0.28225652343749996 0.312588034375 0.27845699218750003 0.12478005156250001 0.21774343906250002 0.060966421874999996 0.23094309375000002 0.016431225 0.2580321234375 0.0088449421875 0.36688884375 0.01902125 0.41279883906250003 0.0389819515625 0.4303901484375 0.074264259375 0.43244559843749997 0.1950387609375 0.38677595781249996 0.2386909625 0.352068646875 0.2156075890625 0.3022507109375
20 0.45592638125 0 0.3615943390625 0.005920796875 0.3083585328125 0.16776144531249998 0.36017395625000004 0.2062406203125 0.41702731093749995 0.3141456421875 0.507458209375 0.2200240796875 0.5423410421875 0.1573163640625 0.5327644484375 0.142118084375 0.550204803125 0.1392302453125 0.5589778515625 0.11029865000000001 0.46275900312499996 0 0.45592638125 0
19 0.596958296875 0.7060714703125 0.6465561625 0.7299444890625 0.6989777359375 0.7232375796875 0.8979812953125 0.659677971875 0.950403784375 0.6245066078125 0.950404990625 0.5960390265625 0.9281289859375 0.53341740625 0.899297490625 0.5143335375 0.851514028125 0.4972355109375 0.7458645765624999 0.4949869984375 0.6913248953125 0.517510378125 0.628214446875 0.5728817375 0.6213578656250001 0.610544971875 0.593532340625 0.6395058 0.5782081171875 0.6835076390625 0.596958296875 0.7060714703125
19 0.5089468875 0.7902479546875 0.6181267593750001 0.7471578046875 0.6346604421875 0.7266494609375 0.5649011484375001 0.681268784375 0.4718518078125 0.696019425 0.4223520359375 0.731038178125 0.43162386093749994 0.7972939375 0.5089468875 0.7902479546875
19 0.5545181015625 0.6504097375 0.51681595625 0.629831746875 0.5263946734375 0.58809799375 0.47982173437500003 0.5660274453125 0.38989768125 0.5845387296875 0.33323868125 0.651346159375 0.3529958953125 0.6934886671875 0.41166698437499993 0.7227690640625 0.42537802343750003 0.70437463125 0.52689500625 0.683285384375 0.5545181015625 0.6504097375
19 0.426382934375 0.7808853453125 0.407734325 0.73181210625 0.32718932500000003 0.676207271875 0.309747909375 0.7075611281249999 0.2727489453125 0.7291548421875 0.26458027031250003 0.7983000046875001 0.24280459843750002 0.8308657734375 0.2716345375 0.8499496046875 0.29804760625000004 0.8505125343750001 0.4131754109375 0.809069115625 0.426382934375 0.7808853453125
19 0.7363904703124999 0.4248148578125 0.685985234375 0.41374552500000006 0.67025998125 0.392984165625 0.5917279875 0.4050027046875 0.573582328125 0.4226508765625 0.580938746875 0.4517089796875 0.618239440625 0.46445427656250005 0.6970725234375 0.45831025781249995 0.7363904703124999 0.4248148578125
19 0.841239415625 0.2975370046875 0.9791493578124999 0.30003856562500003 0.9781444468749999 0.223527853125 0.9192721390624999 0.16186505625 0.7614009265624999 0.19870425625000002 0.8069636484375 0.286594178125 0.841239415625 0.2975370046875
2 0.28375335156250003 0.3447711765625 0.24191767656250002 0.3293214453125 0.2361695546875 0.3600555125 0.20098654843750002 0.38842425468749997 0.102088721875 0.43195078750000004 0.064382184375 0.52523843125 0.1461398296875 0.5189387109375 0.19906598125 0.49355512343749997 0.28375335156250003 0.3447711765625
19 0.16639369531249998 0.7132006093750001 0.19109378593749998 0.6804807015625001 0.1802089234375 0.6398307875 0.217811765625 0.6299845875 0.21821598125000002 0.6093497359375 0.1440194515625 0.5916887796875 0.1081305015625 0.6063533640625 0.0869588546875 0.65066508125 0.0922989375 0.697499428125 0.1094355859375 0.7172030484375 0.15066723437500001 0.72090683125 0.16639369531249998 0.7132006093750001