9 0.663890625 0.7713453125 0.7748453125 0.72675625 0.7689828125 0.7192875 0.7839875000000001 0.7109046875 0.7886140625 0.66398125 0.7711375 0.5635749999999999 0.751390625 0.5144062500000001 0.6810734375 0.4737046875 0.572025 0.46964843749999996 0.5624609375 0.481471875 0.39745625 0.4890609375 0.3004125 0.533040625 0.29090625000000003 0.5514828125 0.3031078125 0.5770703125 0.2963203125 0.5972328124999999 0.33539375 0.6915421875 0.41920156249999996 0.72760625 0.443096875 0.719203125 0.44099374999999996 0.6990609375 0.4948171875 0.70958125 0.5159921875 0.6994578125 0.5506328125 0.7270046875 0.5440140625 0.7670265625 0.551278125 0.7575109375 0.557196875 0.7716000000000001 0.57655 0.77443125 0.663890625 0.7713453125
9 0.5842484375 0.984015625 0.5735265625 0.9643953125 0.44069062499999995 0.8907453125 0.4267796875 0.891353125 0.43468906250000006 0.9123453125 0.46371874999999996 0.91659375 0.4975734375 0.9427031250000001 0.5080546874999999 0.9862328125 0.5842484375 0.984015625
18 0.5770328124999999 0.967553125 0.5506109375 0.9517859375000001 0.5370640625 0.9498046875 0.545815625 0.978853125 0.574059375 0.9816625 0.5770328124999999 0.967553125
18 0.5370640625 0.9498046875 0.5117921875 0.9328843750000001 0.501021875 0.939240625 0.5020890625 0.9737765625 0.5088828125 0.9862093749999999 0.53876875 0.9853390624999999 0.5453953125 0.9748234374999999 0.5370640625 0.9498046875
23 0.5380874999999999 0.479228125 0.4897609375 0.4787671875 0.382815625 0.494853125 0.3690171875 0.5086999999999999 0.3235234375 0.5232 0.315475 0.5312781249999999 0.3152234375 0.5471078125 0.3207203125 0.55716875 0.3323328125 0.5588671875 0.3454015625 0.5502015625000001 0.3660734375 0.5717390625000001 0.3966734375 0.5788609375 0.44253125000000004 0.5617703125 0.466484375 0.5599859375 0.48572499999999996 0.5495796875 0.507378125 0.5501031249999999 0.5300671875 0.536234375 0.540725 0.5166375000000001 0.547034375 0.48582656249999995 0.5380874999999999 0.479228125
23 0.5168874999999999 0.622896875 0.502246875 0.6286875000000001 0.49324375 0.6154703125000001 0.49198125 0.6033859374999999 0.4818828125 0.597940625 0.4002921875 0.5952578125 0.3914578125 0.6018984374999999 0.3370171875 0.6098 0.3271453125 0.6308328125 0.33354062500000003 0.6555703125 0.33183125 0.6817656249999999 0.3551109375 0.6917828125 0.3809984375 0.69028125 0.3859625 0.683075 0.45092187499999997 0.684646875 0.4616921875 0.6782890625 0.47136875 0.6797046875 0.4770609375 0.667315625 0.49254375 0.66958125 0.5121484374999999 0.6565828125000001 0.52533125 0.66115625 0.5337453125 0.6504875 0.5343046874999999 0.6254453125 0.5168874999999999 0.622896875
31 0.4814890625 0.551603125 0.456078125 0.5637531250000001 0.44253125000000004 0.5617703125 0.42752656250000004 0.570153125 0.40477968750000004 0.577403125 0.3990296875 0.583171875 0.39830156250000004 0.5883546875000001 0.4006578125 0.5926671875 0.408034375 0.596390625 0.410334375 0.5940828125000001 0.44516875 0.5991796875000001 0.45944531250000004 0.5959796875000001 0.46597968749999996 0.591646875 0.492709375 0.5982031250000001 0.4991890625 0.5872499999999999 0.50476875 0.5616218749999999 0.50706875 0.5593140625 0.50235625 0.550690625 0.4814890625 0.551603125
18 0.333146875 0.6092328124999999 0.3525 0.612065625 0.36290625 0.6082984375 0.36865468749999997 0.602528125 0.3719359375 0.5792078125 0.36957968750000003 0.5748968750000001 0.3590625 0.5654234375 0.3490203125 0.5665984374999999 0.34745 0.563725 0.3389234375 0.5611546875 0.3323328125 0.5588671875 0.3227125 0.564071875 0.31917968750000003 0.603221875 0.3258828125 0.6187484375000001 0.333146875 0.6092328124999999
31 0.49711718749999995 0.7072734374999999 0.5063156249999999 0.698040625 0.5198625 0.7000234375 0.5338875 0.7126546874999999 0.547434375 0.7146359375 0.5753703125 0.7266578124999999 0.588384375 0.711371875 0.5928703125 0.6935171875 0.5934875 0.6750953125 0.59113125 0.670784375 0.5733484375 0.6708265625000001 0.5658593749999999 0.6538640625000001 0.5554546874999999 0.6576296875 0.5442078125 0.653340625 0.5406453124999999 0.6435625 0.5447671875 0.6282984375 0.5381765625 0.6260125000000001 0.5324265625 0.6317828125 0.530715625 0.6579765625 0.5273234375 0.668059375 0.52429375 0.6755484375 0.5116453125 0.68824375 0.505475 0.689984375 0.5030625 0.679053125 0.49919062500000005 0.6784875 0.4910859375 0.6799453125 0.4876359375 0.6834078124999999 0.48805624999999997 0.6874359375 0.48104531250000004 0.6811203124999999 0.48031562499999997 0.686303125 0.47487500000000005 0.6828624999999999 0.471059375 0.688915625 0.478128125 0.7018500000000001 0.48357031250000004 0.7052906250000001 0.49711718749999995 0.7072734374999999
23 0.6244203125000001 0.5394625 0.630140625 0.48476406250000004 0.627728125 0.4738328125 0.609525 0.469846875 0.572025 0.46964843749999996 0.5643390625 0.4751359375 0.5636109375 0.4803171875 0.5764015625 0.529790625 0.5745796875 0.542746875 0.57976875 0.56201875 0.5779453125 0.5749734375 0.5799937500000001 0.5884968749999999 0.601815625 0.6088796875 0.6035546875 0.6316125 0.6117171875 0.6367734375 0.6278718750000001 0.6272375 0.630059375 0.6116890625 0.625346875 0.6030671875 0.6264406250000001 0.59529375 0.6314046875 0.5880859375 0.6358921875 0.57023125 0.6244203125000001 0.5394625
23 0.558703125 0.4941453125 0.548353125 0.50453125 0.534303125 0.534209375 0.5093687499999999 0.5570062499999999 0.502946875 0.574578125 0.4993015625 0.6004890625 0.4943375 0.607696875 0.4948140625 0.6183453125 0.5006765625 0.6258140625 0.510353125 0.6272296875000001 0.5214875 0.61828125 0.52729375 0.61913125 0.5387921875 0.607590625 0.557303125 0.602365625 0.57068125 0.5844890625 0.5756734375 0.5349734374999999 0.5700062499999999 0.5050546875 0.56529375 0.49643125 0.558703125 0.4941453125
23 0.55191875 0.60554375 0.5492546875000001 0.6104437500000001 0.5425796875 0.6438453125 0.548078125 0.65390625 0.5596890625000001 0.6556046875 0.576153125 0.6368578125 0.5900640625 0.63625 0.599684375 0.6310453125000001 0.601871875 0.6154984375 0.599515625 0.6111875 0.5956453125000001 0.6106203125 0.5893625 0.5991234375000001 0.5839203125 0.5956828125 0.5784234374999999 0.585621875 0.575703125 0.5839015625 0.5592390625 0.6026484375 0.55191875 0.60554375
23 0.711365625 0.4900390625 0.6903859375 0.4777125 0.6760531249999999 0.47429375 0.6614125 0.480084375 0.6487640625 0.49277812499999996 0.6373765625 0.5175578125 0.6401546875 0.525896875 0.6391734375 0.546909375 0.646775 0.5771124999999999 0.6445875 0.592659375 0.6466359374999999 0.60618125 0.657575 0.6196828125 0.6682046875000001 0.6423953124999999 0.6720765625 0.6429609375 0.7011890625 0.6115203124999999 0.709546875 0.59423125 0.7100500000000001 0.5625703125 0.715378125 0.552771875 0.7201171875 0.5190859375 0.718434375 0.5029734375 0.711365625 0.4900390625
10 0.7612359375 0.53568125 0.7529609374999999 0.51728125 0.7400875 0.503496875 0.7226703125 0.5009484375000001 0.7150140625 0.5553625 0.7127140625 0.557671875 0.7108921875 0.5706265625 0.7117328125 0.578684375 0.71608125 0.5898984375 0.7166703125 0.6137859375 0.7237390625 0.6267203125 0.7365578125 0.6338843749999999 0.7388578125 0.6315765625 0.7442984375 0.6350171875 0.7465984375 0.632709375 0.7543390624999999 0.6338421875 0.7712234375 0.6191234375 0.7746171875 0.6090421874999999 0.773775 0.600984375 0.7665375 0.5681921875 0.76763125 0.56041875 0.7612359375 0.53568125
23 0.6682046875000001 0.6423953124999999 0.6624 0.6415453125 0.660771875 0.6320515624999999 0.6537046875 0.619115625 0.6474765625 0.6142390625 0.637015625 0.6113859374999999 0.6275078125 0.629828125 0.6175234374999999 0.6376234375000001 0.5981703125 0.634790625 0.5854640625 0.640865625 0.5800234375 0.637425 0.5757890625 0.63945 0.5696734375 0.6478109375 0.570628125 0.66910625 0.5810906250000001 0.6719593749999999 0.589925 0.66531875 0.6125328125 0.6871390625 0.62765 0.6919953125 0.6558375 0.6881859375 0.6595953125 0.6755140625 0.6773781249999999 0.675471875 0.6811921875 0.66941875 0.6810796875 0.6561781250000001 0.6682046875000001 0.6423953124999999
31 0.7697093749999999 0.6228687500000001 0.762809375 0.6297921875 0.7481687499999999 0.635584375 0.7307515625 0.633034375 0.7218046874999999 0.6264375 0.7123234375 0.6025703124999999 0.7076671875 0.6005671875 0.7034890625 0.6092125 0.681640625 0.6311375 0.6774046874999999 0.6331625 0.6650078125000001 0.6300265625 0.6617265625 0.653346875 0.6619515625 0.679825 0.665878125 0.6870109375 0.6875312499999999 0.687534375 0.69328125 0.6817656249999999 0.69316875 0.6685265625000001 0.700853125 0.6630390625 0.7085953125 0.664171875 0.72009375 0.65263125 0.749853125 0.6516968750000001 0.7796671875000001 0.6573828125000001 0.7795546875 0.64414375 0.7735796875000001 0.623434375 0.7697093749999999 0.6228687500000001
31 0.7582125 0.7256453125 0.7566421875 0.7227703125 0.7643265625 0.717284375 0.7805390625 0.7143671875 0.78278125 0.7054390625 0.7810984375000001 0.6893265625 0.7832859375 0.6737796875 0.781603125 0.657665625 0.7772546874999999 0.6464515625 0.7725984375 0.6444484375 0.761828125 0.6508046875 0.7405406250000001 0.647690625 0.7243296875 0.6506078125 0.71779375 0.6549406249999999 0.7139234375 0.6543734375 0.7047234375 0.6636062500000001 0.700853125 0.6630390625 0.6951031249999999 0.668809375 0.6918234375 0.6921296875 0.69339375 0.6950046875 0.691571875 0.707959375 0.6955546874999999 0.721765625 0.6998453125 0.7263609375 0.72076875 0.7320671875 0.7450859375000001 0.7276906249999999 0.751621875 0.7233578125 0.7566984375 0.729390625 0.7582125 0.7256453125
31 0.4095515625 0.68388125 0.3984171875 0.69283125 0.38329843750000003 0.6879734375 0.3786984375 0.692590625 0.37482812499999996 0.6920234375 0.3733140625 0.6957687499999999 0.39053593750000004 0.7207671875 0.419565625 0.7250156249999999 0.421865625 0.7227078125 0.427671875 0.72355625 0.4334203125 0.7177875 0.43633749999999993 0.6970578125 0.4324109375 0.6898718749999999 0.42775468749999995 0.6878671875 0.4172921875 0.6850140625 0.41499218750000005 0.6873218750000001 0.4095515625 0.68388125