9 0.6268397265625001 0.93049235 0.67186636875 0.93817281875 0.712391553125 0.894938875 0.7593437484375001 0.9001990453125 0.788404334375 0.87909325 0.8073937328125 0.832074309375 0.837505765625 0.8173600453125 0.827286778125 0.778775871875 0.8677528296875 0.7304725828125 0.8403221593750001 0.7238129078125 0.760128009375 0.717659771875 0.578813475 0.7113474921875 0.560400246875 0.7144984671875 0.4421880671875 0.721702134375 0.3683725046875 0.72022773125 0.34989359375 0.7177476609375 0.34028384375 0.7312597359375 0.3751961703125 0.7968311484374999 0.3938436234375 0.80424659375 0.40508452031250003 0.8466899625 0.46012323593750004 0.8752157890625 0.4859239921875 0.909640934375 0.528581640625 0.881725503125 0.5734900578125 0.8792704 0.6268397265625001 0.93049235
19 0.8790607265625001 0.44366215468750003 0.8575840921875001 0.4449480640625 0.8439870109375001 0.45175613906249995 0.82834613125 0.45084738125 0.8115946546874999 0.43847618437499997 0.8027818812499999 0.4366980609375 0.7998935515625 0.4403285078125 0.80255818125 0.501269578125 0.8127771890625001 0.5398553109375 0.8256775562499999 0.557067103125 0.8393337703125001 0.5553283718750001 0.8470655218750001 0.5481795125 0.8490501890625 0.5508270015625001 0.8624994515625 0.5313463390625001 0.9054231828124999 0.5262421875000001 0.9102370484375 0.5201898828125 0.9117191453125001 0.47975182812500006 0.908742146875 0.47578059531249994 0.8950563765625 0.47498543125000003 0.8790607265625001 0.44366215468750003
19 0.8407350499999999 0.17296393593749998 0.855176665625 0.15480857812499998 0.8646565765625001 0.13003138281249998 0.8639470578124999 0.06920390625 0.8568528875 0.047263553125 0.8381463203124999 0.034780323437499996 0.6924758328125 0.025048996875 0.672671475 0.0859506734375 0.6748630921875 0.1063400921875 0.6867120140625 0.1171603546875 0.6774094765625 0.15714403125 0.6716032609375 0.16187103125 0.6756908562499999 0.1773047 0.6700620328125 0.1972397421875 0.6723127796874999 0.22269850781249997 0.67925913125 0.231966275 0.6929744765625 0.2352968921875 0.7143919984375 0.22894319687500003 0.7454076749999999 0.20794943593749998 0.796210978125 0.2083690109375 0.8407350499999999 0.17296393593749998
19 0.7638018734375 0.2774025046875 0.7724964015625 0.2690434953125 0.793411353125 0.21960425625000002 0.7933226484375 0.21199945625 0.7473923609375 0.210598484375 0.730936521875 0.2235724609375 0.7310252109375 0.23117569843750002 0.7390821562500001 0.25190590468749996 0.754026321875 0.2768345296875 0.7638018734375 0.2774025046875
19 0.9863759640625 0.18015980781250002 0.9759796 0.12636915625 0.951289440625 0.10340645 0.8914368578125 0.080932928125 0.8679755390624999 0.0795697875 0.8666116859375 0.1301449765625 0.859057309375 0.152500315625 0.8011726625 0.214989290625 0.8033642796875 0.235378709375 0.8174934859375 0.2741900703125 0.84434570625 0.31500830625 0.8646526328125 0.2971921734375 0.8766956796875001 0.2409054640625 0.88355334375 0.24256999218750003 0.8986157718750001 0.2776373109375 0.92409133125 0.2841833921875 0.9610314703125 0.2685997625 0.9849234234375001 0.22313175625 0.9863759640625 0.18015980781250002
19 1 0.128685846875 0.987828503125 0.137187859375 0.9886858421875001 0.2106879203125 0.9849825531249999 0.2282011015625 0.9735179765625 0.2503308109375 0.9735770890625 0.255398596875 0.9835004578125 0.26863915625 0.9935716453125 0.2945523015625 1 0.30420466875 1 0.128685846875
19 0.4585849640625 0.15709242968749998 0.4444557546875 0.11828106875 0.44413056093750003 0.09040200468750001 0.436221434375 0.0823443859375 0.4306812984375 0.109882665625 0.4181652359375 0.1256177234375 0.40646414999999997 0.1274716078125 0.3977991796875 0.1383645109375 0.380646646875 0.1753599125 0.380824021875 0.190566390625 0.3928207453125 0.2140576796875 0.39912953125 0.2524162203125 0.41596967500000004 0.2723890953125 0.425745225 0.2729570703125 0.4393423078125 0.26614899375 0.45670178906250003 0.24689552343750001 0.48290362187499997 0.231955628125 0.4589692890625 0.19004084062499998 0.4585849640625 0.15709242968749998
19 0.66641789375 0.2198238296875 0.6657083734375 0.158996353125 0.6245623765625 0.149007621875 0.6059740546875 0.14666152500000001 0.5845269578125001 0.150479765625 0.552459815625 0.1650804375 0.5507412125 0.18524266875 0.5628561796875 0.2188710859375 0.5629744421875 0.2290097796875 0.5719350328125 0.2434604875 0.5798146046875 0.248984215625 0.589590153125 0.24955218750000002 0.605378834375 0.2631319734375 0.62682593125 0.25931373125 0.63359490625 0.2533750203125 0.6421711734375 0.23487731875 0.651917165625 0.23291140000000002 0.66641789375 0.2198238296875
19 0.5057145515625 0.1775606390625 0.49694808593750006 0.096002959375 0.48792838125 0.07648446406250001 0.47129515 0.0742504015625 0.44001339218749996 0.0724328828125 0.44010207812499996 0.080036121875 0.4480407796875 0.0906291953125 0.4525422578125 0.141545165625 0.4605696484375 0.159741478125 0.4589692890625 0.19004084062499998 0.462968196875 0.1978712703125 0.4858215078125 0.230859075 0.5133704234375001 0.2476558828125 0.54474086875 0.2570766390625 0.5641737250000001 0.24807545625 0.5608715125 0.2162235984375 0.5498079921875 0.188986709375 0.5243915625 0.18750997656249999 0.5057145515625 0.1775606390625
19 1 0.30811961875 0.9995847937500001 0.30756567343749996 0.9835300140625 0.2711730484375 0.9736066624999999 0.25793404999999997 0.955225271875 0.273328325 0.931882196875 0.2821023171875 0.915455934375 0.297611746875 0.9155446218750001 0.3052149859375 0.9234241937500001 0.31073871249999996 0.9264603234375001 0.319779290625 0.935243540625 0.3190235203125 0.9433004859375 0.339753725 0.9515643656250001 0.37822430156250003 0.9693377296874999 0.394453134375 0.9645534390625 0.4030408921875 0.9557997796875 0.40633055625000003 0.955014396875 0.42274874375 0.9726103859374999 0.4237710984375 0.986237025 0.4194969140625 0.997849421875 0.41003979218750003 1 0.407105940625 1 0.30811961875
18 0.931582634375 0.4239194984375 0.9134673234375 0.46212505000000004 0.9135560109374999 0.469728290625 0.9340994437499999 0.4721879828125 0.9498585671875001 0.4832338734375 0.9615596703125 0.48138154999999994 0.95994650625 0.4268335703125 0.931582634375 0.4239194984375
18 0.7962957203125 0.38313304062500003 0.8254154390625 0.3670965921875 0.843737696875 0.346632971875 0.8434420609375 0.3212878 0.8136423984375 0.2790322265625 0.8054376328125 0.24562943750000002 0.799483615625 0.2376854125 0.7926259515625 0.23602088437500002 0.784049684375 0.2545185859375 0.7599212265624999 0.27971076875 0.7521007875 0.2792563890625 0.744132528125 0.2661294234375 0.7363120890625 0.26567504375 0.7169088078125 0.2772116796875 0.69957888125 0.2989990453125 0.6850485796875 0.3095511625 0.685196396875 0.3222237484375 0.7000814515625 0.3420845890625 0.7157223312500001 0.342993346875 0.7454628624999999 0.38017957343750003 0.7787588624999999 0.3871800328125 0.7962957203125 0.38313304062500003
19 0.82486654375 0.4037890453125 0.81150596875 0.43087294531250003 0.8322563515624999 0.4510745703125 0.8420318999999999 0.4516425453125 0.8595096281249999 0.4425262046875 0.882941390625 0.4413554515625 0.893042134375 0.4698024890625 0.90477279375 0.47048405937500004 0.9230038828125 0.445688303125 0.929273503125 0.42494539531250003 0.9542027015625001 0.422171446875 0.95612885 0.40117617812499995 0.9624805875 0.38747325 0.9481003421875001 0.3641241359375 0.9446452437499999 0.3470370203125 0.9412542796875 0.3355824203125 0.9345904718750001 0.322531246875 0.925772125 0.31076130625 0.91262359375 0.30014619531250003 0.918960478125 0.2850359859375 0.9004322828125 0.27833067968749997 0.8782518843749999 0.2376404375 0.8680807203124999 0.29615176875000004 0.8444356484375 0.3158851359375 0.8458496312499999 0.34411123906249996 0.8329983203125 0.35884295 0.8293847703124999 0.37239156875 0.8246004796875 0.3809793265625 0.82486654375 0.4037890453125
9 0.67276904375 0.34556360625 0.6641040703125001 0.3564565078125 0.6450259843749999 0.395872209375 0.6431891359375 0.40589730625 0.6472471750000001 0.41879708281249994 0.6435143296875 0.43377637187499996 0.6494387734375 0.43918494218750004 0.6564738296875 0.456057509375 0.701500490625 0.4637395390625 0.7063439109375 0.460221125 0.7197044874999999 0.433137225 0.7188767234375 0.36217261875 0.713885484375 0.3530184453125 0.6893431234375 0.3427267625 0.67276904375 0.34556360625
9 1 0.1375497 0.9850288796875001 0.1484231046875 0.9551996609375 0.1036336390625 0.8650280953125 0.07813244999999999 0.861814571875 0.0538838328125 0.8361912109375 0.0346667265625 0.6924758328125 0.025048996875 0.677396653125 0.0722951265625 0.6693397062499999 0.0515649234375 0.5948977281250001 0.034577292187500004 0.4957488203125 0.07693884375 0.45209167812500006 0.08201285781249999 0.42918715937499996 0.072238884375 0.43010838281249997 0.058220434375 0.4310788921875 0.048427220312500005 0.433070740625 0.0330645578125 0.400474353125 0.02976268125 0.3635986515625 0.03184251875 0.361557534375 0.04298150625 0.36165606875 0.05142885625 0.36066914375 0.0598146984375 0.3589798125 0.0765904421875 0.3612009859375 0.0995137546875 0.285069940625 0.1052206859375 0.21441991875 0.078321553125 0.19597941562500001 0.08864804062500001 0.19146116875000002 0.12004395625 0.14684840937500002 0.1478457921875 0.1012402890625 0.1488725359375 0.07111053125 0.1710450875 0.046427684375 0.19493897031250002 0.0392532734375 0.23110925937500001 0.028589351562499997 0.24737603749999998 0.0201127796875 0.2539187421875 0.0228813828125 0.49127247812499997 0.0238891421875 0.5129094703125 0.065908434375 0.5787755171875 0.0893401796875 0.5776032015625 0.15110684218749998 0.48679354999999996 0.1920741125 0.5075897765625 0.179309946875 0.5150527828125 0.17508144375 0.524656703125 0.17096792656249998 0.5441184640625 0.1592807 0.5436764203125 0.1670499484375 0.58047795625 0.198040953125 0.600382703125 0.2216333234375 0.696730315625 0.24338152812499997 0.70452238125 0.26814649375 0.6876684765625 0.2765886125 0.667050234375 0.3168357328125 0.6750174437500001 0.363972025 0.6720743312499999 0.4123472046875 0.6318286609375 0.47371145625000005 0.6163995796874999 0.4923460875 0.5389661218749999 0.4821270984375 0.50038195 0.5066312500000001 0.47778431406250005 0.5054128078125 0.46645594062500007 0.526031384375 0.466245934375 0.534555640625 0.45266923124999997 0.5441325406249999 0.4363408546875 0.550385725 0.414189015625 0.5612123375 0.4120036640625 0.56529456875 0.3897256890625 0.5825550546875 0.380878946875 0.5823743671875 0.36538849687499997 0.5932518265625 0.36742847031250003 0.579988328125 0.346957078125 0.5745429625 0.34523427500000003 0.5951928265624999 0.3478404828125 0.608257659375 0.3514139640625 0.599932071875 0.381888578125 0.6055581250000001 0.3991018296875 0.6110543203125001 0.405048396875 0.6112514250000001 0.42194621874999994 0.5950928515625 0.432264959375 0.5721390656249999 0.4182673125 0.5625128984375001 0.430372015625 0.579262784375 0.47074673593750005 0.653886165625 0.44834649843749996 0.7014709156250001 0.4612040859375 0.7224745546875 0.4193680859375 0.742741975 0.4366227875 0.76444603125 0.4364758484375 0.7754990312500001 0.44271097187499997 0.7946362484375 0.40836461718750006 0.8012396171875 0.4273560328125 0.808906784375 0.433430296875 0.8285861593750001 0.445831278125 0.8459467609375 0.44543353750000003 0.8686870250000001 0.4411259921875 0.8810158375 0.4437757484375 0.8871176734375 0.464392359375 0.790118003125 0.43976053281249994 0.8071187906249999 0.557254896875 0.8336162406250001 0.5676586140625 0.8547381421875 0.5359613078125001 0.9130478046875 0.5225049171875 0.9146767328125 0.476162825 0.9516838390625001 0.48534820312500004 0.962577715625 0.48879554687500004 0.9689623031249999 0.4779089234375 0.9664120125 0.44539598593749996 0.960767978125 0.426775271875 0.9856971781249999 0.42400132343749997 1 0.41102429531249995 1 0.1375497
19 0.8246004796875 0.3809793265625 0.8215939046875 0.37447264062499996 0.813773465625 0.37401826250000003 0.800205940625 0.38336023125 0.767028203125 0.3864984640625 0.7454628624999999 0.38017957343750003 0.7306665140625 0.36792353437499997 0.7267562953125 0.36769634375 0.7230530078124999 0.3852095265625 0.7235260203125 0.42576117656249995 0.7323979234375 0.4326086453125 0.7578734859375 0.439154725 0.763709240625 0.43696005624999995 0.76560521875 0.43200430624999997 0.7755581609375 0.44778031875 0.7823271375 0.44184160781250004 0.78885960625 0.41562707187500003 0.7946953796875 0.4134339640625 0.8026931953125 0.429094821875 0.8085585234374999 0.42943560625000005 0.8248960999999999 0.4063229375 0.8246004796875 0.3809793265625
19 0.4585849640625 0.15709242968749998 0.4505871484375 0.141431571875 0.45043932968749995 0.1287589859375 0.4443670671875 0.11067782968749999 0.44413056093750003 0.09040200468750001 0.4361918578125 0.0798089328125 0.4323112125 0.0821171953125 0.426771078125 0.10965547499999999 0.4190984578125 0.12187368125 0.4054718015625 0.12614630468750002 0.374810871875 0.177553021875 0.380912709375 0.19816963125 0.39285031875 0.2165931328125 0.4031579953125 0.26278054375000004 0.41596967500000004 0.2723890953125 0.425745225 0.2729570703125 0.4393423078125 0.26614899375 0.45282114531250006 0.2492037875 0.48290362187499997 0.231955628125 0.456955046875 0.1848578984375 0.4585849640625 0.15709242968749998
31 0.41897624999999994 0.27889578125000003 0.41903538124999995 0.283965128125 0.43788976562500004 0.30912094218749997 0.44973868906250003 0.3199412046875 0.45560401875 0.3202819890625 0.48346532187499996 0.2801105171875 0.48136239375 0.2673243390625 0.46551458281249997 0.2486752078125 0.46061201093750004 0.2471227125 0.4528507015625 0.25173768124999996 0.44517808125 0.2639558875 0.41897624999999994 0.27889578125000003
19 0.41115581093750003 0.2784414 0.41159926718750006 0.3164591578125 0.4215817484375 0.3347675046875 0.45426974062500003 0.37339263125 0.4818482109375 0.3927233296875 0.49354931406249997 0.39087100625 0.4943938296875 0.3795221640625 0.4765909078125 0.3607594390625 0.47051862812499995 0.3426767234375 0.4556335765625 0.3228158828125 0.4418295625 0.3118835859375 0.42297515781249995 0.286726209375 0.4228864703125 0.2791229703125 0.41699158281250004 0.27624829375000004 0.41115581093750003 0.2784414
19 0.49926682656250004 0.37853920625000004 0.526342728125 0.3547843625 0.5419836078125 0.3556931203125 0.549715359375 0.3485442609375 0.5652971265625 0.344385234375 0.5914989390625001 0.3294437796875 0.5871748359375 0.2937342875 0.5831463718750001 0.2833699640625 0.5693423421875 0.27243610625 0.5632996343750001 0.25688884375 0.5525613093749999 0.25753101875 0.5468142421875 0.26732892656249996 0.5273813859375001 0.2763301109375 0.5059047343749999 0.27761445937499996 0.5020536453125 0.282456615625 0.49230765156249995 0.284422534375 0.48556825000000003 0.2928966984375 0.486590140625 0.2967543359375 0.47976203437500003 0.2976237 0.4740445234375 0.3099555015625 0.474133209375 0.317558740625 0.4664014765625 0.3247091609375 0.46651972031250005 0.33484629374999997 0.483537259375 0.37002720624999996 0.49926682656250004 0.37853920625000004
19 0.47216135000000004 0.3997585953125 0.4288069859375 0.4516938921875 0.4634796453125 0.49296650781249995 0.47915008124999997 0.4964091578125 0.49274716406249996 0.48960108281250003 0.503367228125 0.47882021718749995 0.50132343125 0.4711033828125 0.5042117609375001 0.46747293437500004 0.5178679546875 0.4657326453125 0.5275548171875 0.45869738125000004 0.5477139421875 0.42821022343750004 0.54759568125 0.41807152968750005 0.5426339953125 0.41145125 0.504376328125 0.3978320703125 0.47216135000000004 0.3997585953125
19 0.40537916718749994 0.28570385625 0.3931755140625 0.24447219687500002 0.3695368 0.22790102031249998 0.35876891718750004 0.2260093 0.335603234375 0.2499913328125 0.312614928125 0.28917984531249996 0.275556528125 0.29462478281250004 0.272816015625 0.310927815625 0.2951795640625 0.38567741875 0.316018634375 0.41348228281250005 0.384772678125 0.44533716874999996 0.4238748765625 0.447609065625 0.464459171875 0.4094429078125 0.47499054999999996 0.3910588015625 0.4226627875 0.343696046875 0.41959708124999995 0.3321200171875 0.40973284374999996 0.3239488015625 0.40537916718749994 0.28570385625
19 0.4484004671875 0.5402126375 0.43465556562499996 0.5343481265625 0.42181430937500003 0.5222041203125001 0.41110555781249997 0.5253817484375001 0.3928128546875 0.5483792625 0.3890800296875 0.5633601109375 0.3813482765625 0.5705089703125 0.38149609687499997 0.5831815578125 0.385583690625 0.5986152265625 0.390545375 0.60523550625 0.4279880828125 0.63273741875 0.44365853906249997 0.63618163125 0.47082312656249997 0.620030028125 0.47948808125 0.609135565625 0.48132494843750007 0.599112028125 0.4792811484375 0.59139519375 0.4654180046875 0.57539355 0.4484004671875 0.5402126375
19 0.392500484375 0.6053491 0.380769825 0.60466753125 0.3568354921875 0.5627527421875 0.31475627500000003 0.556508053125 0.3078986140625 0.554843525 0.2983004375 0.569482028125 0.27895628906250003 0.5860880109375 0.2651227 0.5726202609375 0.2514369296875 0.5718250984375 0.23895044375 0.5900956109375 0.259937315625 0.6305714984375 0.2913964671875 0.64759705625 0.3131982984375 0.6741902109375 0.3287800453125 0.6700296234375 0.3620169140625 0.6719607375 0.3872264125 0.6556970984375 0.41330998125 0.6306185109375 0.4063044984375 0.616281396875 0.392500484375 0.6053491
19 0.2316030171875 0.63019288125 0.2445920734375 0.6550079109375 0.25641142031249997 0.6632927203125 0.2779767625 0.6696116109375 0.3043263921875 0.667342740625 0.30426728125 0.6622749546875 0.2913964671875 0.64759705625 0.2618924265625 0.63068509375 0.2449931484375 0.6056428734375 0.236877071875 0.579843321875 0.2261091890625 0.577951603125 0.2232504328125 0.5841175046875 0.2316030171875 0.63019288125
19 0.24161505625 0.6510351187500001 0.2316030171875 0.63019288125 0.227278896875 0.5944818265625 0.2212953234375 0.5840039109374999 0.21248255 0.5822257875 0.20183291093750003 0.5904712 0.19815919843750002 0.610519834375 0.20032125937499998 0.6283753625 0.20834862968749998 0.6465701140625 0.2084668921875 0.6567088062499999 0.22031579687499997 0.6675275078125 0.21474610468750002 0.6925318953125 0.2275873421875 0.704674340625 0.24518332968749998 0.70569669375 0.2529446578125 0.7010832875 0.277013984375 0.670821759375 0.274036965625 0.6668489671875 0.2544563109375 0.663179125 0.24161505625 0.6510351187500001
19 0.23360443437499998 0.5505269203125 0.2159197578125 0.5419013265625 0.204070834375 0.5310810640625 0.19114091093750002 0.511335378125 0.184283246875 0.50967085 0.173663165625 0.52045015625 0.1718854296875 0.535543040625 0.164271940625 0.55283059375 0.166434 0.5706861203125 0.187273053125 0.5984894234375 0.197078178125 0.6015928515625 0.20857233125 0.581998596875 0.224213209375 0.58290735625 0.23197451875000002 0.5782923875 0.2378694046875 0.581167065625 0.2484599125 0.56785230625 0.24542378125000003 0.5588117265625 0.239558453125 0.5584709421875 0.23360443437499998 0.5505269203125
19 0.2383887421875 0.5419407203125 0.2464161140625 0.560135471875 0.2456011578125 0.57401820625 0.2514073734375 0.5692912046874999 0.26509314375000004 0.5700863703125 0.2749869375 0.5807914765625 0.2828073765625 0.5812458546875 0.3050103015625 0.5584755328125001 0.3049215953125 0.5508707328125 0.27118215625 0.5058540765624999 0.254608075 0.5086909187499999 0.23830005625 0.5343374812499999 0.2383887421875 0.5419407203125
19 0.0998666390625 0.1400501703125 0.0881951109375 0.144437946875 0.0834994890625 0.16062738593749998 0.053505701562499994 0.18547878281250002 0.0506765015625 0.194178575 0.067427978125 0.206549771875 0.090918853125 0.21044680312500003 0.10081266562499999 0.2211534703125 0.11058821562500001 0.2217214453125 0.1261404078125 0.2150269640625 0.13477580625000002 0.20159860937500002 0.1323772375 0.1634672578125 0.12729731093750002 0.1467098453125 0.1125896328125 0.1420554828125 0.0998666390625 0.1400501703125
19 0.15660720781249998 0.23072721562499998 0.1476761734375 0.2188104015625 0.1027973328125 0.22380095781249998 0.08899331875 0.21286866093749998 0.08018052656249999 0.211088978125 0.06745753437499999 0.2090836640625 0.064569221875 0.21271567187499998 0.064628334375 0.21778345781250003 0.0511495140625 0.23473022656250003 0.051356465625 0.2524721578125 0.055384929687499994 0.26283648125000003 0.0811856828125 0.29726162500000003 0.093330225 0.33342549843749997 0.10617148125 0.345569503125 0.13751235312500001 0.35245480625000003 0.1570338953125 0.3510568625 0.1618182046875 0.34247066406250004 0.1596265890625 0.32208124374999997 0.1630046640625 0.2766874375 0.15660720781249998 0.23072721562499998
19 0.13034230156249998 0.40775855625 0.11364995781250001 0.40045670624999996 0.11350215781249999 0.38778568125 0.11825689218749999 0.3766640296875 0.1241222203125 0.3770048140625 0.1280915734375 0.38230135 0.1348901046875 0.3788965328125 0.13278717499999998 0.3661103515625 0.12289338125 0.3554052453125 0.09260395625 0.354911471875 0.0850495796875 0.37726681093750003 0.07334849375 0.37912069375 0.06077330156250001 0.38978640625 0.059054696875 0.40994863593749997 0.06714121875 0.43321429375 0.06728901875 0.44588531875 0.0742649453125 0.4576885421875 0.0821149421875 0.46067681406250005 0.0940525515625 0.47910031406250003 0.10391678906249999 0.48727152812499996 0.12942190625 0.4963515015625 0.14777372187499999 0.4784217734375 0.157253653125 0.45364613593750003 0.13034230156249998 0.40775855625
19 0.24209201406249997 0.524425978125 0.2448325234375 0.50812294375 0.2623693828125 0.504075953125 0.2691383578125 0.4981372421875 0.2690496703125 0.49053400312499995 0.266072671875 0.4865627703125 0.2621920078125 0.4888694734375 0.2591854328125 0.48236278906249996 0.2620737453125 0.47873078125 0.268931425 0.48039686875000004 0.2688131640625 0.47025817812500004 0.2658361640625 0.46628694531250003 0.25705294843750004 0.467042715625 0.2608153484375 0.45459731875 0.2489664453125 0.44377861718749995 0.23988759062499998 0.419189215625 0.2222029140625 0.410563621875 0.21525656249999997 0.40129585468749995 0.20308244531250003 0.362596528125 0.1962247828125 0.360932 0.193336471875 0.36456400625 0.1914996046875 0.3745875453125 0.1780798984375 0.3966020984375 0.1725397625 0.424140378125 0.160927365625 0.43359750156250004 0.15906094375 0.441087146875 0.16985838281250001 0.44551275781250005 0.18669854531250002 0.4654871921875 0.190727028125 0.475853075 0.1950806859375 0.5140964625 0.2050336109375 0.529870915625 0.2217850859375 0.5422421109375 0.23351574687499999 0.5429236796875 0.24209201406249997 0.524425978125
19 0.16497258125 0.361648375 0.1532419203125 0.36096680625 0.1387411921875 0.3740543765625 0.131157259375 0.393875821875 0.131305078125 0.40654840625000005 0.15418794687499998 0.44207010625 0.163933940625 0.44010418749999997 0.1629120328125 0.436244990625 0.1744653171875 0.42172008125 0.1780798984375 0.3966020984375 0.1914996046875 0.3745875453125 0.193306896875 0.362028553125 0.197157984375 0.357186396875 0.193188653125 0.351891421875 0.16497258125 0.361648375
19 0.26696349218750004 0.3954343734375 0.252521896875 0.4135912890625 0.2606971046875 0.44446018593750003 0.26962812187499996 0.45637544218750004 0.28340257812499997 0.4647738453125 0.31859455937500003 0.466818553125 0.33315441875 0.45880032968749995 0.33475477656249997 0.42850096562499995 0.33177775781249996 0.424528175 0.31806243125 0.42119911718749997 0.3103602359375 0.43088187031249997 0.296674465625 0.43008670625 0.2767981734375 0.4010716921875 0.2699109546875 0.396873271875 0.26696349218750004 0.3954343734375
19 0.30815186875 0.4928059 0.3079153625 0.472530075 0.3049383625 0.46855884375 0.2804551359375 0.4633365078125 0.273597471875 0.46167197812499994 0.27073871875 0.4678378796875 0.2710639125 0.49571694375 0.2760847078125 0.507405009375 0.2857420140625 0.4978358515625 0.30815186875 0.4928059
19 0.28766756718750003 0.4954155546875 0.2789730390625 0.5037745625000001 0.2790617265625 0.5113778015625 0.286037653125 0.5231810234375 0.309351153125 0.5118715765624999 0.31416501874999997 0.5058192703125 0.30424165 0.49257870937500003 0.28766756718750003 0.4954155546875
19 0.40812854062500004 0.5214089562499999 0.40515154062500003 0.517437725 0.3914657703125 0.5166425609374999 0.3865040875 0.5100222796875 0.3843124703125 0.48963286093749997 0.37532232187500003 0.472648259375 0.33709419375 0.46156141249999993 0.332191640625 0.46001047812499996 0.322504778125 0.46704574374999996 0.30788580625 0.4699961828125 0.30815186875 0.4928059 0.3122099078125 0.505705675 0.29184385156250003 0.5184524609375 0.2870595421875 0.5270386609375 0.30786905625 0.55230963125 0.3275088421875 0.56104881875 0.354850809375 0.56010369375 0.37072819375 0.581288278125 0.39094643281249997 0.55586890625 0.39278329843750004 0.54584536875 0.40626211874999996 0.5288986015625 0.40812854062500004 0.5214089562499999
19 0.3423012640625 0.7404672109375 0.3770625921875 0.7893415046875 0.39083705 0.7977399078125 0.3986574890625 0.7981942875 0.40930712812500003 0.7899488734375 0.4130399734375 0.774969584375 0.4050421578125 0.7593087265625 0.40870330781249997 0.735235009375 0.39122773906249997 0.7257764671875 0.3665479671875 0.7254121625 0.352862196875 0.7246169984375 0.3479300875 0.720532171875 0.34206475625 0.7201913859375 0.3423012640625 0.7404672109375
19 0.79011013125 0.774083678125 0.7918287359375 0.753921446875 0.7878298265625 0.74609101875 0.78963711875 0.7335320265624999 0.7866601015625 0.729559234375 0.7573630265625 0.7303907656249999 0.7426257921875 0.7232025109375 0.71426191875 0.7202884390625 0.7065005921874999 0.7249018453125 0.6849943828125 0.7236523015625 0.6801509609374999 0.7271707140625 0.6904882109375 0.775893578125 0.6985155828125 0.794088328125 0.7124083031249999 0.812625425 0.7174586749999999 0.8268489453125 0.7466966375 0.8209496296875001 0.7658929671875 0.791671059375 0.7776827578125001 0.797421975 0.7952787484375 0.798444328125 0.8020772984375 0.795041071875 0.7941977265625 0.7895173453125001 0.79011013125 0.774083678125
19 0.656613759375 0.803051678125 0.6194075390625 0.7958240296875 0.6087579015625 0.8040694437499999 0.6286342125 0.8330860171875001 0.6456221765625 0.8657314765624999 0.6633068546875001 0.8743570703125 0.6867386171875001 0.8731863171875001 0.712273290625 0.8848001828125 0.718953578125 0.8712582328125 0.7187466453125 0.8535178609375 0.7084980828125 0.812398234375 0.6925615656249999 0.78614430625 0.6740323734375 0.7888675546874999 0.656613759375 0.803051678125
19 0.7966258500000001 0.830182590625 0.7878130578125 0.8284029078125 0.7810440843750001 0.8343416187500001 0.7812214765625 0.84954965625 0.7745411890625 0.8630916078125 0.7492725609375 0.8742859 0.7238265734375 0.870275271875 0.7170871562500001 0.8787478765625 0.7172054171875 0.8888865687499999 0.7359119859375001 0.9013697984375 0.7574181953125 0.9026193421875 0.76704594375 0.890516290625 0.792284978125 0.8767849859375 0.8009499515625 0.865892084375 0.8025502937500001 0.8355911609375 0.7966258500000001 0.830182590625
19 0.6633068546875001 0.8743570703125 0.6475772875 0.8658450734375001 0.61570426875 0.813338771875 0.6038257921875 0.7999846171875 0.587192578125 0.7977521140625 0.56860425625 0.795406015625 0.557984171875 0.8061853234375 0.5545765234375 0.8490436765625 0.5793849437499999 0.8821450765625001 0.6011276609375 0.9036704453125 0.606992990625 0.9040112296875 0.61896015625 0.924968625 0.6405846109375 0.9363553015624999 0.6640755031250001 0.9402538921874999 0.679657253125 0.9360933046875 0.6854043203125 0.9262953968750001 0.7018601578125 0.913321421875 0.7015940953124999 0.890511703125 0.696573296875 0.8788236375 0.6633068546875001 0.8743570703125
19 0.528581640625 0.881725503125 0.5462367625 0.8878172031249999 0.5618480859375 0.88619206875 0.5685579296875 0.8751840124999999 0.5526214125 0.8489300828124999 0.55629514375 0.8288830062500001 0.554044396875 0.803424240625 0.541144009375 0.7862108890624999 0.503908234375 0.7764493453125 0.49696188125 0.767181578125 0.494740709375 0.744258265625 0.48475820937499997 0.7259483578125 0.41735127031249997 0.7258317359374999 0.407605275 0.7277976546875 0.402850540625 0.73891930625 0.405012584375 0.7567732734375 0.4130399734375 0.774969584375 0.41330603593750004 0.797779303125 0.425480153125 0.836478628125 0.4217177515625 0.848924025 0.42869365937500004 0.8607256859374999 0.43651409843750005 0.861180065625 0.4444528015625 0.8717731375 0.462078346875 0.8753293843750001 0.4700761625 0.8909902437499999 0.48986376875 0.9124020156249999 0.528581640625 0.881725503125
19 0.4973925140625 0.7203504328125 0.490623540625 0.7262891437500001 0.4949772171875 0.764534090625 0.501049478125 0.7826152468750001 0.53915934375 0.7835634 0.5510673781250001 0.7994514484375 0.5588878171875 0.799905828125 0.5655385500000001 0.7838299859375 0.5614805109375001 0.7709302078125 0.54566225625 0.754814971875 0.542626125 0.74577439375 0.5270148015625 0.747399528125 0.5200684515625 0.7381317593750001 0.51598085625 0.722698090625 0.4973925140625 0.7203504328125
19 0.40253815312499996 0.795887584375 0.395798734375 0.8043601875 0.3981086125 0.8348883 0.40703962968749996 0.84680355625 0.425568840625 0.84408186875 0.42130385156249994 0.8134401609375 0.41330603593750004 0.797779303125 0.40253815312499996 0.795887584375
13 0.19449731718750002 0.12908609531249998 0.18658817187500001 0.1210269171875 0.169984534375 0.12132986718750001 0.16131956249999999 0.13222276875 0.1594827140625 0.1422478671875 0.166458621875 0.154049528125 0.1801739671875 0.1573801453125 0.192808271875 0.15178221875 0.19449731718750002 0.12908609531249998
19 0.6387908015625 0.7359394484374999 0.6105543203125 0.734298865625 0.60061608125 0.7196494640625 0.5569199015625 0.714944890625 0.5227202578125001 0.7142239265625 0.517876834375 0.717742340625 0.5180837671875 0.7354827109375 0.525059690625 0.74728593125 0.540700571875 0.748194690625 0.5447290359375 0.7585590125 0.5565188265625001 0.764309928125 0.5744400109375001 0.793211346875 0.6389586390625001 0.7969599781250001 0.6546586484375 0.8029380843749999 0.6720772640625 0.7887539578125 0.6905473234375 0.7809613640624999 0.6822538890625001 0.7399568953125 0.6732932984375 0.7255061859375 0.6387908015625 0.7359394484374999