9 0 0.3827625 0.0008281250000000001 0.3858078125 0.054548437500000005 0.42765000000000003 0.07801406250000001 0.46352343749999997 0.1353734375 0.46014218749999997 0.1806671875 0.4852046875 0.18940625 0.47365781250000005 0.1747078125 0.4642921875 0.21404375 0.46844062500000005 0.2598828125 0.5090640625 0.2915421875 0.5178296875 0.3149796875 0.51565 0.3247140625 0.4952296875 0.3309890625 0.49922812499999997 0.3303828125 0.533096875 0.35583593750000003 0.538071875 0.3983140625 0.507903125 0.4387796875 0.5070671875 0.43024531250000003 0.5244484375 0.39686875 0.5412125 0.34225 0.5482421875 0.3376546875 0.566234375 0.3001328125 0.576553125 0.295265625 0.5867625000000001 0.34028749999999997 0.60404375 0.299915625 0.6448765625 0.28664999999999996 0.676359375 0.22895 0.6700140625000001 0.21264218750000002 0.652015625 0.18080625 0.675465625 0.1618828125 0.7318687500000001 0.1919328125 0.7320015625 0.1990234375 0.7479312499999999 0.17959375 0.7526640625 0.153171875 0.7814671875 0.1751640625 0.8125984374999999 0.216109375 0.8253796875000001 0.3279515625 0.8110781250000001 0.34844375 0.799415625 0.4217015625 0.8023624999999999 0.515303125 0.8639140624999999 0.513284375 0.8436109374999999 0.4516828125 0.80055 0.4432578125 0.78376875 0.4546 0.77198125 0.5603359375 0.8070359375 0.598375 0.7742265625 0.666834375 0.789328125 0.6611328125 0.663984375 0.7099578125 0.6779843750000001 0.7241109375 0.6717890625 0.798415625 0.5555953125 0.816440625 0.5480640625000001 0.8716171875000001 0.4824359375 0.864459375 0.4645625 0.815565625 0.4486171875 0.817090625 0.34309218750000003 0.725740625 0.34573125 0.7248546874999999 0.32044375 0.74795 0.3085390625 0.7475421875 0.2968671875 0.737846875 0.28118125 0.7182140625 0.280078125 0.6854078125 0.164084375 0.657825 0.15981875 0.6360640625 0.1725765625 0.5798484375 0.09681406249999999 0.5272203125 0.08609531249999999 0.513340625 0.10007031250000001 0.51789375 0.11818593749999999 0.5092625 0.0955703125 0.49178437500000005 0.1186625 0.476090625 0.11817031250000001 0.3415734375 0.0818875 0.3174015625 0.17488281249999998 0.291878125 0.1548125 0.2518875 0.16926406249999998 0.2760078125 0.1865375 0.288334375 0.24003437500000002 0.3278734375 0.25001875 0.292575 0.2864765625 0.2975390625 0.3162640625 0.27656875 0.3143109375 0.22578125 0.3561109375 0.1869921875 0.3675234375 0.179725 0.3838125 0.1194875 0.37965468750000003 0.0885109375 0.390340625 0.06291875 0.3683265625 0.052542187500000004 0.3331875 0 0.3553890625 0 0.3827625
20 0.6474765625 0.1627328125 0.6274609375 0.1880125 0.6356421875 0.2350640625 0.702628125 0.245425 0.6826671875 0.1604375 0.6474765625 0.1627328125
20 0.7180375 0.3122953125 0.689121875 0.49355000000000004 0.644059375 0.512375 0.6436109375 0.5368125 0.6555 0.5405859375000001 0.7122453125 0.519696875 0.731196875 0.5013468750000001 0.7180375 0.3122953125
18 0.5478296874999999 0.599384375 0.5149984375 0.631709375 0.42974375 0.6591515625000001 0.4099328125 0.6902671875 0.41516875000000003 0.727834375 0.43274375000000004 0.744740625 0.5251859375000001 0.7732249999999999 0.6009109375 0.7720390625 0.6279609374999999 0.686584375 0.6330453125 0.60805 0.6182109375 0.5947921875 0.5478296874999999 0.599384375
29 0.47500625 0.45978906249999996 0.489909375 0.4749921875 0.48151093749999996 0.4962640625 0.574509375 0.46615 0.597578125 0.41619375 0.5786671875 0.3984359375 0.5775765625 0.36731250000000004 0.559346875 0.3690078125 0.5427671875 0.343228125 0.5067578125 0.32218125 0.45700624999999995 0.3190015625 0.43617343750000004 0.3209375 0.4072828125 0.3538734375 0.4153953125 0.3989796875 0.35269062500000004 0.39895468749999996 0.3400796875 0.4118375 0.3459703125 0.43080468749999995 0.47500625 0.45978906249999996
18 0.642875 0.6276265624999999 0.7670578124999999 0.5926625 0.7757968749999999 0.581115625 0.7659374999999999 0.5234875 0.6665296875 0.5571234375 0.6310265625 0.5877453125 0.642875 0.6276265624999999
20 0.599228125 0.38871875 0.5905843749999999 0.44026249999999995 0.5990796875 0.4589875 0.5803328125 0.48317343749999997 0.5836187500000001 0.5023828124999999 0.6646890625 0.504603125 0.6865859375000001 0.4957375 0.7204078125 0.268165625 0.702765625 0.24931406250000002 0.666375 0.25465 0.6398843750000001 0.28150624999999996 0.599228125 0.38871875
20 0.8169703125 0.45141406249999994 0.8133984375000001 0.4985828125 0.8198343749999999 0.5331125 0.86908125 0.4846234375 0.8684671875 0.4671171875 0.8169703125 0.45141406249999994
20 0.6677453125 0.666296875 0.7177703125 0.6772578125 0.798346875 0.55365 0.7724421875 0.5599609375 0.764384375 0.590959375 0.6430125 0.6315171875 0.6677453125 0.666296875
18 0.8169015625 0.44946875000000003 0.8140124999999999 0.5160890625000001 0.8198343749999999 0.5331125 0.8716171875000001 0.4824359375 0.8617874999999999 0.462859375 0.8169015625 0.44946875000000003
18 0.6677453125 0.666296875 0.7177703125 0.6772578125 0.798346875 0.55365 0.7723734375 0.558015625 0.764384375 0.590959375 0.6404765625 0.6337046875000001 0.6677453125 0.666296875
18 0.5178328125 0.48898437499999997 0.4764390625 0.5006390625 0.508575 0.5230203125 0.5276625 0.5085609375 0.5178328125 0.48898437499999997