18 0.7496765625 0.2382078125 0.7755078125 0.1616484375 0.7540625000000001 0.11487031249999999 0.737528125 0.11067031249999999 0.6849234375 0.15476875 0.6839593749999999 0.164509375 0.6952453125 0.20855312499999998 0.7193906250000001 0.22805468750000002 0.7294375 0.2582640625 0.7496765625 0.2382078125
18 0.6710390625 0.044765624999999996 0.61823125 0.02505 0.549509375 0.008053125 0.474453125 0.0023515625 0.3924859375 0.0137921875 0.3360546875 0.043857812499999996 0.3081328125 0.08885 0.2938109375 0.1545046875 0.3199359375 0.23304687500000001 0.3145359375 0.28759999999999997 0.33115937500000003 0.38308749999999997 0.41850624999999997 0.43585312500000006 0.47231875 0.458590625 0.5342 0.45249375000000003 0.57433125 0.4290421875 0.67525 0.3051859375 0.705840625 0.285915625 0.7039421875 0.2524 0.6877953125 0.244303125 0.634296875 0.25790625 0.58713125 0.2602125 0.49712500000000004 0.2474875 0.4315703125 0.224840625 0.36496875 0.18641093749999998 0.33301875000000003 0.15355625 0.335140625 0.132125 0.5532234375 0.0495578125 0.57056875 0.058728125 0.5944406250000001 0.054651562499999994 0.6623609375 0.1324421875 0.7281 0.0873796875 0.6710390625 0.044765624999999996
18 1 0.0528359375 0.9598640625 0.0510015625 0.93043125 0.058581249999999994 0.8439875000000001 0.10207187499999999 0.7788671875000001 0.15405156250000002 0.7748171875 0.1949671875 0.7368171875 0.26275 0.731528125 0.28982968750000004 0.7748859375 0.405015625 0.7653453125 0.4091984375 0.7545671875 0.399546875 0.707078125 0.2997515625 0.698115625 0.2980890625 0.6443531250000001 0.3538765625 0.603571875 0.42341093750000003 0.5967421875000001 0.466078125 0.6047796875 0.49024531250000003 0.6299296875 0.5127671874999999 0.6715734375 0.5267265625 0.8156968750000001 0.5327671875 0.8940312499999999 0.5053468750000001 0.9514265625 0.4655390625 0.9876109375000001 0.389765625 1 0.37595625 1 0.0528359375
9 1 0.053421874999999994 0.9519078125 0.052359375 0.88114375 0.08231875 0.7877890625 0.14295156250000002 0.777171875 0.18434999999999999 0.77589375 0.1577515625 0.7494234375 0.0958703125 0.7315 0.0925453125 0.6684515625 0.0445703125 0.56225625 0.010984375000000001 0.48221718750000003 0.0029406249999999997 0.41118125 0.0093234375 0.33883593749999996 0.04210625 0.3148515625 0.07365625 0.2938109375 0.1545046875 0.3131359375 0.2227140625 0.277175 0.24353906250000001 0.2699578125 0.290103125 0.24999375000000001 0.3337359375 0.2564890625 0.37349062499999997 0.1906796875 0.4587890625 0.184315625 0.5230859375 0.17021718749999998 0.53379375 0.1341140625 0.635090625 0.1146984375 0.7258765625 0.104153125 0.7270390625 0.12091875 0.7420546875 0.12378125 0.765828125 0.1411265625 0.774996875 0.11907187500000001 0.7870625 0.120390625 0.8264234374999999 0.1357671875 0.8423140625000001 0.1793796875 0.8495531250000001 0.20534218750000002 0.87704375 0.25250625000000004 0.8747375 0.30975 0.8496406249999999 0.3709828125 0.8896265624999999 0.536815625 0.9002609375 0.557175 0.9184921875000001 0.68855 0.9216015625 0.6970859375 0.9143968750000001 0.7066671875 0.922978125 0.7161265625000001 0.8932687500000001 0.7310765625 0.90029375 0.7408015625 0.8284015625000001 0.7338078125 0.8200171875000001 0.7528484375 0.7988890625 0.754665625 0.8068796875 0.7616171875 0.8025 0.767596875 0.7421 0.7602171875 0.7376140625 0.7546968749999999 0.7538796875 0.7451453124999999 0.6923015625 0.7425984375 0.7048671875 0.7322453125 0.70408125 0.7484656249999999 0.6719421875 0.740234375 0.6497234375 0.745553125 0.56964375 0.7341546875 0.5530734374999999 0.7711609375 0.5480328125 0.710009375 0.5335734375000001 0.8129156249999999 0.5345187499999999 0.8827140625000001 0.5143015625 0.945671875 0.47099062500000005 0.9816625 0.3971671875 0.9949484375000001 0.38149062499999997 1 0.38085 1 0.053421874999999994
31 0.7357765625 0.813296875 0.7555890625 0.784375 0.7458453125 0.72474375 0.7173359375 0.7098187499999999 0.69404375 0.70805 0.6628328125 0.7204015625 0.626375 0.772596875 0.6557375000000001 0.8052546875000001 0.69479375 0.8190171875000001 0.7357765625 0.813296875
31 0.7486765625 0.8015171875 0.7555890625 0.784375 0.748240625 0.7268890625 0.7286937499999999 0.7136265625 0.7168687499999999 0.6881906250000001 0.6736015625 0.6642921875 0.671359375 0.6474359375 0.6496906250000001 0.6556046875 0.5748265625 0.64795625 0.54053125 0.69148125 0.5467531250000001 0.7076578125 0.57669375 0.7344703124999999 0.6301203125 0.761103125 0.63078125 0.7807828125 0.6533421875000001 0.803109375 0.69479375 0.8190171875000001 0.7248453125000001 0.8183562500000001 0.7486765625 0.8015171875
31 0.3844515625 0.806240625 0.3524703125 0.8263859374999999 0.3482265625 0.8692500000000001 0.36460781249999996 0.8881609375 0.47709531250000003 0.8976875 0.5766015624999999 0.8934671875 0.6189359375000001 0.8741078124999999 0.6188546875000001 0.8485828124999999 0.59331875 0.8299578125 0.54414375 0.8262218750000001 0.5116546875 0.8119765624999999 0.3844515625 0.806240625
23 0.2673265625 0.7777125 0.173696875 0.81476875 0.1807703125 0.8486765625 0.20414374999999998 0.875971875 0.24733125 0.8743453125 0.2973890625 0.8428125 0.3924078125 0.80488125 0.4221875 0.7806421875 0.42612500000000003 0.7672 0.358134375 0.729646875 0.30961875 0.745590625 0.2673265625 0.7777125
23 0.7080171875 0.9093390625 0.7107578125 0.894825 0.677771875 0.9119484375000001 0.7080171875 0.9093390625
23 0.655096875 0.917096875 0.6566 0.888746875 0.6478312500000001 0.8851375000000001 0.644471875 0.8927343750000001 0.627896875 0.8757703125 0.592515625 0.89075 0.5505265625 0.89345 0.5426109375 0.9075703125000001 0.55180625 0.920046875 0.655096875 0.917096875
12 0.6420656250000001 0.8248265625 0.6194328125 0.8427374999999999 0.6553625000000001 0.8749125 0.7033390625 0.877575 0.7273625 0.8587890625 0.6704953125 0.8142265625 0.64778125 0.8066125 0.6420656250000001 0.8248265625
12 0.2146515625 0.6117625 0.20820625 0.650534375 0.176925 0.703121875 0.1548703125 0.7151875000000001 0.1743765625 0.7156875 0.2138890625 0.68531875 0.292071875 0.6726078125 0.31238125 0.612315625 0.2634796875 0.6321578125 0.2403796875 0.628440625 0.22141093750000002 0.60933125 0.2146515625 0.6117625
23 0.625309375 0.8755734374999999 0.5951046875 0.890946875 0.547746875 0.8952015624999999 0.5494109375 0.9179031249999999 0.597965625 0.9147203125000001 0.62605 0.9207796874999999 0.7052359375 0.9110906249999999 0.708940625 0.886834375 0.7031453125 0.8795234375 0.6685359375 0.886709375 0.653778125 0.8777359375 0.625309375 0.8755734374999999
21 0.6177625 0.25370625 0.6031578125 0.230021875 0.5576578125 0.2550296875 0.6177625 0.25370625
21 0.502059375 0.1713046875 0.45694375000000004 0.192415625 0.458953125 0.19845625 0.433925 0.2142234375 0.44690624999999995 0.22796875 0.516440625 0.2499359375 0.597940625 0.21686718749999997 0.583721875 0.1892859375 0.502059375 0.1713046875
22 0.5393078124999999 0.2428390625 0.5295734375000001 0.2489703125 0.5369515625 0.2534578125 0.6604015624999999 0.20492499999999997 0.6679328124999999 0.19470156249999998 0.6539875 0.19069687500000002 0.60489375 0.2124875 0.5393078124999999 0.2428390625