9 0.7877890625 0.7418796875 0.7532640625 0.71551875 0.758225 0.688009375 0.7410812499999999 0.6777578125 0.7088296875 0.6699015625 0.706 0.6377312500000001 0.6235906250000001 0.6303578125 0.5781078125 0.6336359375 0.5763109375 0.626846875 0.5656390625000001 0.6261796875 0.54784375 0.6745875 0.5332125 0.6886953124999999 0.5314484375 0.720021875 0.50818125 0.746109375 0.5101375 0.756803125 0.52260625 0.7642578125 0.7718375 0.7609125 0.78235 0.757675 0.7877890625 0.7418796875
9 1 0.8304953125000001 0.7713453125 0.823475 0.736009375 0.8518687500000001 0.7137125 0.8271078125000001 0.6739875 0.8224 0.601803125 0.8420937500000001 0.5828156250000001 0.861215625 0.5901625 0.892275 0.65310625 0.9070578125000001 0.6863125 0.9383437499999999 0.610740625 0.9122 0.5925953125000001 0.9146828125 0.5174859374999999 0.9745312500000001 0.5117359375 1 0.616221875 1 0.9150296875 0.9913015625 0.9170328124999999 0.9658328125000001 1 0.961846875 1 0.8304953125000001
23 0.36384531249999996 0.076934375 0.47790156250000004 0.1146625 0.4930890625 0.1142203125 0.5123953125 0.1029078125 0.5322265625 0.067146875 0.5285515625 0.051617187499999995 0.5082921875 0.0395015625 0.39743125 0.0055890625 0.2546703125 0.0097453125 0.255784375 0.037078125 0.26225624999999997 0.0466625 0.296065625 0.055451562499999996 0.33331093749999996 0.0739140625 0.36384531249999996 0.076934375
10 0.177890625 0.028595312499999997 0.163259375 0.042703124999999995 0.1524625 0.076246875 0.13815 0.09816406250000001 0.1320265625 0.134503125 0.13522343750000002 0.13832031250000001 0.1597609375 0.14346874999999998 0.20524375 0.14019062499999999 0.23218437500000003 0.1296328125 0.248453125 0.118409375 0.256371875 0.08885937499999999 0.2485953125 0.009921875 0.1802921875 0.0128875 0.177890625 0.028595312499999997
28 0.40043749999999995 0.3407234375 0.4029984375 0.328921875 0.3353953125 0.23706718750000003 0.30126718750000003 0.22046875 0.278175 0.1761828125 0.235221875 0.1295453125 0.2053234375 0.14214374999999999 0.1340625 0.14715 0.1205453125 0.18859062499999998 0.12485468749999999 0.21973906250000003 0.11046249999999999 0.2397046875 0.0836015625 0.2522140625 0.079721875 0.2689421875 0.11644218749999999 0.311853125 0.1655828125 0.39838125 0.18888125 0.4104078125 0.319571875 0.408559375 0.40043749999999995 0.3407234375
13 0.2807828125 0.12821875 0.3051625 0.1294640625 0.3222265625 0.1377625 0.3332953125 0.148190625 0.34552499999999997 0.149790625 0.3671046875 0.1569796875 0.3731796875 0.156803125 0.380575 0.1517015625 0.3800984375 0.1399875 0.3769015625 0.136171875 0.33326406249999996 0.1100765625 0.29390312500000004 0.077015625 0.28331249999999997 0.0783015625 0.2834703125 0.08220625000000001 0.269078125 0.102171875 0.260125 0.10634218749999999 0.260284375 0.11024687500000001 0.2515703125 0.1202734375 0.2533671875 0.1270625 0.26583437499999996 0.1345171875 0.2807828125 0.12821875
23 0.3768703125 0.284725 0.3901328125 0.3117046875 0.400725 0.31041875 0.40788125 0.29945937499999997 0.404128125 0.2819765625 0.394696875 0.2744328125 0.40245781249999996 0.240978125 0.38071875 0.2298828125 0.3732125 0.19491875 0.33292968749999996 0.17654375 0.33189531250000004 0.1511640625 0.314434375 0.13310312500000002 0.2809421875 0.1321234375 0.26895156249999996 0.13638125 0.26670937499999997 0.15599375 0.313496875 0.22206718749999999 0.3320390625 0.2293453125 0.35481250000000003 0.2658203125 0.3768703125 0.284725
23 0.2989296875 0.4990734375 0.329384375 0.5001421875000001 0.34869062500000003 0.48882812500000006 0.3661203125 0.46877500000000005 0.3674875 0.42768750000000005 0.3761234375 0.4157078125 0.3785234375 0.40000156249999996 0.37733125 0.370715625 0.3696984375 0.36996093750000003 0.31669375 0.4125515625 0.16785624999999998 0.416884375 0.1580609375 0.43769375000000005 0.160096875 0.4503390625 0.1757609375 0.4616109375 0.2186828125 0.47013437500000005 0.2281140625 0.477678125 0.25584843749999997 0.4866453125 0.2989296875 0.4990734375
13 0.07413906249999999 0.0198875 0.072375 0.05121250000000001 0.0519078125 0.0713546875 0.00114375 0.1967203125 0.0019796874999999997 0.34034375 0.0020515625 0.34059218750000003 0.0378171875 0.36007500000000003 0.1526375 0.3792109375 0.11340468749999999 0.31194062499999997 0.0980578125 0.308478125 0.10373593750000001 0.298540625 0.0958640625 0.291928125 0.0948625 0.3046625 0.085590625 0.3010234375 0.056821875 0.2666765625 0.0770828125 0.2787921875 0.07760625 0.25434375 0.113103125 0.2298546875 0.13503281250000002 0.0963 0.175696875 0.01204375 0.07413906249999999 0.0198875
23 0.8384234375 0.37977343750000003 0.844578125 0.3815484375 0.859765625 0.38110625 0.8657609374999999 0.3789765625 0.8730765625 0.3719234375 0.8725984375 0.360209375 0.8586515625000001 0.3537734375 0.8465015625 0.354128125 0.8384703124999999 0.3436109375 0.81836875 0.33540000000000003 0.80925625 0.33566562499999997 0.8061406249999999 0.33380156250000004 0.769690625 0.3348625 0.762215625 0.3380125 0.7628515625000001 0.3536296875 0.7659687500000001 0.35549375 0.7655234375 0.38189531250000003 0.8022921875 0.38864375 0.8235546875 0.388025 0.8384234375 0.37977343750000003
13 0.6660984375 0.516728125 0.732159375 0.5333734375 0.767384375 0.4649140625 0.7676390625 0.39649375 0.73231875 0.350609375 0.701959375 0.2772171875 0.6781046875000001 0.2515234375 0.6659546875 0.251878125 0.6352140625 0.28111406250000004 0.587728125 0.30986250000000004 0.5740515625 0.3473984375 0.5564625000000001 0.363546875 0.558578125 0.3781453125 0.579475 0.4058796875 0.61040625 0.41866250000000005 0.6294265625000001 0.4376546875 0.6748921875 0.508653125 0.6660984375 0.516728125
31 0.4466046875 0.5035703125000001 0.4242296875 0.47685625 0.3949359375 0.46695937499999995 0.37367343750000004 0.467578125 0.3664375 0.476584375 0.35748437499999997 0.4807546875 0.351728125 0.488740625 0.32806406250000003 0.5050671875 0.3297015625 0.50795 0.3421703125 0.5154062500000001 0.3791765625 0.5280125 0.39740156249999997 0.52748125 0.4153875 0.52109375 0.44280468749999996 0.52225 0.44716093749999997 0.5172375 0.4466046875 0.5035703125000001
33 0.7649203124999999 0.591059375 0.7917796874999999 0.57855 0.8108484375 0.5613812499999999 0.8004625000000001 0.5304078125 0.8179718749999999 0.51230625 0.8174953125 0.5005921875 0.7983156250000001 0.4776953125 0.7719015625 0.4638046875 0.7589078125000001 0.48079687499999996 0.736596875 0.5303125 0.726084375 0.5335515625 0.718371875 0.5308437500000001 0.7134578125 0.522190625 0.701228125 0.5205921874999999 0.6618203125 0.52369375 0.6428328125 0.542815625 0.6391109375 0.563446875 0.6793140625 0.5798687499999999 0.7345453125 0.59194375 0.7649203124999999 0.591059375
28 0.3906421875 0.3615328125 0.42141406249999996 0.3704109375 0.46489375 0.3926 0.48303906249999995 0.3901171875 0.5080546874999999 0.40698125 0.53803125 0.3963359375 0.556415625 0.399709375 0.5606140625 0.3907921875 0.5542203125 0.383159375 0.553028125 0.3538734375 0.5677375 0.34171874999999996 0.5790124999999999 0.31988906250000004 0.55859375 0.30386875 0.503203125 0.2878890625 0.470475 0.26831875 0.4561296875 0.252121875 0.4317515625 0.2508765625 0.40932812500000004 0.26032500000000003 0.39789375 0.27825 0.4050015625 0.303453125 0.40268125 0.3211125 0.4092328125 0.33265 0.3906421875 0.3615328125
31 0.43373906250000005 0.48635312500000005 0.41651718750000005 0.47415 0.3918984375 0.46704687500000003 0.37367343750000004 0.467578125 0.351728125 0.488740625 0.32806406250000003 0.5050671875 0.3297015625 0.50795 0.3421703125 0.5154062500000001 0.3791765625 0.5280125 0.39740156249999997 0.52748125 0.4153875 0.52109375 0.44280468749999996 0.52225 0.44716093749999997 0.5172375 0.4466046875 0.5035703125000001 0.43373906250000005 0.48635312500000005
31 0.5292687500000001 0.442525 0.530303125 0.4679046875 0.502996875 0.506815625 0.5125078125 0.5163125 0.5581484375 0.5169374999999999 0.5863296874999999 0.49950312500000005 0.585534375 0.47997968750000003 0.54585625 0.43910937499999997 0.5292687500000001 0.442525
29 0.674828125 0.24575468749999999 0.691971875 0.25600625 0.7079546875 0.27508750000000004 0.7155875 0.27584375 0.7258609375 0.2667484375 0.743053125 0.24083749999999998 0.7417 0.207646875 0.734909375 0.190253125 0.7190859374999999 0.1750765625 0.677165625 0.15381875 0.67265 0.154928125 0.674828125 0.24575468749999999
29 0.738790625 0.36019531250000003 0.7451046875 0.365875 0.7517359375 0.3793640625 0.7593687499999999 0.38011875 0.766684375 0.373065625 0.769325 0.363215625 0.7594171875 0.3439578125 0.7589406249999999 0.33224375 0.7523875 0.32070625 0.7429578125 0.3131625 0.7427984375000001 0.3092578125 0.76561875 0.3095703125 0.7669390625 0.30464531250000004 0.7311734375000001 0.2851625 0.7095921875 0.277971875 0.70515625 0.2810328125 0.706953125 0.287821875 0.7322390624999999 0.3486578125 0.7385515625 0.3543375 0.738790625 0.36019531250000003
18 0.6030421875 0.461878125 0.6028046875 0.45602187499999997 0.5996875 0.4541578125 0.5926578124999999 0.43090624999999994 0.5863453125 0.42522656249999996 0.5860265625000001 0.4174171875 0.572 0.4090296875 0.5567328125000001 0.40751875000000004 0.5441859375 0.3981109375 0.5381109375 0.3982875 0.520125 0.404675 0.5127296875 0.4097765625 0.514446875 0.4146140625 0.5598828124999999 0.4474984375 0.57266875 0.4627625 0.5897328125 0.47106250000000005 0.595728125 0.4689328125 0.6030421875 0.461878125
19 0.5629203125 0.634078125 0.5556046875 0.6411328125 0.550721875 0.67059375 0.5360125 0.68275 0.5307328124999999 0.70245 0.53276875 0.715096875 0.557146875 0.7163406250000001 0.5812078125 0.7097765625 0.589159375 0.718340625 0.562140625 0.726946875 0.5658937500000001 0.7444296875 0.5827984374999999 0.7488234375 0.5985421875 0.7620484375000001 0.6137296875 0.76160625 0.6327984375 0.7444359375 0.6499890625 0.718525 0.6706953125 0.704240625 0.667259375 0.6945671875 0.6822078125 0.6882671874999999 0.680490625 0.68343125 0.6698999999999999 0.6847171875 0.68173125 0.6765531250000001 0.6748609375 0.6572078125 0.6775015625 0.6473578125 0.6711875 0.6416765625 0.674065625 0.637684375 0.65100625 0.6315140625 0.5629203125 0.634078125
18 0.50818125 0.746109375 0.5101375 0.756803125 0.5164515625 0.7624828124999999 0.5255640625 0.7622171875 0.52868125 0.76408125 0.5346765625 0.7619515625 0.5529015625 0.761421875 0.555859375 0.75938125 0.568009375 0.7590265625 0.58031875 0.762578125 0.58943125 0.7623125 0.5938671875 0.7592515625 0.5827984374999999 0.7488234375 0.5676109375 0.7492656249999999 0.5629359375 0.7464703125 0.5622203125 0.7288984375 0.55894375 0.7231296875 0.5511515625000001 0.7184703125 0.541959375 0.7167828125 0.5329265624999999 0.7190015625 0.5255328125000001 0.724103125 0.5258499999999999 0.7319125 0.5110609375 0.7421156250000001 0.50818125 0.746109375
18 1 0.8305078124999999 0.7683078125 0.8235640625 0.7490812499999999 0.8368296875000001 0.7437218750000001 0.8545765624999999 0.7713765625 0.861590625 0.7719343750000001 0.87525625 0.73588125 0.8860796875 0.7369953125 0.9134125 0.7237640625 0.9245484375 0.6860734374999999 0.9324859375000001 0.705490625 0.961240625 0.6755609375 0.9357234375000001 0.6138578125 0.9140640624999999 0.5956328125 0.9145953125 0.511728125 0.9825171875 0.511146875 1 0.616221875 1 0.9150296875 0.9913015625 0.9171125 0.9677859375000001 1 0.9638031249999999 1 0.8305078124999999
18 0.6986046875 0.8295015625 0.6772625 0.82816875 0.6710296875 0.824440625 0.6528046875 0.8249718749999999 0.63505625 0.837215625 0.601803125 0.8420937500000001 0.5884921875 0.8512765625000001 0.5827359375000001 0.8592625 0.584453125 0.8641 0.58984375 0.884465625 0.587125 0.8923640625000001 0.5979546874999999 0.8969359375 0.65614375 0.9069703125 0.664015625 0.91358125 0.6643343749999999 0.9213906250000001 0.6751640625 0.9259625 0.726721875 0.92250625 0.733878125 0.9115484374999999 0.724446875 0.9040046875 0.724209375 0.8981468749999999 0.7327640625 0.8842156250000001 0.740159375 0.8791140625 0.7675765625000001 0.8802703125000001 0.77785 0.871175 0.7776109375 0.8653187499999999 0.7697390625 0.85870625 0.73640625 0.86163125 0.7317312499999999 0.858834375 0.73085625 0.8373593749999999 0.7137125 0.8271078125000001 0.6986046875 0.8295015625
18 0.5620609375 0.72499375 0.5659734375000001 0.74638125 0.5827984374999999 0.7488234375 0.6046968749999999 0.7638234374999999 0.78095 0.7606468750000001 0.7910640625 0.7476484375 0.7718859375 0.72475 0.7532640625 0.71551875 0.758225 0.688009375 0.7410812499999999 0.6777578125 0.684371875 0.666703125 0.7082734375 0.656234375 0.7046 0.6407046875 0.6937703125 0.6361328125 0.6204734375000001 0.62849375 0.5599624999999999 0.63611875 0.5534421875 0.662696875 0.536171875 0.6866546875 0.53276875 0.715096875 0.57389375 0.71683125 0.5620609375 0.72499375
29 0.6594656249999999 0.1299015625 0.647078125 0.124396875 0.6281375 0.10735781250000001 0.6173078125 0.10278593750000001 0.5809375 0.1057984375 0.5511984375 0.12230156249999999 0.542165625 0.12451874999999998 0.537728125 0.12758125 0.539525 0.13436874999999998 0.5425625000000001 0.13428125 0.5484 0.128246875 0.633528125 0.12772343749999998 0.6519125 0.1310984375 0.6551875 0.1368671875 0.6627421874999999 0.13566875 0.6594656249999999 0.1299015625
18 0.5768187499999999 0.3033375 0.5812546875 0.3002765625 0.581096875 0.296371875 0.5609953125 0.2881609375 0.55304375 0.279596875 0.5488921875 0.252353125 0.553934375 0.2267953125 0.549178125 0.22204687500000003 0.43663281249999997 0.2214140625 0.4205234375 0.23654375 0.4192828125 0.24342031249999999 0.4530140625 0.2502578125 0.4639234375 0.25678125 0.4798265625 0.273909375 0.512475 0.291528125 0.5646687499999999 0.3036921875 0.5768187499999999 0.3033375
18 0.5372359375 0.19014375 0.5354859375000001 0.14719218750000002 0.5181046874999999 0.131084375 0.49644374999999996 0.121940625 0.4627140625 0.1151046875 0.40700624999999996 0.091315625 0.36088749999999997 0.07897499999999999 0.3457 0.0794171875 0.3149265625 0.070540625 0.2997390625 0.0709828125 0.299978125 0.0768390625 0.3048921875 0.08549218750000001 0.3690296875 0.129559375 0.41530781250000004 0.1458046875 0.49906875 0.18636875 0.52056875 0.19160625 0.5372359375 0.19014375
18 0.4039359375 0.2399578125 0.4160078125 0.23765156250000002 0.4306375 0.22354375 0.549178125 0.22204687500000003 0.5536156250000001 0.2189859375 0.5498624999999999 0.2015046875 0.5387140625 0.1891234375 0.52056875 0.19160625 0.49906875 0.18636875 0.464940625 0.16977031250000002 0.4527109375 0.1681703125 0.44024374999999993 0.160715625 0.4310515625 0.15902812500000002 0.4278546875 0.1552125 0.4233375 0.1563203125 0.42381562500000003 0.168034375 0.4015515625 0.18138749999999998 0.380528125 0.1878640625 0.374690625 0.1938984375 0.380559375 0.225978125 0.4039359375 0.2399578125