9 0.805416978125 0.4632115984375 0.8057583140625001 0.4437675671875 0.7915347781250001 0.3566623296875 0.7330625984375 0.2476614859375 0.7263913984375 0.25382048749999997 0.71614725 0.23917538125 0.668935325 0.236465115625 0.5714163546875 0.258008003125 0.5250887328125 0.2797321203125 0.49363318281249996 0.3516178171875 0.5035343953125 0.4606959671875 0.516501325 0.469766396875 0.5451190609375 0.6342548546875 0.6012097953125 0.7293863468749999 0.6207470890625 0.7381311390625 0.6446082718749999 0.7249031718750001 0.6655077375 0.7308607015625 0.754212996875 0.687996640625 0.77933711875 0.6028257609375001 0.767935596875 0.5793014984375 0.748193503125 0.582223125 0.7517711859375 0.528038528125 0.7390074906249999 0.507301525 0.7619502359375 0.47158358125 0.8025576640625 0.4765638859375 0.7921769796875 0.4696963921875 0.805416978125 0.4632115984375
9 1 0.43579848437499996 0.9948743890625 0.439052940625 0.9386717484375 0.5747212375 0.94105319375 0.588590590625 0.9608976890625 0.57983575625 0.9614096921874999 0.5506697109375 0.9830259625 0.515794778125 1 0.5108369828125 1 0.43579848437499996
18 1 0.43582784218750004 0.9975645984374999 0.43542282187500003 0.9852756062499999 0.4624530375 0.9850366734374999 0.47606385937500006 1 0.47071125468749997 1 0.43582784218750004
18 1 0.470190475 0.9850366734374999 0.47606385937500006 0.9714537734375 0.5019925296875 0.9791458109375 0.512490296875 1 0.5109821421875 1 0.470190475
23 0.5542153046875 0.49004339375 0.5227986203125 0.4849959828125 0.5173856265625 0.4942007765625 0.5231010890625 0.5424850593749999 0.55274283125 0.6486414296875 0.568265003125 0.66185950625 0.588480234375 0.7067049421875 0.5975344437500001 0.7144154484375 0.6132939875 0.7140225499999999 0.62258713125 0.7081222359375 0.62279193125 0.6964558171874999 0.612512084375 0.6837549593750001 0.631269040625 0.6622323156250001 0.6344355562499999 0.6313804000000001 0.6115983796875 0.5862762765625 0.60676565625 0.5624262203125 0.59396939375 0.543633775 0.5917229171875 0.52198665625 0.575046503125 0.49988972968749995 0.5542153046875 0.49004339375
23 0.6880876453125 0.49156491874999997 0.6631373593750001 0.49202492343750004 0.6628301578125 0.50952455 0.6704539281249999 0.5239111249999999 0.6584721375 0.5334417109375 0.6466268796875 0.5351946875 0.64250779375 0.545501028125 0.650263365625 0.6270986953125 0.6579895359375 0.635652059375 0.672793340625 0.6897024453125 0.694952578125 0.6987059234374999 0.7187113593750001 0.691311165625 0.7449555515624999 0.6919527078125001 0.751933953125 0.6682940765625001 0.7471353625 0.64249961875 0.7393409265625001 0.637835059375 0.7326046265625 0.5728940078125 0.7249125890625 0.562396240625 0.7250832578125 0.5526742265625 0.7120464953125001 0.5474924484375 0.7123195640625 0.5319372234374999 0.6969013578125 0.5128860921875 0.6997622359375 0.4995339578125 0.6880876453125 0.49156491874999997
31 0.6009136625 0.52191955 0.59294855625 0.52697700625 0.5965215078125 0.5477811140625 0.611837315625 0.5726654546875001 0.6115983796875 0.5862762765625 0.6218440953125 0.6009215359375 0.6319517109375 0.6233442546875 0.6384181078125 0.628851671875 0.6436604328125 0.6293688921875 0.6476429859375 0.6268401625 0.6503999 0.6193210828125 0.6478136531249999 0.6171181484375 0.64842805625 0.5821188937499999 0.6434246671875 0.5679908515625 0.6382863078125001 0.561640578125 0.64138455625 0.53467746875 0.6296758328125 0.52865283125 0.6034999078125 0.5241224843750001 0.6009136625 0.52191955
18 0.6685377203125 0.707786396875 0.6831073203125 0.7004589 0.6727250734375 0.6935912515625 0.6730664078124999 0.674147221875 0.6679963156250001 0.663908140625 0.6615283515625 0.6584005703125 0.6379402390625 0.6560733140624999 0.6339576874999999 0.6586020421875001 0.6258901812500001 0.66949270625 0.6283414578125 0.6794734109375 0.6256853796875 0.6811591265625 0.624222371875 0.68977975 0.62279193125 0.6964558171874999 0.6291900625 0.7058520390624999 0.6685377203125 0.707786396875
31 0.7462216578125 0.545020934375 0.7489444390625 0.5394462578125 0.7491833734375 0.5258354375 0.7388368234375 0.517023540625 0.7390757578125 0.5034127203125001 0.7498319109375 0.48889178125 0.7500708453125 0.47528095937500003 0.7584455515624999 0.44689066562499996 0.7415969046875001 0.4345156015625 0.72328525 0.4307611609375 0.7049053265625 0.4308955265625 0.700922775 0.43342425625000003 0.703235953125 0.45118241406250004 0.6873398765625 0.45935292656250004 0.6924115328125 0.46959216093749995 0.6895847875000001 0.480999890625 0.6803257781250001 0.484955803125 0.6646345015625 0.48145989531250005 0.663205628125 0.48813611718749994 0.669672025 0.49364353281250006 0.6959162171875 0.49428507499999996 0.70636516875 0.4972637625 0.7141937390625 0.4999839171875 0.728420440625 0.5121002953125 0.7309399859375 0.518192190625 0.7203870703125 0.521046559375 0.7203188015624999 0.5249353640625001 0.7228042125 0.5329716640625 0.7266843640625 0.5362761453125 0.730632784375 0.5356918187499999 0.725253925 0.5429522109375 0.7304962500000001 0.5434694296875 0.7277719046875 0.549043953125 0.7342740015625 0.5526071203125 0.7462216578125 0.545020934375
23 0.613615425 0.39656763906250003 0.59530376875 0.3928131984375 0.5662002625 0.4055239453125 0.511127196875 0.4020380828125 0.5005758453125 0.4048926046875 0.49894060625 0.42323508906249996 0.5035343953125 0.4606959671875 0.5099666578125001 0.46814778593749995 0.5152089828124999 0.4686650046875 0.5627265453125 0.4538754890625 0.575831575 0.4551684609375 0.5943138984375 0.44920088593749996 0.6074189265625 0.45049385781250006 0.620592221875 0.44789802500000003 0.6380537078125 0.42527368125000004 0.6604177484375 0.422610740625 0.6645027 0.414248803125 0.6529646453125 0.3985021515625 0.6372392359375 0.39695064687500003 0.62927413125 0.402008103125 0.6214114265624999 0.4012323515625 0.613615425 0.39656763906250003
23 0.5389677640625 0.461270246875 0.531002659375 0.466327703125 0.5295722203125 0.4730037703125 0.5412126749999999 0.4829172125 0.5724928265625 0.4957422375 0.598327415625 0.5197166140625 0.6166049375 0.5254154578125 0.6428149953125 0.5280014015625001 0.6506094328125 0.5326659593749999 0.66112665 0.531755840625 0.66779785 0.525596840625 0.66796851875 0.515874825 0.6576561 0.505118525 0.6577585015625 0.499285315625 0.644824140625 0.48827032968750006 0.6372686375 0.46999494999999997 0.6177996109375 0.4573613515625 0.5679688703125 0.454392709375 0.5389677640625 0.461270246875
23 0.6165739718750001 0.45237100156250004 0.6373027703125 0.468050546875 0.64111465625 0.4752438328125 0.646322846875 0.47770545625 0.6803599109375 0.4830114 0.6896530546874999 0.47711108593749996 0.68985785625 0.4654446671875 0.6691290578125 0.44976512187499995 0.6667476109375 0.43589576875 0.6603494796875 0.42649954687499997 0.644624071875 0.4249480421875 0.6406415187500001 0.4274767703125 0.6405732515625 0.43136557656249996 0.62995206875 0.4381087484375 0.6272292875 0.443683425 0.6179361437499999 0.44958374062499995 0.6165739718750001 0.45237100156250004
23 0.533733340625 0.3107754625 0.5179396640625 0.3131127640625 0.50599200625 0.32069895000000004 0.49642579375 0.3421544875 0.494858821875 0.3566081671875 0.502482590625 0.370994740625 0.5167108578125 0.3831112734375 0.5427828171875 0.393474675 0.5507137890625 0.3903616203125 0.5717156546875 0.3904859421875 0.6007508953125 0.3816640015625 0.616476303125 0.3832155046875 0.6296496 0.3806196703125 0.6416655234374999 0.36914467968750003 0.6628706281250001 0.357602428125 0.6629388953124999 0.353713621875 0.62798339375 0.32591770000000003 0.6097400046875 0.318274453125 0.5782209203125 0.31906024843749997 0.5678045375 0.31413700312500004 0.533733340625 0.3107754625
10 0.576588846875 0.262413875 0.5687261421875001 0.2616381234375 0.5449673609375 0.26903288125 0.5277432453124999 0.27804625 0.5156931890625 0.29146564375 0.5153859875 0.3089652703125 0.5704264828125 0.314395690625 0.5730127296874999 0.3165986265625 0.5861177578125 0.31789159843750003 0.5940145953125 0.3167229484375 0.60460008125 0.3119240234375 0.6282564625 0.31036247499999997 0.64020411875 0.302776290625 0.645685378125 0.2896826875 0.64309913125 0.287479753125 0.6458219125 0.2819050765625 0.643235665625 0.279702140625 0.6433722000000001 0.271924528125 0.6265918187499999 0.25566065937500004 0.6161413046875001 0.25268181562500003 0.608244465625 0.25385046718750004 0.576588846875 0.262413875
23 0.6880598484375 0.3435316015625 0.6749206859375 0.344183034375 0.6628706281250001 0.357602428125 0.6627682265625 0.36343563749999996 0.6535449156250001 0.3654473 0.6415972562500001 0.3730334859375 0.6375464375 0.37945101875 0.6360477312499999 0.3900158921875 0.6555850265625 0.398760684375 0.6646051015625 0.40841559375 0.664263765625 0.42785962499999997 0.67192166875 0.44030179374999995 0.6691973234375 0.44587631562499996 0.6717510015625 0.45002380937500003 0.6808377796875 0.4557897578125 0.70187378125 0.4539696765625 0.7033724875 0.44340480312499997 0.695646315625 0.43485143906249996 0.7144358421875 0.41138423749999997 0.7173308546875 0.3960877 0.70994601875 0.36809030625 0.6968751234375 0.36485293125 0.69456194375 0.34709477031249997 0.6880598484375 0.3435316015625
31 0.650384734375 0.246321496875 0.630574371875 0.2531319296875 0.6305061046875 0.25702073593749997 0.638266409375 0.263629696875 0.6458901796875 0.2780162703125 0.645582978125 0.295515896875 0.6401699859375001 0.30472069375 0.6176709765624999 0.3151613984375 0.6162746718750001 0.3198930625 0.6253971468749999 0.3237147640625 0.6499719640625 0.3446431921875 0.652524078125 0.34879053125000004 0.6509912375 0.3612998078125 0.67457935 0.3636270640625 0.7008576765625001 0.3623242015625 0.7074947421875 0.358109603125 0.70524983125 0.3364626375 0.6987834312500001 0.330955221875 0.6856442703125001 0.3316066515625 0.6792104390625 0.324154678125 0.679346975 0.316377065625 0.6664141765625 0.305362234375 0.6616838546875 0.27567896875 0.663523896875 0.245670065625 0.650384734375 0.246321496875
31 0.732652996875 0.270994321875 0.737997721875 0.26567833125 0.7340834359375 0.2643182546875 0.7314289234375 0.266004125 0.72499509375 0.25855215 0.7200274015625 0.24247986250000003 0.7108707921875 0.24060256406249997 0.695077115625 0.242939865625 0.6793517062500001 0.2413883609375 0.6635580296875 0.2437256625 0.65297098125 0.24852443124999998 0.6515762390625001 0.2532562515625 0.6592682765625 0.2637540171875 0.6588928078125 0.2851424515625 0.6638605 0.301214740625 0.669000425 0.3075651703125 0.66893215625 0.311453975 0.6792787078125 0.320265871875 0.6792104390625 0.324154678125 0.6856784031250001 0.32966225 0.709266515625 0.33198950625 0.7119210296875 0.3303036359375 0.7250260578125001 0.3315966078125 0.7382334875 0.3270563703125 0.742250175 0.32258323906249997 0.7452460234375 0.3014533390625 0.7377929203125 0.27734475000000003 0.732652996875 0.270994321875
31 0.73726668125 0.606466078125 0.739852928125 0.6086690156250001 0.7371301484375 0.6142436921875001 0.747442565625 0.6249999921875 0.7445491171875 0.6402966828125 0.7497231734375001 0.644702709375 0.7496549078125 0.648591515625 0.75356919375 0.6499515921875 0.7762047359375 0.6317332734375001 0.7767167374999999 0.6025672281250001 0.7741304921875 0.6003642921875 0.7742328921875 0.594531084375 0.7677649296875 0.5890235125000001 0.7467987609375 0.58695494375 0.7401601296875 0.5911693875 0.7387638234375 0.595901053125 0.73726668125 0.606466078125