9 0.42633023281250004 0 0.4219679671875 0.0068371625000000005 0.454678028125 0.0220239671875 0.47174560625 0.050469840625 0.455675490625 0.0796978046875 0.44896033593749995 0.14001038906250002 0.43163074687499997 0.1449466171875 0.41344434375 0.181820409375 0.36320891718750004 0.2263572484375 0.3613686984375 0.2474241734375 0.3329528296875 0.23835036718749997 0.2907518328125 0.2682723421875 0.2880215140625 0.22767287500000002 0.237599971875 0.20799397968750002 0.22493240781249998 0.1816683265625 0.20354048749999998 0.219310084375 0.218708046875 0.247416896875 0.12287873281249999 0.2584261734375 0.13444488906250002 0.396873578125 0.132113875 0.41250451874999994 0.106259340625 0.4266180796875 0.12696133437499998 0.4383288671875 0.10995509375000001 0.4312891953125 0.09371599375 0.44310505625 0.094820821875 0.4967863390625 0.15927522656249998 0.5630898453125 0.14281986093750001 0.5828905984375 0.1420685953125 0.6108369375 0.25030374375000003 0.659533865625 0.24786718593749998 0.6791560296875 0.26156054375000004 0.6909562203124999 0.2729707328125 0.6929872593749999 0.2888261203125 0.671744409375 0.3135462390625 0.6761470984375 0.2945628265625 0.7663644390625 0.3986568921875 0.779558603125 0.4055737578125 0.8302651734375001 0.4218744765625 0.83985396875 0.49634048281250004 0.7942856015624999 0.5069835296874999 0.777461109375 0.6346297296875 0.7199718078124999 0.6432638546875 0.7068005890625 0.638248546875 0.6564333 0.7605448906250001 0.67955554375 0.7579679593749999 0.609564759375 0.7970710828125 0.57641664375 0.78155024375 0.46668066250000007 0.7951819828125 0.457076196875 0.8101808406250001 0.4677693578125 0.8414957296875001 0.5348562828125 0.8611087703125 0.5396876578125 0.8173423015625 0.4382917375 0.8275845046875 0.36523661875 0.8427346515625 0.3465413453125 0.8768682125 0.23762873125 0.8716384578125 0.19524500312499998 0.8449551640624999 0.16909837656249999 0.8118775484375 0.1912849 0.80373575625 0.2098923203125 0.7893353375000001 0.20064103906250003 0.794595240625 0.1708241359375 0.73570855625 0.18172855937500001 0.7069263890624999 0.210029846875 0.7217087 0.22870945156250003 0.7176009062500001 0.28681064218749996 0.6842469437500001 0.29557762187500003 0.6368315078125 0.3299208359375 0.6279057203125 0.28286754062499997 0.6169881453125 0.28627115625 0.6001051421875 0.3220407984375 0.5815792359375 0.3240901703125 0.56486521875 0.3772719140625 0.5423846250000001 0.408032709375 0.5237531734374999 0.414073303125 0.5318346046875 0.37406299375 0.5691360640625 0.336144978125 0.568807375 0.3102116328125 0.5353769390625 0.3060927203125 0.5325687390625 0.29931302187500003 0.5544054265625 0.292506009375 0.560754284375 0.2695685203125 0.55780951875 0.236952615625 0.526065171875 0.18583591093750002 0.5290400875 0.1462511890625 0.5356177296875 0.1621317890625 0.548545765625 0.1550751171875 0.5320131859375 0.10666779687500001 0.54562933125 0.050259912500000004 0.5145447640625 0.0219912953125 0.502812853125 0 0.42633023281250004 0
20 0.1389722578125 0.6076110156250001 0.21900626562499997 0.6392490265624999 0.22082907343749997 0.5713800171875 0.17600512031249999 0.5567099703125 0.147543228125 0.5730349234375 0.1389722578125 0.6076110156250001
20 0.2820322140625 0.6638487015625001 0.4656694953125 0.70324489375 0.4871227546875 0.6870093421875 0.5178537609375 0.633650340625 0.5162740140625 0.6213349421875 0.4921508 0.618373915625 0.46554625625 0.6604355796875 0.2820322140625 0.6638487015625001
18 0.6327094375 0.5070245250000001 0.5950170781249999 0.5350759359375 0.5778736046875 0.6042279015625 0.5882561796875 0.6207857328124999 0.66643409375 0.6266888015625 0.7553608796875 0.6117746046875 0.7701117234375 0.536848921875 0.7586703453125 0.4412110484375 0.7451898953125 0.4214270796875 0.709168771875 0.4109994640625 0.675001925 0.426308125 0.6327094375 0.5070245250000001
29 0.42160640781250003 0.375821209375 0.37868401406249996 0.36149044375 0.34109748125 0.38554907968749996 0.335455684375 0.40593766093749994 0.3296592421875 0.45571579218749997 0.3439065515625 0.49435684062499996 0.36629565625 0.5143904703125 0.3613575625 0.5322312546875 0.391782634375 0.5376502375000001 0.40586124218749997 0.5588776375 0.4591487984375 0.5429641484375 0.5054591265624999 0.45494120000000005 0.483024278125 0.4603047828125 0.47074014531249997 0.4434076703125 0.46537127656250005 0.3114127625 0.44776715781250004 0.30292811406250003 0.4328302 0.313638059375 0.42160640781250003 0.375821209375
18 0.4812204859375 0.7407802453125 0.536149128125 0.758588359375 0.5490771624999999 0.7515316890625 0.605753215625 0.6332613859375 0.5686416015625 0.615954140625 0.5321455578125 0.6468924109375 0.4812204859375 0.7407802453125
20 0.4307958046875 0.555296765625 0.37853404375 0.55668479375 0.2657601078125 0.582059059375 0.23458558749999997 0.6045850828125 0.22280784531250003 0.639927371875 0.2381901328125 0.6600490734375 0.46815333593749997 0.658225734375 0.48080376718749995 0.6377477515625001 0.49316225625000004 0.5570468046875 0.474852615625 0.5511112812500001 0.44769440156250007 0.566330540625 0.4307958046875 0.555296765625
20 0.40736823125 0.8345954593749999 0.42448155625000006 0.837644125 0.4810216328125 0.795567225 0.44820420937499994 0.7843729765624999 0.4011566078125 0.7813413140625001 0.40736823125 0.8345954593749999
20 0.515937928125 0.7523135578125 0.5050819718749999 0.7771218281250001 0.64114756875 0.7144464203124999 0.6393375 0.6633127140624999 0.6095563312500001 0.63393995 0.547881128125 0.74864328125 0.515937928125 0.7523135578125
18 0.4043774421875 0.827378315625 0.4218744765625 0.83985396875 0.4810216328125 0.795567225 0.465317534375 0.7874216406250001 0.3992550515625 0.7810020343749999 0.4043774421875 0.827378315625
18 0.514036371875 0.7519742765624999 0.5050819718749999 0.7771218281250001 0.64114756875 0.7144464203124999 0.6393375 0.6633127140624999 0.6121634109375 0.631730103125 0.547881128125 0.74864328125 0.514036371875 0.7519742765624999
18 0.5092783984375 0.50242008125 0.5269282625 0.48550751718749996 0.5106732859374999 0.45052151093750004 0.4917813625 0.489944428125 0.5092783984375 0.50242008125