18 0.3511078125 0.1572265625 0.3029921875 0.109375 0.2860875 0.1123046875 0.2600796875 0.1572265625 0.27828437500000003 0.2353515625 0.296490625 0.2568359375 0.30949375 0.2275390625 0.335503125 0.2099609375 0.3511078125 0.1669921875 0.3511078125 0.1572265625
18 0.707415625 0.2626953125 0.7412265625 0.1865234375 0.7334234375 0.1201171875 0.7100171875 0.0732421875 0.6567000000000001 0.0390625 0.576075 0.021484375 0.500653125 0.021484375 0.43043125 0.033203125 0.3758140625 0.048828125 0.3146953125 0.0869140625 0.3758140625 0.13671875 0.45123749999999996 0.064453125 0.4746453125 0.0703125 0.49284999999999995 0.0625 0.7022140625 0.1611328125 0.7022140625 0.1826171875 0.667103125 0.212890625 0.5968828125 0.24609375 0.5292609374999999 0.263671875 0.43823437500000006 0.26953125 0.39141875000000004 0.263671875 0.33940312499999997 0.24609375 0.3224984375 0.2529296875 0.317296875 0.2861328125 0.34590624999999997 0.3076171875 0.4343328125 0.4384765625 0.47204375 0.46484375 0.5331625 0.4755859375 0.5890796875000001 0.45703125 0.6814078125 0.4111328125 0.707415625 0.3173828125 0.707415625 0.2626953125
18 0.4057234375 0.4306640625 0.37191406250000003 0.3583984375 0.3237984375 0.298828125 0.3146953125 0.2998046875 0.257478125 0.3955078125 0.245775 0.404296875 0.236671875 0.3994140625 0.29128906250000003 0.2880859375 0.2886875 0.2607421875 0.257478125 0.1904296875 0.257478125 0.1494140625 0.1976609375 0.0927734375 0.1157359375 0.04296875 0.0871265625 0.033203125 0.02210625 0.03125 0 0.0478515625 0.0026015625 0.3369140625 0.026007812499999998 0.3681640625 0.0546171875 0.4462890625 0.1079328125 0.490234375 0.18335625 0.5234375 0.3277 0.5283203125 0.3706125 0.517578125 0.397921875 0.4970703125 0.40832499999999994 0.4736328125 0.4057234375 0.4306640625
9 0.7113171875 0.90625 0.75813125 0.912109375 0.786740625 0.88671875 0.830953125 0.8828125 0.847859375 0.8681640625 0.8530609374999999 0.8291015625 0.832253125 0.8154296875 0.850459375 0.8076171875 0.8556609375 0.7841796875 0.8738671874999999 0.7705078125 0.8634640625 0.7685546875 0.8530609374999999 0.6767578125 0.8270515625 0.5732421875 0.8140484375 0.5615234375 0.8140484375 0.4970703125 0.7568312500000001 0.4072265625 0.7672343749999999 0.3681640625 0.7516296875 0.3232421875 0.7490281249999999 0.2763671875 0.71521875 0.2529296875 0.7412265625 0.1865234375 0.728221875 0.1044921875 0.707415625 0.0712890625 0.6384953125 0.033203125 0.5682734375 0.021484375 0.48764843750000003 0.0234375 0.37841562500000003 0.048828125 0.3107953125 0.091796875 0.2925890625 0.09375 0.2600796875 0.1533203125 0.25617812500000003 0.1796875 0.2496765625 0.1376953125 0.16255 0.0703125 0.0949296875 0.03515625 0.02210625 0.03125 0.0026015625 0.0458984375 0 0.0673828125 0.0026015625 0.2333984375 0.010403125000000001 0.2529296875 0.0052015625000000005 0.3564453125 0.01950625 0.359375 0.031209375 0.3759765625 0.05981875 0.4521484375 0.1183359375 0.5 0.18595625 0.525390625 0.2886875 0.5322265625 0.22626875000000002 0.5419921875 0.26267968750000004 0.5498046875 0.2496765625 0.5654296875 0.247075 0.6455078125 0.236671875 0.6669921875 0.2496765625 0.7001953125 0.2392734375 0.7001953125 0.237971875 0.6875 0.2223671875 0.748046875 0.2184671875 0.7314453125 0.21066406249999997 0.7353515625 0.21066406249999997 0.7958984375 0.21716562499999997 0.80078125 0.21976718750000002 0.79296875 0.236671875 0.8154296875 0.2288703125 0.8232421875 0.2314703125 0.8955078125 0.247075 0.8896484375 0.253578125 0.919921875 0.26398125 0.912109375 0.2717828125 0.919921875 0.4031234375 0.9267578125 0.4252296875 0.91015625 0.5916812499999999 0.912109375 0.6567000000000001 0.876953125 0.7113171875 0.90625
31 0.2873875 0.70703125 0.26398125 0.70703125 0.234071875 0.7197265625 0.2184671875 0.7783203125 0.235371875 0.80859375 0.275684375 0.8173828125 0.315996875 0.806640625 0.34850625 0.7763671875 0.317296875 0.7216796875 0.2873875 0.70703125
31 0.401821875 0.7421875 0.4343328125 0.7177734375 0.442134375 0.7021484375 0.412225 0.65625 0.336803125 0.658203125 0.315996875 0.6484375 0.3120953125 0.6650390625 0.26658125 0.685546875 0.25227656249999997 0.7099609375 0.2314703125 0.7216796875 0.2184671875 0.7783203125 0.22366875 0.7958984375 0.245775 0.814453125 0.275684375 0.8173828125 0.318596875 0.8046875 0.3433046875 0.7841796875 0.34590624999999997 0.7646484375 0.401821875 0.7421875
31 0.459040625 0.82421875 0.4252296875 0.8359375 0.3758140625 0.8359375 0.34850625 0.8525390625 0.34590624999999997 0.8779296875 0.3862171875 0.900390625 0.4850484375 0.912109375 0.5981828124999999 0.9111328125 0.6163875 0.8935546875 0.6163875 0.8505859375 0.5864796875 0.828125 0.459040625 0.82421875
23 0.667103125 0.7734375 0.6202890625 0.75390625 0.5487671875 0.7861328125 0.55136875 0.7998046875 0.5786765625 0.826171875 0.6697046875 0.87109375 0.71651875 0.90625 0.75943125 0.9111328125 0.7854390625 0.8857421875 0.7958421875 0.8525390625 0.706115625 0.80859375 0.667103125 0.7734375
23 0.25227656249999997 0.8916015625 0.253578125 0.90625 0.2834859375 0.9111328125 0.25227656249999997 0.8916015625
23 0.336803125 0.87890625 0.318596875 0.89453125 0.315996875 0.88671875 0.30689375 0.8896484375 0.30559375 0.91796875 0.40832499999999994 0.9287109375 0.418728125 0.9169921875 0.412225 0.90234375 0.3706125 0.896484375 0.336803125 0.87890625
12 0.3003921875 0.814453125 0.2392734375 0.8544921875 0.26137968749999996 0.875 0.30949375 0.8759765625 0.34850625 0.8466796875 0.3277 0.8271484375 0.3237984375 0.80859375 0.3003921875 0.814453125
12 0.768534375 0.64453125 0.747728125 0.662109375 0.7243203125 0.6640625 0.67750625 0.640625 0.6918109375 0.7021484375 0.768534375 0.720703125 0.8049453124999999 0.75390625 0.8244515625 0.7548828125 0.8036453124999999 0.7412109375 0.7776375 0.6865234375 0.7750359375 0.6474609375 0.768534375 0.64453125
23 0.3107953125 0.87890625 0.295190625 0.88671875 0.26137968749999996 0.876953125 0.254878125 0.8837890625 0.25617812500000003 0.908203125 0.3342015625 0.923828125 0.36281093750000004 0.919921875 0.41092500000000004 0.9267578125 0.41482656249999994 0.904296875 0.36801249999999996 0.896484375 0.33940312499999997 0.87890625 0.3107953125 0.87890625
21 0.4252296875 0.23828125 0.40832499999999994 0.2607421875 0.4681421875 0.2666015625 0.4252296875 0.23828125
21 0.574775 0.2119140625 0.5318625 0.1875 0.44863749999999997 0.19921875 0.43173125 0.2255859375 0.50975625 0.2646484375 0.5812765625 0.248046875 0.5955812500000001 0.2353515625 0.572175 0.2177734375 0.574775 0.2119140625
22 0.37841562500000003 0.1953125 0.3641109375 0.1982421875 0.3706125 0.208984375 0.48894843750000005 0.2666015625 0.49675156249999997 0.2626953125 0.48764843750000003 0.255859375 0.4252296875 0.220703125 0.37841562500000003 0.1953125