31 0.34764062500000004 0.41848124999999997 0.33561562500000003 0.41262499999999996 0.32670468750000003 0.41237812500000004 0.31511093749999997 0.42310625 0.30794375 0.4362296875 0.3035171875 0.43383281250000005 0.29514999999999997 0.441075 0.28207499999999996 0.46865781249999994 0.2844765625 0.48042187500000005 0.2907046875 0.4916421875 0.2995046875 0.5009828125 0.308359375 0.505778125 0.319840625 0.5041453125 0.3211546875 0.5009328125 0.3358625 0.495815625 0.342315625 0.48884531249999996 0.3499703125 0.48775781250000005 0.36479062500000003 0.47354531250000004 0.3668734375 0.45963125 0.36266875 0.43904375 0.34764062500000004 0.41848124999999997
31 0.370228125 0.3940859375 0.3778828125 0.3929984375 0.37985156249999996 0.3881796875 0.37745 0.37641562500000003 0.371221875 0.3651953125 0.3642234375 0.3646765625 0.3505484375 0.38931875 0.35655312499999997 0.418728125 0.370925 0.44089687499999997 0.37584062500000004 0.4553296875 0.3840390625 0.46173125 0.39229375 0.46358437500000005 0.397434375 0.4598265625 0.40334375 0.44536875 0.40214218749999997 0.43948593750000003 0.40536874999999994 0.4360015625 0.40608125 0.42984687499999996 0.400453125 0.4215671875 0.39242187500000003 0.401525 0.38613749999999997 0.39485156250000003 0.3771703125 0.399153125 0.37514375 0.4085203125 0.3713734375 0.404515625 0.370228125 0.3940859375
23 0.5189765625 0.2594546875 0.47239375 0.26758906250000003 0.45565937500000003 0.28207343749999997 0.4523765625 0.29010625 0.454178125 0.298928125 0.47166406250000004 0.32670781249999997 0.4880625 0.3395078125 0.492378125 0.351 0.50931875 0.371290625 0.524628125 0.3691140625 0.5587359375000001 0.3915046875 0.5868390625 0.3844828125 0.6032375 0.397284375 0.6122046875 0.392984375 0.6222765625 0.35069531249999997 0.6167609374999999 0.333321875 0.58779375 0.30717500000000003 0.55768125 0.2705984375 0.53805625 0.2612828125 0.5189765625 0.2594546875
23 0.4352078125 0.6496593749999999 0.41220468749999994 0.6045078125 0.39181093749999996 0.6058921875000001 0.3904984375 0.60910625 0.35665468749999996 0.6169421875000001 0.3516265625 0.6116046875000001 0.3478 0.6121484374999999 0.343915625 0.6172390625 0.3493203125 0.643709375 0.35615 0.6578703124999999 0.3662625 0.6639984375 0.37391562500000003 0.6629109375 0.3954546875 0.6719546875 0.4069359375 0.6703234375 0.43612812500000003 0.6782796875 0.45395 0.6787734375000001 0.4566328125 0.6678 0.45543125 0.6619171875000001 0.44723281249999997 0.6555171875 0.4414921875 0.6563328125 0.4352078125 0.6496593749999999
13 0.45357343749999995 0.6576421875 0.46385468750000003 0.650128125 0.46785 0.635940625 0.4624453125 0.609471875 0.46255781249999994 0.6003765624999999 0.46004375 0.5977078125 0.45824218749999995 0.588884375 0.454471875 0.58488125 0.43784999999999996 0.5902703125000001 0.41636875 0.576678125 0.410628125 0.57749375 0.4116046875 0.601565625 0.43460625 0.64671875 0.4408921875 0.6533921874999999 0.45357343749999995 0.6576421875
31 0.4576421875 0.58594375 0.41636875 0.576678125 0.4116046875 0.601565625 0.43460625 0.64671875 0.46385468750000003 0.650128125 0.4576421875 0.58594375
31 0.7264984375 0.47055625 0.7324796874999999 0.3985859375 0.700021875 0.3456984375 0.674825 0.3235546875 0.634415625 0.34745781249999996 0.6073046875 0.3255859375 0.5870078125 0.370840625 0.609296875 0.422146875 0.57988125 0.43238125 0.6216828125 0.5021 0.6393375 0.5162359375000001 0.679521875 0.5105234375000001 0.7264984375 0.47055625
33 0.700021875 0.3456984375 0.674825 0.3235546875 0.634415625 0.34745781249999996 0.6073046875 0.3255859375 0.5871203125 0.36174531249999997 0.6098984375 0.4250890625 0.57988125 0.43238125 0.6273109375 0.510378125 0.679521875 0.5105234375000001 0.7264984375 0.47055625 0.7330796875 0.40152656249999996 0.700021875 0.3456984375
33 0.6887375 0.5894125 0.7197875 0.6016453125 0.7712625 0.5065625 0.7923125 0.503571875 0.7946187499999999 0.47146718749999994 0.7703031250000001 0.4295265625 0.6923171875 0.505678125 0.6836703125 0.5356578125 0.6887375 0.5894125
19 0.556171875 0.547728125 0.5508796874999999 0.5121625 0.560353125 0.466934375 0.58598125 0.5056609375 0.6100328125 0.5173734375000001 0.6222828125000001 0.505040625 0.5627703125 0.42573437500000005 0.556165625 0.39338281249999996 0.534684375 0.379790625 0.5141234375 0.39481875 0.48232187499999996 0.340325 0.4686296875 0.41792968750000004 0.49365781249999996 0.45371562499999996 0.5020640625 0.49489062500000003 0.49013437499999996 0.532903125 0.49499375 0.551884375 0.4600046875 0.549290625 0.45452812500000006 0.5803328125 0.4698765625 0.6265734375 0.49732343749999997 0.621159375 0.48820312499999996 0.5861390625 0.545275 0.6052640625000001 0.5729296875000001 0.634625 0.5957796875 0.64045625 0.6573515624999999 0.6044671875 0.6543484375 0.5897609375 0.5707125 0.556253125 0.5748765625 0.5284234375 0.564971875 0.55706875 0.556171875 0.547728125
18 0.33284375 0.534075 0.3304421875 0.5223109375 0.3217546875 0.5038734375 0.308359375 0.505778125 0.30201875 0.503653125 0.2907046875 0.4916421875 0.2813625 0.47481093750000003 0.278190625 0.4737484375 0.270425 0.48393125000000003 0.26468437499999997 0.48474843749999996 0.25823125 0.49171875 0.2446109375 0.5118125 0.2426421875 0.51663125 0.2438421875 0.5225140625 0.2632984375 0.5454734375 0.272153125 0.5502671875 0.2754359375 0.5422343749999999 0.27380312500000004 0.51976875 0.2863171875 0.5376609375 0.28680625000000004 0.549696875 0.3056609375 0.569715625 0.3158296875 0.571296875 0.3236515625 0.556565625 0.3244203125 0.5458640625 0.32956093750000004 0.5421078125000001 0.33284375 0.534075
18 0.3034671875 0.592725 0.3046671875 0.5986078125 0.30969531250000004 0.6039453124999999 0.3070703125 0.610371875 0.30887031249999997 0.61919375 0.33035312499999997 0.6327859375 0.34243437499999996 0.6340953125000001 0.34440468750000003 0.6292765625000001 0.343915625 0.6172390625 0.34976875 0.607328125 0.3431640625 0.5749765625000001 0.3387921875 0.5680328125 0.3311375 0.5691203125000001 0.325453125 0.5653890625 0.3222828125 0.5643265625 0.3158296875 0.571296875 0.3034671875 0.592725
18 0.4686421875 0.7266203124999999 0.4780421875 0.738903125 0.48569531250000003 0.7378140625 0.48772187499999997 0.7284484375 0.49554375000000006 0.7137171875 0.49708125000000003 0.6923140625 0.504471875 0.661 0.503271875 0.6551171874999999 0.494528125 0.641228125 0.4875859375 0.6361625 0.484415625 0.6351 0.47473593750000004 0.6455546875 0.4648875 0.6696515625 0.46132343750000004 0.7004234375 0.4686421875 0.7266203124999999
18 0.68389375 0.51746875 0.6801234375 0.5134640625 0.6654703125 0.514034375 0.656559375 0.5137875000000001 0.6481921875000001 0.5210296875 0.6405375 0.5221171874999999 0.6464859374999999 0.556075 0.646375 0.5651703125 0.6444046875 0.569990625 0.629096875 0.572165625 0.6296406250000001 0.5796546874999999 0.6334109375 0.5836578125 0.6429796875 0.5822984375 0.6556625 0.5865484375000001 0.663315625 0.5854609375 0.6658296874999999 0.5881296875 0.6811390625 0.585953125 0.6843656250000001 0.58246875 0.6870484375 0.5714953125 0.6829562499999999 0.5418125 0.6850953125 0.52335 0.68389375 0.51746875
33 0.6843656250000001 0.58246875 0.6870484375 0.5714953125 0.684646875 0.55973125 0.6854703125 0.54448125 0.6836703125 0.5356578125 0.6856953125 0.526290625 0.68389375 0.51746875 0.6801234375 0.5134640625 0.6654703125 0.514034375 0.656559375 0.5137875000000001 0.655246875 0.517 0.6495062500000001 0.5178171875 0.6475359375 0.5226359375 0.6530515625 0.5400109375000001 0.652940625 0.5491046875000001 0.6496578125 0.5571375 0.6465421874999999 0.551528125 0.6458859375 0.553134375 0.6469750000000001 0.5681109375 0.6430921875 0.573203125 0.6335234375 0.5745625000000001 0.631009375 0.57189375 0.6296406250000001 0.5796546874999999 0.635325 0.5833859375 0.64680625 0.5817546874999999 0.6658296874999999 0.5881296875 0.6811390625 0.585953125 0.6843656250000001 0.58246875
10 0.590184375 0.5262484374999999 0.588815625 0.534009375 0.5954203125 0.566359375 0.6055328125 0.5724890625 0.6444046875 0.569990625 0.6470875 0.5590171875000001 0.63988125 0.5237234374999999 0.634196875 0.5199921875 0.6214578125 0.5202890625000001 0.590184375 0.5262484374999999
19 0.691346875 0.6359515625000001 0.629775 0.671940625 0.621015625 0.711015625 0.6215437500000001 0.7714671875 0.6600234375 0.8008015625 0.6673015625 0.7785828125 0.6850125 0.7881703124999999 0.6939796874999999 0.7838703125 0.6880875 0.7453640625 0.764478125 0.6951640625 0.784159375 0.6999328125 0.794590625 0.7317390625 0.805303125 0.740809375 0.8483390625 0.7104812500000001 0.86906875 0.6818109375 0.8484125 0.6529703125 0.811190625 0.6249703125 0.7545515625 0.622428125 0.691346875 0.6359515625000001
31 0.74643125 0.7128609375 0.7086484375000001 0.7303359375 0.6982546875 0.7469453125000001 0.6900000000000001 0.7450921875 0.6867171875 0.753125 0.6891203124999999 0.7648890625 0.702778125 0.7932125 0.7090640625 0.799884375 0.71671875 0.7987968750000001 0.725796875 0.7854 0.7334515625 0.7843125 0.7450453125000001 0.7735859375 0.78796875 0.752353125 0.794478125 0.740834375 0.7908765625 0.7231890625 0.7759046875 0.6980796875 0.7561109375 0.70240625 0.74643125 0.7128609375
23 0.89880625 0.69725625 0.8804390625 0.6892734375 0.8683 0.6925125000000001 0.8528234375 0.70833125 0.8527109375 0.7174265625 0.8588281249999999 0.737740625 0.8707421875 0.7526937499999999 0.8795968750000001 0.7574875 0.8955062500000001 0.7582515625 0.91501875 0.7766640625 0.931528125 0.7803703125 0.9475484375000001 0.772040625 0.976140625 0.7770546875 0.9844515625 0.7743609375 0.9801359375 0.76286875 0.9562531249999999 0.7375125 0.9429703125 0.730321875 0.9397437500000001 0.73380625 0.9341140625 0.7255265625 0.92143125 0.7212765625 0.89880625 0.69725625
28 0.80725625 0.7889546875 0.8015156250000001 0.7897703125 0.7981765625 0.80235 0.777728125 0.8082828125000001 0.7608828125 0.8318625000000001 0.755140625 0.8326781249999999 0.7530593750000001 0.8465921875 0.79908125 0.8839343749999999 0.811875 0.8790890625 0.8188171875 0.8841546875 0.8283859375 0.8827953125000001 0.8451187499999999 0.8683109375000001 0.8768984375000001 0.821425 0.8854328125 0.800540625 0.86280625 0.7765187499999999 0.8503484374999999 0.754078125 0.8170484374999999 0.769403125 0.80725625 0.7889546875
18 0.7161171875 0.7958546875 0.712834375 0.8038875000000001 0.7206406249999999 0.8421218749999999 0.7282390624999999 0.8455812500000001 0.7520265625 0.8270687499999999 0.7705625 0.8214078125000001 0.7796421875 0.8080109375 0.7968640625 0.8055625 0.8157359375000001 0.7726171875000001 0.8496921875 0.755684375 0.8516625 0.750865625 0.847346875 0.7393734375000001 0.7950234375 0.7483234375000001 0.7834296875 0.75905 0.759753125 0.76846875 0.7161171875 0.7958546875
33 0.619703125 0.714228125 0.6252921875 0.674090625 0.612553125 0.6743875 0.611240625 0.6776015625 0.59593125 0.6797765625000001 0.59461875 0.682990625 0.588878125 0.6838062500000001 0.58236875 0.6953234375 0.5828562500000001 0.707359375 0.5853703125 0.710028125 0.5883734375 0.7247343749999999 0.5825203125 0.7346453125 0.5824078125 0.743740625 0.5884125 0.77315 0.5921828125 0.7771546875 0.5979234375 0.7763375 0.615971875 0.758640625 0.6223687499999999 0.75621875 0.6199671875 0.7444546875 0.62330625 0.7318749999999999 0.619703125 0.714228125
19 0.8181875 0.6254890625 0.8193890625 0.6313703125 0.8478125000000001 0.650028125 0.8603828124999999 0.6633734375 0.8686375 0.6652265625 0.8736656249999999 0.6705656249999999 0.8800062499999999 0.672690625 0.881375 0.6649296875 0.87368125 0.6176015625 0.8642828124999999 0.60531875 0.8598546875 0.602921875 0.8534015625 0.609890625 0.8476609375 0.6107078125000001 0.8432890625 0.6037625 0.83055 0.6040593750000001 0.8273234374999999 0.6075453125 0.8181875 0.6254890625
18 1 0.6676078125 0.9923640625000001 0.6491546875 0.9829640625 0.636871875 0.9709375 0.6310156250000001 0.9562859375 0.631584375 0.9344109375 0.649825 0.9049953125 0.660059375 0.9003984375 0.6713046874999999 0.9034015625 0.686009375 0.9227453125 0.7180640625 0.951225 0.732175 0.9694796875 0.7492515625 1 0.7880015625000001 1 0.6676078125
9 1 0.6639796875 0.999721875 0.663240625 0.973325 0.6352156250000001 0.94145 0.6382328125 0.9396093750000001 0.5809921874999999 0.9157265625000001 0.5556375 0.8845484375 0.6054640625000001 0.8550921875 0.56728125 0.8397828125 0.5694578124999999 0.8426734375 0.5932578125 0.7380265625 0.6111578125 0.598375 0.6794296875 0.6045640624999999 0.6422328125 0.643059375 0.618603125 0.6471109375 0.59986875 0.70260625 0.59198125 0.707465625 0.6109625000000001 0.7182906250000001 0.6109375 0.758059375 0.5356765625000001 0.8024484375000001 0.550553125 0.7995015624999999 0.5313 0.7825046875 0.5155578125 0.7988625 0.4799421875 0.7802875 0.4371875 0.7320328125 0.3744390625 0.6772671875 0.3232078125 0.6254890625 0.339646875 0.5626375 0.27292031250000004 0.5214203125 0.25910781250000003 0.46909687499999997 0.2680578125 0.36283906250000003 0.3648734375 0.257559375 0.4857609375 0.2354046875 0.5267390625 0.2408078125 0.553209375 0.25906406249999997 0.5702859375 0.26814218749999996 0.5568890625 0.2710328125 0.580690625 0.28716718750000003 0.563265625 0.29634218749999997 0.5937375 0.35985 0.6588578125 0.4544796875 0.678696875 0.4823984375 0.7382828124999999 0.5012296875 0.6569203124999999 0.5322234375 0.6737 0.5566515625 0.7065453125000001 0.581471875 0.70755625 0.6010796875 0.7698375000000001 0.620928125 0.7609625 0.656725 0.8012703125 0.66711875 0.7846609375 0.6925953125000001 0.7840671875 0.7390484374999999 0.8379921875 0.763325 0.831515625 0.7916921875 0.8547203124999999 0.817225 0.8495781250000001 0.8170578125000001 0.8632203125 0.7838703125 0.8694515624999999 0.799009375 0.8809171875 0.8469625000000001 0.8650234375 0.8950984375000001 0.782521875 0.9360359375 0.819071875 0.9420015625 0.800065625 0.9853015624999999 0.7999640625 1 0.7922609375 1 0.6639796875
8 0.43475156249999997 0.5316953125 0.4348640625 0.5226 0.42283906250000003 0.5167437500000001 0.407809375 0.49618124999999996 0.4004921875 0.469984375 0.3724453125 0.47245781249999996 0.35057031250000004 0.49069843750000003 0.330121875 0.49663124999999997 0.324925 0.5049359375 0.3261265625 0.51081875 0.338640625 0.5287109375 0.3519234375 0.5359015625 0.3741734375 0.5387921875 0.3968 0.5628140625 0.41893906249999996 0.5748 0.4289953125 0.585475 0.44681718750000005 0.5859687499999999 0.45726562499999995 0.5648125 0.4594046875 0.54635 0.45580156250000003 0.528703125 0.45011718749999996 0.5249718750000001 0.44054843750000006 0.5263312499999999 0.43792187499999996 0.5327578125 0.43475156249999997 0.5316953125
22 0.4945046875 0.5398468750000001 0.4659703125 0.530284375 0.45897187500000003 0.529765625 0.45880312500000003 0.543409375 0.4765703125 0.54845 0.48351249999999996 0.553515625 0.489253125 0.5527 0.4917671875 0.55536875 0.4981640625 0.5529468750000001 0.49827656249999996 0.5438515625 0.4945046875 0.5398468750000001
8 0.39985312500000003 0.41862656249999997 0.3899078125 0.39885468749999997 0.3829109375 0.3983375 0.3764578125 0.40530625000000003 0.3744875 0.4101265625 0.3756890625 0.4160078125 0.388915625 0.42774687499999997 0.39022812500000004 0.424534375 0.39596875 0.42371875000000003 0.40039687500000004 0.426115625 0.39985312500000003 0.41862656249999997
8 0.463096875 0.45352031249999997 0.45615468750000004 0.44845468750000006 0.43701875 0.45117343749999994 0.4295328125 0.43861875 0.4175625 0.428215625 0.400996875 0.42905625000000003 0.399628125 0.4368171875 0.40202968749999995 0.44858125 0.40109218750000003 0.47292500000000004 0.4046953125 0.490571875 0.415953125 0.5071296875 0.427265625 0.519140625 0.44568906249999996 0.522575 0.45263125000000004 0.527640625 0.4641125 0.526009375 0.47990937499999997 0.53586875 0.490790625 0.531296875 0.49664374999999994 0.5213859375000001 0.5020640625 0.49489062500000003 0.4948578125 0.45959843749999996 0.4886296875 0.44837812499999996 0.477315625 0.4363671875 0.46774843749999995 0.43772656249999997 0.463096875 0.45352031249999997