9 0.9126734375 0.3657625 0.901053125 0.33245468749999996 0.8725328125 0.3041890625 0.8722296875 0.28895624999999997 0.8574609375 0.28723437500000004 0.824325 0.23582968750000002 0.66340625 0.066259375 0.64054375 0.047031250000000004 0.6085984375 0.0458390625 0.5333078125 0.10661875000000001 0.3877 0.2879859375 0.249503125 0.42423593750000005 0.2240765625 0.45634218750000005 0.22519218749999997 0.47439687499999994 0.200528125 0.4878875 0.20948281249999998 0.5296531250000001 0.261421875 0.5861734375000001 0.3035453125 0.5766671875 0.3747953125 0.625890625 0.605753125 0.6703578125 0.6354921874999999 0.646159375 0.6588875 0.6636953125 0.6757875 0.6586515625 0.7642453125 0.60466875 0.8318453124999999 0.58449375 0.8714328124999999 0.5236453125 0.90604375 0.5163796875 0.9156359374999999 0.485934375 0.9376609374999999 0.4916203125 0.960703125 0.47248437499999996 0.9646874999999999 0.4544390625 0.9530671875 0.42113125 0.9126734375 0.3657625
31 0.47600468749999997 0.2830859375 0.48534375 0.2588453125 0.5019390625 0.23856875 0.5115078125 0.1974046875 0.5044546875 0.165796875 0.500140625 0.157890625 0.49288437500000004 0.1539265625 0.46448906250000005 0.17925625 0.4465734375 0.20912187499999998 0.3930296875 0.27107187499999996 0.390365625 0.279528125 0.3928 0.2879953125 0.406553125 0.3145390625 0.432865625 0.3174125 0.4572765625 0.3101265625 0.47600468749999997 0.2830859375
31 0.5901234375 0.06667656250000001 0.5860890624999999 0.0632828125 0.5799234375 0.06665625 0.5284875 0.111121875 0.5003953125 0.151684375 0.5188140625 0.22280625 0.55055625 0.2516421875 0.5567234375 0.24826874999999998 0.560403125 0.214990625 0.5935953125 0.1744375 0.5986453125 0.153009375 0.5980390625 0.12254374999999999 0.5921015625 0.10899218749999999 0.5901234375 0.06667656250000001
31 0.593421875 0.0994046875 0.6015390625 0.127628125 0.597884375 0.171625 0.60031875 0.1800921875 0.6143 0.1897109375 0.6204671875 0.1863390625 0.60773125 0.134975 0.609559375 0.11297656250000002 0.615421875 0.0943703125 0.6280078125 0.08142031250000001 0.6411515624999999 0.07749843749999999 0.6521640625 0.080340625 0.6658421875 0.07472656250000001 0.6580265625 0.061734374999999994 0.6378546875 0.0447703125 0.6260296875 0.0391046875 0.61341875 0.041335937499999996 0.5967984375000001 0.05089375 0.5909359375000001 0.0694984375 0.593371875 0.07796562500000001 0.593421875 0.0994046875
31 0.7251375 0.17808593749999999 0.72886875 0.166246875 0.727753125 0.148190625 0.7245046875 0.13690156250000002 0.7199375 0.13520000000000001 0.708621875 0.11712343750000001 0.6650546875 0.0826234375 0.6392734375 0.0780578125 0.6312296875000001 0.081990625 0.615421875 0.0943703125 0.6082390625 0.1225640625 0.60773125 0.134975 0.624221875 0.18521875000000002 0.6524625000000001 0.20896875 0.6589078125000001 0.2101109375 0.71925 0.1859734375 0.7251375 0.17808593749999999
31 0.76195 0.309609375 0.7662640625 0.317515625 0.7875015624999999 0.3310984375 0.804146875 0.33225937499999997 0.8296234374999999 0.32159218749999996 0.8435046875 0.288334375 0.8337625 0.25446562500000003 0.7737296875 0.180440625 0.74414375 0.1555578125 0.7339687500000001 0.16625625 0.729171875 0.18147968750000001 0.73241875 0.19276875 0.746425 0.21310625 0.7626125 0.24811718749999997 0.764540625 0.26899531250000003 0.76058125 0.297759375 0.76195 0.309609375
31 0.5971859375 0.44919062500000007 0.6137828125 0.42891406249999997 0.6172093750000001 0.401840625 0.5996515625 0.35498124999999997 0.5589546875 0.2843796875 0.5535249999999999 0.2584171875 0.525284375 0.23466562500000002 0.51615 0.2312625 0.506228125 0.23575624999999997 0.48590156249999994 0.2678734375 0.48003906250000006 0.28647812500000003 0.4862796875 0.3152625 0.5112984375 0.33844375000000004 0.5358078125 0.37403437500000003 0.5684375 0.43784999999999996 0.580540625 0.44802968749999994 0.5971859375 0.44919062500000007
31 0.3143265625 0.42277812499999995 0.30495625 0.43490624999999994 0.3004203125 0.442259375 0.30138125 0.45330624999999997 0.3027625 0.47116718750000003 0.300909375 0.48244687500000005 0.28294375 0.4908734375 0.2802546875 0.4886109375 0.26523281249999997 0.49309531250000005 0.247775 0.4891109375 0.23708281250000002 0.49182812499999995 0.23529375 0.5010265625 0.24105625000000003 0.5179734375 0.24727968749999998 0.533446875 0.25972343750000004 0.5483718750000001 0.268071875 0.5596703125 0.27532812500000003 0.563634375 0.3037484375 0.5490234375 0.329734375 0.5259453125 0.331865625 0.5191796875 0.3492734375 0.501725 0.3519375 0.49326875000000003 0.3470671875 0.476334375 0.328078125 0.43667187500000004 0.31373125 0.41762187500000003 0.3143265625 0.42277812499999995
31 0.841671875 0.42372812499999996 0.8548406249999999 0.430525 0.8722984374999999 0.43450937500000003 0.89483125 0.427784375 0.90955 0.40806875 0.911403125 0.3967890625 0.9119109375000001 0.384378125 0.9037921875 0.3561546875 0.88009375 0.3233859375 0.8755265624999999 0.32168437499999997 0.8644890625 0.308121875 0.8515984375000001 0.3058390625 0.8398 0.31089375 0.8307140625 0.328928125 0.829953125 0.34754375 0.8256890625000001 0.361075 0.8254843749999999 0.38871875 0.8311671875 0.408475 0.841671875 0.42372812499999996
31 0.8438281249999999 0.42768281249999995 0.8311921874999999 0.41919531250000003 0.8287812499999999 0.421446875 0.820484375 0.431584375 0.8170578125000001 0.4586578125 0.8194921875000001 0.46712499999999996 0.82890625 0.4750421875 0.841796875 0.47732343750000006 0.8605734375 0.4717203125 0.8664609375 0.46383437499999997 0.8723234375000001 0.44522812500000003 0.8707 0.43958281250000003 0.859409375 0.4322265625 0.8438281249999999 0.42768281249999995
31 0.47490781249999997 0.3891453125 0.4977953125 0.41909062500000005 0.5077421875 0.42531718749999997 0.5169265625 0.4501578125 0.5231171875 0.4575046875 0.5392296875 0.4603578125 0.550496875 0.4569953125 0.5628046875 0.43953125000000004 0.54849375 0.40396093750000006 0.5304296875000001 0.36951093749999997 0.5215484375 0.3599015625 0.5164234375000001 0.3491734375 0.4862796875 0.3152625 0.47978437500000004 0.2926828125 0.4703953125 0.29548593749999996 0.46131093749999996 0.3135203125 0.4785640625 0.3451484375 0.48262343750000003 0.359259375 0.473284375 0.3835 0.47490781249999997 0.3891453125
31 0.8251312499999999 0.352046875 0.828328125 0.3418984375 0.826959375 0.3300484375 0.822925 0.32665625 0.7985140625 0.333940625 0.771109375 0.32373124999999997 0.7686984375 0.3259828125 0.77519375 0.3485625 0.7741281250000001 0.3519453125 0.7776296874999999 0.35702968749999997 0.7996546875 0.362715625 0.8053375 0.382471875 0.8093718750000001 0.385865625 0.8139390625 0.3875671875 0.822515625 0.38194218750000003 0.8251312499999999 0.352046875
31 0.77115 0.5719609375 0.75719375 0.5730625 0.72923125 0.553825 0.71821875 0.55098125 0.7139296875000001 0.55379375 0.7220484375 0.58201875 0.7247390625000001 0.5842796875 0.7322984375 0.6034765625 0.7417125 0.61139375 0.7462796875000001 0.6130953124999999 0.76236875 0.6052296875 0.7701328125 0.5967828125 0.7738640625000001 0.5849421875 0.7741171875 0.5787375 0.77115 0.5719609375
23 0.725740625 0.3219484375 0.7426390625 0.3169046875 0.7581703125 0.3000109375 0.7619 0.2881703125 0.7629171875 0.26335000000000003 0.7588578125 0.2492375 0.7599234375 0.2458546875 0.7572328125000001 0.2435921875 0.75155 0.2238359375 0.73404375 0.1984140625 0.7246296875 0.190496875 0.7200624999999999 0.18879531249999998 0.710140625 0.1932890625 0.6709859375 0.2095703125 0.6643125000000001 0.225353125 0.67166875 0.27219375 0.6814109375 0.3060625 0.690825 0.3139796875 0.725740625 0.3219484375
23 0.5659562499999999 0.2945484375 0.59478125 0.33804687499999997 0.6063515625 0.3499171875 0.6122875 0.36346875 0.6217015625 0.37138593750000004 0.6445390625 0.37989375000000003 0.6678828125 0.37599218749999996 0.6745578125 0.3602078125 0.6795828125 0.3280609375 0.6725296875 0.2964546875 0.67085625 0.269371875 0.659490625 0.2298578125 0.6508640625 0.21404375 0.6319671875 0.1933234375 0.6119703125 0.1816375 0.5968421875 0.185728125 0.5887984375 0.1896609375 0.56816875 0.20654374999999997 0.5606828125 0.21950468750000002 0.5572812500000001 0.257296875 0.5659562499999999 0.2945484375
23 0.4591 0.401525 0.487165625 0.36011875 0.47798281249999997 0.3452046875 0.463003125 0.33055 0.4522015625 0.3208359375 0.41139843750000005 0.32075468749999997 0.40279687500000005 0.31565937499999996 0.3893953125 0.3127953125 0.372784375 0.31628124999999996 0.3542484375 0.32328437499999996 0.322078125 0.35047656250000003 0.30736093750000004 0.3701921875 0.3025640625 0.385415625 0.314184375 0.4187234375 0.332225 0.4424546875 0.42479218750000003 0.42402187500000005 0.4591 0.401525
23 0.47705937499999995 0.50649375 0.488071875 0.5093375 0.4955828125 0.5070953125 0.5036031249999999 0.49244374999999996 0.509465625 0.47383749999999997 0.5123593750000001 0.44845625 0.5074875 0.43152187499999994 0.49079218750000003 0.408921875 0.478409375 0.3942296875 0.46899687500000004 0.3863125 0.4665859375 0.38856406250000003 0.447578125 0.4110921875 0.43443437500000004 0.415015625 0.43336874999999997 0.41839843749999994 0.4111140625 0.42963593749999995 0.4151734375 0.44374843750000004 0.4541984375 0.4872671875 0.47705937499999995 0.50649375
23 0.42991250000000003 0.5481484375 0.433896875 0.530103125 0.42253125 0.49058906249999995 0.4232921875 0.4719734375 0.4100484375 0.43301875 0.40225937500000003 0.430746875 0.361215625 0.43595937500000004 0.3461796875 0.44135468749999995 0.3328875 0.44294218750000003 0.3437765625 0.4705875 0.3561984375 0.4933609375 0.37300468750000004 0.51776875 0.3893390625 0.5311421875 0.39877656250000004 0.549778125 0.40819062500000003 0.5576953125 0.4165140625 0.5582765625 0.42991250000000003 0.5481484375
23 0.2718484375 0.40083906249999995 0.2696015625 0.40904375000000004 0.25640625 0.408390625 0.25219375 0.4264984375 0.23747500000000002 0.4462140625 0.23372031249999997 0.44733437499999995 0.2315875 0.45410000000000006 0.22488906250000001 0.4591640625 0.22329062500000002 0.4642390625 0.225725 0.47270625 0.2351390625 0.4806234375 0.26254374999999996 0.4908328125 0.2840109375 0.48749062500000007 0.2867 0.489753125 0.300909375 0.48244687500000005 0.3027625 0.47116718750000003 0.300328125 0.4627 0.3010890625 0.444084375 0.2975375 0.4175625 0.2991125 0.40176875 0.2958640625 0.3904796875 0.29666875 0.3816625 0.2875421875 0.3898984375 0.2718484375 0.40083906249999995
23 0.301321875 0.5509328124999999 0.3045859375 0.5690828125 0.3176171875 0.5769640625 0.3337671875 0.5956828125 0.35114531250000003 0.6145609375000001 0.3793625 0.6275937500000001 0.47040468750000003 0.6463921874999999 0.5001953125 0.64363125 0.5068703125 0.6278484375 0.5057546875 0.6097921875 0.512403125 0.583290625 0.5059078125 0.5607109375 0.48893437500000003 0.5335984375 0.46746718749999994 0.5369390625 0.447115625 0.5583375 0.41275781250000004 0.559396875 0.3995890625 0.5526 0.3874609375 0.5317015625 0.37056875 0.522909375 0.35639375 0.52125625 0.340171875 0.526096875 0.313159375 0.54445625 0.301321875 0.5509328124999999
23 0.441228125 0.5662234374999999 0.4744703125 0.547109375 0.4755359375 0.5437265625000001 0.48786874999999996 0.53698125 0.4924109375 0.5279625 0.489975 0.5194953124999999 0.48378437500000004 0.51215 0.4603890625 0.4946140625 0.45069687500000005 0.48218281249999995 0.43859375 0.47200312499999997 0.43430468749999995 0.474815625 0.4167734375 0.44880156250000003 0.4233421875 0.49341093750000004 0.4333390625 0.521075 0.4344546875 0.5391296875 0.430190625 0.5526609375 0.4326265625 0.561128125 0.441228125 0.5662234374999999
23 0.5942421875 0.453134375 0.5622703125 0.441221875 0.5513078124999999 0.4598171875 0.53171875 0.4626 0.52121875 0.48530625 0.5095265625 0.49909375 0.49827343749999997 0.5093578125 0.49428906250000004 0.527403125 0.49997187500000007 0.547159375 0.5299109375 0.6087125 0.5385125000000001 0.6138078124999999 0.5613 0.600878125 0.5746484374999999 0.5693109375 0.6335203125 0.49044687500000006 0.648721875 0.44760156249999994 0.6547921875 0.41896093749999996 0.6443187499999999 0.40296093749999995 0.6375234375 0.41675781250000005 0.6188328125 0.4074859375 0.613528125 0.43511875 0.6046968749999999 0.4469484375 0.5942421875 0.453134375
23 0.7730625 0.355328125 0.7735078125 0.33498125 0.7576031249999999 0.3103046875 0.736753125 0.324790625 0.68196875 0.31509062499999996 0.6764359375 0.35964843750000003 0.6705734375 0.37825312499999997 0.663340625 0.385009375 0.670696875 0.43184843749999996 0.6820140625 0.449925 0.69761875 0.46518750000000003 0.72984375 0.47089375 0.7491296875 0.4528796875 0.765396875 0.4066515625 0.7730625 0.355328125
23 0.7246484375 0.48491249999999997 0.73054375 0.5258171875000001 0.716903125 0.53283125 0.718609375 0.5455625000000001 0.7508828125 0.5727109375 0.7725359375 0.576546875 0.7863953125 0.5532859375 0.8004859375000001 0.48965312499999997 0.8071859375000001 0.4845890625 0.8127000000000001 0.45422031250000006 0.818690625 0.427421875 0.8098984375 0.41386406249999996 0.807925 0.3967984375 0.8050828125 0.388678125 0.801278125 0.3683609375 0.7918640625 0.36044375 0.7765640625 0.36041249999999997 0.7696609375000001 0.3931203125 0.749940625 0.4557015625 0.7402984375 0.464709375 0.7246484375 0.48491249999999997
23 0.6434671875 0.4782453125 0.5993078125 0.545859375 0.57901875 0.57398125 0.5683984375 0.6051031250000001 0.5769734375 0.6349109375 0.579603125 0.657665625 0.6007703125 0.673415625 0.6245671875000001 0.6574875 0.699440625 0.5565859375 0.709084375 0.547578125 0.70799375 0.5402421875 0.720275 0.512059375 0.7210375 0.49344374999999996 0.7161671875 0.47650781249999996 0.7094421875 0.470853125 0.702996875 0.4697125 0.6974421875 0.47537812500000004 0.6846546874999999 0.46154062500000004 0.6812921875 0.45665781250000004 0.66801875 0.4547359375 0.6559125 0.4568765625 0.64624375 0.453878125 0.6434671875 0.4782453125
23 0.7946734375 0.529696875 0.7914765625 0.5398453125 0.7936328125000001 0.5437984375 0.8057109375 0.5432578125 0.847021875 0.5309296875 0.8480874999999999 0.527546875 0.9071093749999999 0.512996875 0.9129968749999999 0.5051109375 0.91485 0.49383125000000005 0.9121593750000001 0.49156875 0.958209375 0.4769984375 0.9564562499999999 0.443684375 0.9340468749999999 0.4474296875 0.9090562500000001 0.44900312500000006 0.8916656250000001 0.44977968749999997 0.875809375 0.445684375 0.8683390624999999 0.4632734375 0.851996875 0.47734531249999995 0.8259624999999999 0.478984375 0.81789375 0.4721984375 0.8136046875 0.4750109375 0.7943703125 0.5144640625 0.7946734375 0.529696875
23 0.774675 0.5877656250000001 0.771478125 0.5979140625 0.7731015625000001 0.6035578125 0.8082453125000001 0.5946015625000001 0.8093125000000001 0.59121875 0.8356 0.5833734374999999 0.841209375 0.5709734375 0.8121562499999999 0.5444 0.8075890625 0.5426984375 0.792034375 0.5488734375 0.7749046875000001 0.570840625 0.774675 0.5877656250000001
23 0.850571875 0.557453125 0.860215625 0.5484453125 0.8708984375 0.5253359375 0.8668640625 0.5219421875 0.8475546875 0.5292390625000001 0.7877453125 0.551684375 0.7749046875000001 0.570840625 0.7698796875 0.6029875 0.7537906249999999 0.610853125 0.753815625 0.6215734375 0.760540625 0.627228125 0.7680515625 0.6249859375 0.7763234375 0.6041296875 0.8356 0.5833734374999999 0.850571875 0.557453125
23 0.72861875 0.6367546875000001 0.735571875 0.6254859374999999 0.7384906250000001 0.6108234375 0.7331109375 0.6062984375 0.7287984375 0.5983921875 0.7247390625000001 0.5842796875 0.7177359375 0.5741109375 0.7128640625 0.5571765625 0.6959640625 0.5622203125 0.6876671875 0.5723578125000001 0.685534375 0.5791234375000001 0.6817796875 0.5802453125 0.6769828125 0.5954671874999999 0.6818546875 0.6124015625 0.70365 0.6350125 0.7211078125 0.638996875 0.72861875 0.6367546875000001
23 0.5366125 0.620475 0.5148859375 0.585765625 0.5151171875 0.6284515625 0.5129859375 0.6352171875 0.5151671875 0.6498890625 0.5279171875 0.6480796875 0.5382453125 0.6567671875000001 0.5586078125 0.6595171875 0.5745171874999999 0.6612921875 0.5761171875 0.6562171875 0.57368125 0.64775 0.5701046875 0.6178359375 0.5568046875 0.605621875 0.5366125 0.620475
23 0.663584375 0.6055953125 0.659296875 0.6084078125 0.6571640624999999 0.6151734375 0.636559375 0.6427765625 0.6384609375 0.652934375 0.647875 0.6608515625 0.657009375 0.6642546874999999 0.6720312500000001 0.659771875 0.6768531249999999 0.6552687500000001 0.6829703125 0.6304578125 0.6789109375 0.6163453125 0.6710953125 0.6033546875 0.663584375 0.6055953125