9 0.19226237031249999 0.7345839078124999 0.202378871875 0.7393147453125 0.4498951265625 0.77877900625 0.4630747984375 0.7732055250000001 0.46613813281249994 0.7628996625 0.4457252921875 0.7336912296875 0.4472454109375 0.7024138234375 0.4341689796875 0.6863210875 0.42153114687500004 0.6358033890625 0.4108479921875 0.634916103125 0.4083513109375 0.6413784171875 0.363460315625 0.631534834375 0.28073165312500004 0.62688281875 0.2745547546875 0.6583294265624999 0.2416586671875 0.6614310203125 0.223537253125 0.6690960234375 0.22559550156250002 0.6970571249999999 0.18850416406249998 0.718153453125 0.19226237031249999 0.7345839078124999
9 0.43444505937500005 1 0.43300782968749996 0.9877476578125 0.3645657765625 0.9175872078125 0.34677939062499996 0.91249655625 0.268888740625 0.927423875 0.3051833546875 0.9012592156249999 0.3693275171875 0.8957504734375 0.3798807328125 0.8660592109374999 0.3629960296875 0.8443693546875 0.2932656453125 0.8143968718749999 0.2532661625 0.813296646875 0.228503209375 0.8345822703125 0.19632880156250002 0.801339446875 0 0.7787794781249999 0 0.9140618406250001 0.0365589484375 0.9211787953125 0.035888890624999996 0.9466901062499999 0.33215056875000004 0.9986465515624999 0.3414302265625 1 0.43444505937500005 1
23 0.6536868828125 0.0456545515625 0.53988843125 0.06315621875 0.5184736125 0.07221520625 0.51319545 0.087060609375 0.5291800265625 0.125349896875 0.5471980359375 0.1393526546875 0.5622561171875 0.141993515625 0.6796312171875 0.1211768625 0.71031403125 0.1226150359375 0.749285165625 0.1097348234375 0.7838280375 0.10593546406250001 0.7912662984375001 0.097383175 0.7952313156249999 0.0704781078125 0.6536868828125 0.0456545515625
10 0.830751865625 0.20682266093749999 0.8756428609375 0.21666624375 0.9005841 0.21512715624999998 0.9041624671875 0.21181085 0.9018710406249999 0.17493741406250002 0.889927915625 0.151157584375 0.8826964640625 0.11637435 0.869620034375 0.100281615625 0.868873540625 0.08437840468749999 0.8012545796874999 0.07153414218750001 0.785269403125 0.148574996875 0.79005595625 0.178985890625 0.805062415625 0.1924598578125 0.830751865625 0.20682266093749999
28 0.8187793421875 0.476782075 0.8432072671874999 0.4682521046875 0.901123346875 0.389694484375 0.942127915625 0.35252774375 0.9400180468749999 0.3353997484375 0.9146118421875 0.3191159453125 0.902385471875 0.297257115625 0.9099271390625001 0.2670370625 0.900815725 0.2240392625 0.8304684578125 0.20874520937500002 0.8020507015625 0.191932615625 0.7544579328125 0.23188554843750003 0.7268631046875 0.27239068906249997 0.691186928125 0.2838771453125 0.6143527109375 0.3650314375 0.6156660203125 0.377089553125 0.68899786875 0.4559946828125 0.8187793421875 0.476782075
13 0.7325017125 0.18170711875 0.756878015625 0.1840102578125 0.7710861984374999 0.19241566875 0.784264315625 0.1868419609375 0.7867609984375 0.18037964687500002 0.7791427328125 0.169186721875 0.7797093859374999 0.165343175 0.7712412234375 0.1599148 0.7590148531249999 0.13805596874999998 0.759579953125 0.13421219375 0.7491817609375 0.13140258437500002 0.7065806390625 0.158432209375 0.6604544859375 0.17794371250000002 0.6568762828125 0.1812584703125 0.6551778781250001 0.1927893421875 0.66199941875 0.198913934375 0.668022684375 0.1999699703125 0.6902356171874999 0.1959810890625 0.7025655546875 0.1961706109375 0.7146637046875 0.1874495734375 0.7325017125 0.18170711875
23 0.668870590625 0.3095337875 0.6953319484375 0.27671729218749996 0.71453333125 0.27219961875 0.7679710796875 0.2135561859375 0.7677912390625 0.193809425 0.7563113625 0.18785380625 0.7229002437500001 0.1839658421875 0.7036470765625 0.19931816875 0.69996546875 0.22430068749999998 0.65798261875 0.23665365781249997 0.64686275 0.270188465625 0.6240829999999999 0.2780224421875 0.6283044546875 0.3122771125 0.618136334375 0.3183793828125 0.6125763171874999 0.3351475609375 0.6185477984375 0.3470382515625 0.6289475437500001 0.3498480859375 0.644957534375 0.3250548625 0.668870590625 0.3095337875
23 0.7727297890625 0.537706553125 0.7828979109375 0.53160428125 0.826475596875 0.5293897484375 0.84323208125 0.5204997359375 0.8465786609375 0.508272871875 0.8390121796875001 0.48624529375 0.6914429296875 0.46036547499999997 0.643180540625 0.41050112499999997 0.6355106546875 0.410141309375 0.631263784375 0.43896915156249994 0.6320088859374999 0.45487058906250005 0.639345296875 0.46798628906250006 0.63641018125 0.5088720203125 0.651648265625 0.5312580953125 0.6696661125000001 0.5452624015625 0.7000656796875 0.5486215750000001 0.7442100203125 0.5425634921875 0.7727297890625 0.537706553125
13 1 0.194519659375 0.990443128125 0.1608987046875 0.9721934937500001 0.1379838390625 0.9737134484375 0.10670797812499999 0.873531875 0.0842094296875 0.905166 0.1735436578125 0.9130152875 0.3089788296875 0.9457579031250001 0.33837833125 0.943722915625 0.3626646328125 0.9651392890625001 0.3536058734375 0.9329379109374999 0.3834453328125 0.92333644375 0.38570405625 0.9236714718749999 0.37294840156250003 0.915151525 0.37835468125 0.9197597937499999 0.389019040625 0.9041350609375 0.3902217296875 0.8580855062499999 0.45114620624999996 0.974277071875 0.44885153125 1 0.43920345312500003 1 0.194519659375
23 0.17599757968750002 0.3522285203125 0.189922353125 0.362556478125 0.21100369843750003 0.366253375 0.24827642968750002 0.36490403437499996 0.2505932703125 0.338694959375 0.2538882296875 0.337301203125 0.25615312343749996 0.321928328125 0.24904833750000002 0.3177247359375 0.21290891250000002 0.3113869796875 0.2096155078125 0.3127809640625 0.20058069218750002 0.31119613749999997 0.179730971875 0.3164113484375 0.17064437187499998 0.32566117499999997 0.15859800625 0.323547559375 0.1440547953125 0.327897803125 0.1423548359375 0.33942845 0.1488931328125 0.3474740421875 0.1546329890625 0.350452625 0.1696910703125 0.35309348749999997 0.17599757968750002 0.3522285203125
13 0.377799309375 0.4398616046875 0.3987006515625 0.4238132859375 0.4307986234375 0.4156415875 0.45448005468749997 0.3912084078125 0.4581100421875 0.37705899375 0.44230530625000003 0.3585164703125 0.4326272390625 0.319362215625 0.38840646562500003 0.284005775 0.360890228125 0.2505955234375 0.3488438625 0.2484819078125 0.322434125 0.270465296875 0.2845694890625 0.33873915 0.2446464421875 0.37905344687500003 0.2377478640625 0.446844471875 0.26562394375 0.5197466984375 0.3330629015625 0.5128457453124999 0.3251613921875 0.503573821875 0.377799309375 0.4398616046875
31 0.5991638203125 0.5624692171875 0.61723345 0.56563886875 0.6553546890625 0.5585232046875 0.6685345234375 0.5529481765625001 0.6704643890625 0.5503309578125 0.6486365515625 0.5307308500000001 0.6437465921875 0.5219877187499999 0.6352784296875 0.51655934375 0.629023540625 0.5065912015625 0.6079421968750001 0.50289430625 0.577774415625 0.508445690625 0.5527296078124999 0.531654090625 0.5507477953125 0.5451075109375 0.5545562328125 0.550703084375 0.5819440859375 0.553535015625 0.5991638203125 0.5624692171875
33 0.2270126515625 0.5721188859375 0.2571288125 0.5774006078125 0.31331968125 0.5734545953125 0.355019121875 0.5630241734375 0.3534741890625 0.5420539515625 0.336589484375 0.5203640953125 0.2977217546875 0.5115765453125001 0.2853919796875 0.511385478125 0.27960033906250004 0.5192415484375 0.2716470453125 0.5208042796875 0.2615307078125 0.516071896875 0.244517784375 0.463802171875 0.2333713828125 0.44509067187499995 0.20565005468750003 0.4550146234375 0.184182059375 0.474906490625 0.1824836546875 0.48643736249999997 0.1980049828125 0.5069024359375 0.18443833437499998 0.5360677734375 0.2016080015625 0.555835309375 0.2270126515625 0.5721188859375
28 0.5283539046875 0.414020809375 0.546140290625 0.4191114625 0.59170118125 0.4034452828125 0.6232325015625 0.3991171328125 0.60776279375 0.3678189515625 0.6154844625 0.3573441140625 0.6150227687500001 0.339520128125 0.6247260875 0.3155934171875 0.615228025 0.29618437656249996 0.59391505625 0.28357537499999996 0.56954030625 0.2812724625 0.55358054375 0.29523080468749996 0.518986053125 0.30986327187499996 0.46222853124999996 0.31765283125 0.44024705781250006 0.330555365625 0.44917846875 0.35380795468750004 0.46253675312500003 0.3679779140625 0.4582898828125 0.39680575625 0.4511333125 0.4034368171875 0.45437665000000005 0.41287616875 0.47301293437499997 0.412202271875 0.50171254375 0.4270920921875 0.5283539046875 0.414020809375
31 0.5991638203125 0.5624692171875 0.61723345 0.56563886875 0.6553546890625 0.5585232046875 0.6685345234375 0.5529481765625001 0.6704643890625 0.5503309578125 0.6486365515625 0.5307308500000001 0.629023540625 0.5065912015625 0.6109539109375001 0.50342155 0.5857275453125 0.5068845078125 0.567324440625 0.5164707374999999 0.5527296078124999 0.531654090625 0.5507477953125 0.5451075109375 0.5545562328125 0.550703084375 0.5819440859375 0.553535015625 0.5991638203125 0.5624692171875
31 0.41419517343749995 0.5073590968749999 0.4403996546875 0.528711459375 0.48585558593749995 0.5347128140625 0.49630711562499996 0.5266879953125 0.473217753125 0.48419511562500006 0.4768993609375 0.45921259531249997 0.460759759375 0.453424178125 0.41702688437499996 0.488141128125 0.41419517343749995 0.5073590968749999
29 0.30902421874999997 0.26712844375 0.31669426875 0.2674867140625 0.334584059375 0.2509096046875 0.35270547343750003 0.2432446015625 0.364365628125 0.1536183859375 0.3599907015625 0.15186481406250002 0.3160779859375 0.1668350015625 0.2987548484375 0.1795685609375 0.29018328125 0.1958079484375 0.285368203125 0.2284791125 0.2997577796875 0.25663151093750003 0.30902421874999997 0.26712844375
29 0.2771310640625 0.347292984375 0.277981125 0.3415268890625 0.28485273437499997 0.3368181484375 0.31635923906249996 0.28024236875 0.3188559203125 0.273780053125 0.3147642390625 0.27010547812499996 0.2925495890625 0.27409568125 0.2549433828125 0.288200903125 0.25574165937500004 0.293269459375 0.278469625 0.2962701375 0.277902971875 0.3001136875 0.26773640468750004 0.306216184375 0.26001318125 0.3166907953125 0.2583147765625 0.32822166875000003 0.2464482515625 0.3458548125 0.24804480468749998 0.355991928125 0.2545831015625 0.364037521875 0.26225298750000003 0.3643973390625 0.2702579015625 0.35200149999999997 0.2771310640625 0.347292984375
18 0.41378354531249995 0.4787017765625 0.43162171562499996 0.47295777499999997 0.4459331390625 0.45969697031249995 0.4945575265625 0.43372338125 0.49677096406250004 0.42918206718749996 0.489949421875 0.42305747499999996 0.4727296890625 0.41412327343750005 0.46670642500000004 0.41306723749999996 0.4532448984375 0.4205634921875 0.43790341093749996 0.4198451796875 0.4230769546875 0.42611642656250004 0.4219436484375 0.433803521875 0.41507204062499997 0.4385122625 0.4056504125 0.460517746875 0.40235545312500004 0.46191150312499996 0.40150710937499995 0.4676762796875 0.4080436890625 0.47572319375000005 0.41378354531249995 0.4787017765625
19 0.3885062390625 0.7236552546875 0.39730943124999996 0.716327975 0.420552428125 0.7263182125000001 0.4449270140625 0.7286226703125 0.44827375781249995 0.7163942609375 0.445082203125 0.6961202546874999 0.43172408281249997 0.6819487484375 0.42994752500000005 0.65206641875 0.423409390625 0.644019278125 0.336074015625 0.62870313125 0.3124959890625 0.63146855 0.31494105 0.635839340625 0.3080677234375 0.640549403125 0.30966427812499997 0.6506865203125 0.300809465625 0.6688469078125 0.3117225265625 0.6786476218749999 0.301324334375 0.6758380125000001 0.2991110609375 0.6803777796875 0.3133190796875 0.6887847359375 0.308890815625 0.697865590625 0.3279905109375 0.715014359375 0.3423785328125 0.74316653125 0.3595480359375 0.7629356140625 0.37460611718750003 0.765576475 0.391646009375 0.7547639140625 0.4089173625 0.752865009375 0.4144773796875 0.73609683125 0.3885062390625 0.7236552546875
18 0.4438718609375 0.7777229703125 0.4471668203125 0.7763292140625 0.45620163593749996 0.7779140390625 0.4630747984375 0.7732055250000001 0.46613813281249994 0.7628996625 0.46369168125 0.7585270953125 0.45005015156250006 0.7462781374999999 0.451181903125 0.7385908125 0.44436191562499994 0.732466446875 0.4356105078125 0.7289590734375 0.426292284375 0.7292967953125 0.418055746875 0.732780525 0.414194134375 0.73801783125 0.41164566875 0.7553148000000001 0.4067040890625 0.7574047765625 0.391646009375 0.7547639140625 0.379547859375 0.7634849531250001 0.383639540625 0.767159528125 0.39267435625 0.768744353125 0.40528753906250004 0.7670128734375 0.41733390468750003 0.7691264906249999 0.42006221093749996 0.7715762828125 0.4381320046875 0.7747443875 0.4438718609375 0.7777229703125
18 0.4376473390625 1 0.43789934218750004 0.996491015625 0.3615540625 0.9170599640624999 0.3434844328125 0.9138903125000001 0.279855303125 0.9263886140625001 0.24742229999999998 0.9473159671875001 0.2697388015625 0.921657778125 0.2330843453125 0.9083304625 0.2210896 0.8953837375000001 0.225054615625 0.868478671875 0.1903303515625 0.8525310421875 0.1923135546875 0.8390793953125 0.220549915625 0.8361450015624999 0.21707495312499997 0.8177935453125 0.19934035156250002 0.8018682374999999 0 0.77881543125 0 0.9160392453125 0.036275540625000005 0.92310134375 0.035888890624999996 0.9466901062499999 0.33215056875000004 0.9986465515624999 0.3414302265625 1 0.4376473390625 1
18 0.361090815625 0.8992357515625 0.3723390671875 0.8962792640625 0.37046082187499996 0.888063375 0.3779507046875 0.8686779781249999 0.3801641421875 0.8641366640625 0.3752741828125 0.8553935312500001 0.3629960296875 0.8443693546875 0.33043497187500004 0.8347152937500001 0.31406358125 0.8200163171874999 0.29599395156249997 0.8168466640625001 0.2894055875 0.8196344046874999 0.2680409984375 0.8178585093749999 0.2532661625 0.813296646875 0.235144746875 0.8209616499999999 0.2320297921875 0.8421006203125 0.22708805 0.84419214375 0.1942435828125 0.836460628125 0.1857236375 0.841866909375 0.1848737390625 0.8476314593750001 0.194140178125 0.858128390625 0.2215280328125 0.8609603203124999 0.22834957500000003 0.8670849140625 0.23540118593749998 0.8821213875 0.23455267968750002 0.8878877093750001 0.22438455781250002 0.8939899812500001 0.23035620156249997 0.9058791234375001 0.2812702984375 0.9167802890625 0.2925185515625 0.9138238 0.2936518578125 0.9061367046875001 0.302171640625 0.9007319718750001 0.361090815625 0.8992357515625
18 0.40863411875000005 0.754786009375 0.4147607875 0.7341742828125 0.40384601093750006 0.7243748890624999 0.4449270140625 0.7286226703125 0.44451555000000004 0.699963803125 0.42984412031249997 0.6737341812500001 0.42613769687499997 0.6464690703125 0.366755275 0.6301410765625 0.293061428125 0.6270738875 0.281813175 0.630030375 0.2765365671875 0.64487600625 0.2992129125 0.658709790625 0.2416586671875 0.6614310203125 0.223537253125 0.6690960234375 0.22559550156250002 0.6970571249999999 0.206110709375 0.70349734375 0.18464410625 0.723390984375 0.19334405625 0.7377299203125001 0.36829960625 0.766441440625 0.391646009375 0.7547639140625 0.40863411875000005 0.754786009375
29 0.406116853125 0.1323533109375 0.4907239234375 0.14521966718749998 0.49589868125000003 0.15204202656250002 0.49891039531250003 0.15256926875000001 0.5014069125 0.1461085015625 0.49731384062500006 0.142432153125 0.4885622703125 0.138926328125 0.4607111671875 0.118270184375 0.4248549875 0.1100114265625 0.41360673437499995 0.1129679140625 0.3929888015625 0.127093684375 0.38009376562499997 0.1307479375 0.3762323171875 0.135983696875 0.3836203484375 0.1382662875 0.38748040625 0.13302875625 0.406116853125 0.1323533109375
18 0.54369583125 0.2994105296875 0.5613022140624999 0.2847559671875 0.5728337109375 0.279878478125 0.607094890625 0.2780003484375 0.6065798578125 0.2710107890625 0.592140215625 0.25369172500000003 0.480145290625 0.23799343906249998 0.47491874999999995 0.2420057359375 0.477261796875 0.2680460640625 0.47028522968750003 0.2944223390625 0.4614820375 0.30174961875 0.4406323171875 0.3069648296875 0.44006721875 0.31080860625 0.44415889999999997 0.31448318125 0.45620526562499997 0.3165967984375 0.509384584375 0.31212199375 0.54369583125 0.2994105296875
18 0.6212517265625 0.18191181875 0.6689744328125 0.17253743125 0.73736685625 0.13820262187500001 0.743158496875 0.13034655 0.7440083937499999 0.124582 0.7289503140625 0.1219411390625 0.697417603125 0.126267515625 0.6823595234375001 0.1236266546875 0.6352034703125 0.1291574921875 0.577314196875 0.144634378125 0.543054734375 0.1465111875 0.520556675 0.1524239375 0.5015869171875 0.165853715625 0.4953568421875 0.20813320468750002 0.511779853125 0.21199907499999998 0.533709540625 0.20993119375 0.6212517265625 0.18191181875
18 0.6109549484375 0.27276281562500004 0.6227196234375 0.276797659375 0.6474294015625001 0.2663449171875 0.65661924375 0.23542887499999998 0.6514444859374999 0.22860651562499998 0.6312132015625 0.21914352343750002 0.6104668859375 0.202690971875 0.6121668437500001 0.19116032656249998 0.6077902 0.1894080734375 0.6042119968749999 0.1927228296875 0.5948937734374999 0.19306055312499998 0.5817156546875 0.198634259375 0.5693857171875 0.1984447390625 0.533709540625 0.20993119375 0.511779853125 0.21199907499999998 0.49399346718750003 0.2069084203125 0.4816119078125 0.21755200624999999 0.4760520546875 0.2343186375 0.480145290625 0.23799343906249998 0.5978800718749999 0.2566703078125 0.6109549484375 0.27276281562500004