9 1 0.4170578296875 0.9958764171875 0.408282728125 0.9828628546875 0.40218767499999997 0.97367051875 0.4091469375 0.9196716281249999 0.3630955734375 0.8472896249999999 0.33096288125 0.675406203125 0.277849596875 0.6484685734375 0.285111303125 0.643491678125 0.265111659375 0.5246654640624999 0.214981728125 0.43969529218750003 0.1992605828125 0.3208675171875 0.1491305046875 0.2708441234375 0.144475796875 0.23750436718749998 0.130628415625 0.2366245015625 0.1178477921875 0.1984621203125 0.1123431046875 0.14391630312499998 0.0779627734375 0.036405734375 0.0386540390625 0.016131070312500002 0.3776800859375 0.0259305890625 0.389337034375 0.036728385937500004 0.3795966796875 0.0372171578125 0.4323908171875 0.0323036390625 0.44267870781249996 0.0131315546875 0.4418715609375 0.0214476875 0.5168842312499999 0.0122151515625 0.5248127015625 0.022264503124999998 0.956573846875 0.4827469796875 1 0.7997945578125 1 0.801308928125 0.9987413140625 0.8013114968749999 1 0.8390116875 1 0.840136646875 0.95839704375 0.869862921875 0.9230668390625001 0.9095414281249999 0.9277357765625001 0.9133932921874999 0.9085576546875 0.93747889375 0.8990769109375 0.9423305953125001 0.8585016328125 0.96526365 0.8420758546875 0.967477853125 0.85791111875 0.9870135156250001 0.8509374812500001 0.9788225781250001 0.83649973125 0.9961424750000001 0.8136906843749999 0.9989892781249999 0.7211570171874999 1 0.7189993640625 1 0.7079991171875 0.999273453125 0.7053776171874999 0.995831675 0.7083301203125 1 0.703581134375 1 0.6644433453125 0.8874107562500001 0.642396678125 1 0.6499856859375 1 0.4170578296875
20 0.016890653125 0.7256913359375 0.0735364140625 0.761966478125 0.1378168125 0.7777160796875 0.3264711046875 0.7249389359375 0.40334123125000004 0.7242771343750001 0.401034571875 0.7103869203125 0.25041902656250004 0.7080939734375 0.22875849375 0.6972870046875 0.2517190640625 0.648628496875 0.2076090265625 0.612288740625 0.0858398921875 0.561884965625 0.05034774843749999 0.5624897078125 0.0303576140625 0.5791893265625 0.015091001562500001 0.6483709421875 0.016890653125 0.7256913359375
20 0.48662382812500005 1 0.57529169375 0.9024305109374999 0.5663117843750001 0.8732669421875 0.5487467203125 0.8696788484375 0.5583010734375 0.8549386562500001 0.5228655234375 0.7910780828124999 0.43136803125 0.693672928125 0.374738428125 0.7987849578125 0.3228062515625 0.83497936875 0.3772373203125 0.9982901859375 0.39388964843749996 1 0.48662382812500005 1
19 0.9665621484375 0.434795746875 0.9664094359375 0.4064535546875 0.913470640625 0.3692922765625 0.71288985625 0.297879453125 0.6601053328125001 0.2890605109375 0.6103255453124999 0.3108028 0.591580415625 0.3325024015625 0.6072351359375 0.3769394703125 0.6353886921874999 0.40691033125000003 0.642488896875 0.4446904359375 0.7062873078125 0.502398746875 0.761287596875 0.5270530984375 0.8675822390624999 0.529129265625 0.9155732171875 0.5140583171875 0.94448144375 0.496234878125 0.9665621484375 0.434795746875
19 0.6314064109374999 0.2707608265625 0.5213165 0.223397465625 0.44347561406249997 0.21322384218749998 0.4344993640625 0.27881283125 0.484495240625 0.3157002703125 0.578201715625 0.3341879859375 0.6481534265625 0.2918556859375 0.6314064109374999 0.2707608265625
19 0.345257159375 0.354515909375 0.402625925 0.4233478640625 0.493207690625 0.44545213125 0.5399536625 0.4253811984375 0.5300923281250001 0.38343686250000003 0.5679202078125 0.3644897484375 0.539948440625 0.3306284953125 0.43768589062499996 0.30548366875 0.42379246249999997 0.286607990625 0.36491279374999996 0.3133644921875 0.345257159375 0.354515909375
19 0.2753858984375 0.20539760624999998 0.2839747140625 0.2745746890625 0.3213190453125 0.2975861421875 0.3390368203125 0.3295164296875 0.41978632656250003 0.277443775 0.4382894125 0.229347321875 0.42484889375 0.20074551718750003 0.30878225000000004 0.15477967343750001 0.2822081984375 0.1542605953125 0.25329997187500003 0.1720840328125 0.2753858984375 0.20539760624999998
19 0.70146990625 0.605494146875 0.7521295593749999 0.5965324812499999 0.7123892374999999 0.5615761546875 0.6330306609374999 0.5522381359375 0.5955663578125 0.5634044640625 0.588318665625 0.5920348703125 0.6066727000000001 0.610348784375 0.6857570296875 0.6255222453125 0.70146990625 0.605494146875
19 0.8238820859375 0.7370343953125 0.7785047515625 0.8226800890625 0.9375564000000001 0.865807925 0.9964635859375001 0.8068186953125001 0.9970655468749999 0.730682203125 0.8583110140624999 0.727539278125 0.8238820859375 0.7370343953125
2 0.255087378125 0.6714089421875 0.297101621875 0.65773550625 0.2110920921875 0.5061386999999999 0.157700384375 0.478703546875 0.0753988890625 0.4690916875 0.11384073593749999 0.5635136359375 0.21358576093749998 0.610891225 0.2491412828125 0.6405740171875001 0.255087378125 0.6714089421875
19 0.1770438109375 0.2861148953125 0.1611766625 0.277800659375 0.11970934687499998 0.2798030609375 0.1025696765625 0.298721571875 0.097446853125 0.345132584375 0.11898741406249999 0.3901173328125 0.1551776359375 0.4061836078125 0.2297426640625 0.3916317359375 0.2292248140625 0.3710701828125 0.19133511718750001 0.35972990781249997 0.202071096875 0.3197021625 0.1770438109375 0.2861148953125