23 0.0240336984375 0.8259846328125 0.0248760484375 0.8549343515625001 0.042902390624999995 0.8609731359374999 0.080619984375 0.8892153 0.1677421796875 0.8967245140625 0.23336931875000003 0.8825818999999999 0.2793747109375 0.8511724875000001 0.2886718078125 0.82249490625 0.28011940156250004 0.8106702374999999 0.251779134375 0.8043556140625 0.231290296875 0.813677096875 0.18046547500000001 0.798384959375 0.1132520046875 0.799279328125 0.060795603125 0.8074294125 0.0385558546875 0.826279834375 0.0240336984375 0.8259846328125
23 0.1528501015625 0.7079197781250001 0.11917380156249999 0.6795861671875 0.0219733015625 0.653960853125 0.0190592640625 0.6550244125 0.021827246875 0.750153840625 0.059024896874999996 0.77331004375 0.1248364109375 0.780038553125 0.1588449375 0.7628184796874999 0.1627622890625 0.748812721875 0.1528501015625 0.7079197781250001
23 0.16177279375 0.761487034375 0.195449090625 0.7898206453125 0.2568083875 0.7915895109375 0.299555234375 0.8070655703125 0.318107253125 0.7864015609375 0.3332387234375 0.7114124390625001 0.318340990625 0.6465947890625 0.194651159375 0.699379340625 0.1637517875 0.736138409375 0.16177279375 0.761487034375
20 0.28538239375 0.6580973625000001 0.299359790625 0.6185597406250001 0.27409369687499996 0.5444885203125 0.254823978125 0.5253163453125 0.1691022015625 0.5101839125 0.10891831249999999 0.5166122015625 0.036779734375 0.500538675 0.0148240609375 0.50946995 0.018929 0.6505475484375001 0.0735006375 0.66544189375 0.1827584390625 0.6838346828125 0.28538239375 0.6580973625000001
31 0.7995862781249999 0.3193680890625 0.8866480421875 0.3199204890625 0.9177119921875001 0.2603842375 0.8899503 0.23634420625 0.85394298125 0.2352645984375 0.7992795 0.2845829984375 0.7995862781249999 0.3193680890625
31 0.674237075 0.18431253281249999 0.6889941453125 0.19156825 0.7474088640625001 0.151020934375 0.722099059375 0.11364052656250001 0.678651234375 0.101975903125 0.62262950625 0.122226371875 0.6078906984375 0.15861861875 0.643443384375 0.19133794375 0.674237075 0.18431253281249999
31 0.6856610203125 0.063861515625 0.628631534375 0.053138331250000004 0.602123946875 0.0879002296875 0.6309990765625 0.1131802578125 0.6757249171875 0.1033076921875 0.709218378125 0.110770521875 0.737803453125 0.14491308125 0.763734003125 0.12787693125 0.766475946875 0.10567402031249999 0.7186815875 0.0593160984375 0.6856610203125 0.063861515625
31 0.67658635625 0.2007064953125 0.653397746875 0.195539734375 0.6176367734375 0.2222884046875 0.618522128125 0.239348090625 0.656939159375 0.2637784734375 0.6827035984375 0.2695191640625 0.6997916875 0.24952087656250002 0.67658635625 0.2007064953125
31 0.748022421875 0.2205911171875 0.716011146875 0.256110528125 0.7789765734375 0.314775946875 0.81818046875 0.2620129265625 0.8026000171875 0.24465468124999998 0.748022421875 0.2205911171875
31 1 0.174454990625 0.9804367265625 0.16723429218750002 0.9513533078125 0.2014222609375 0.9513715671874999 0.2450702265625 1 0.26482645 1 0.174454990625
31 0.9098605640624999 0.24474812968749998 0.942467134375 0.235150934375 0.968255484375 0.1605525078125 0.9565304140625001 0.12223134843750001 0.9234494140624999 0.119819953125 0.8711352140624999 0.185532315625 0.8665788531249999 0.21030666562500003 0.882571765625 0.23271634843750003 0.9098605640624999 0.24474812968749998
31 0.8889481953124999 0.0813834703125 0.7406328171875 0.04932855 0.7771312890625001 0.1060643734375 0.8422600828125001 0.16025228593750002 0.8628713265625001 0.164844771875 0.890676728125 0.152193990625 0.9039516109375001 0.11646746562500002 0.8889481953124999 0.0813834703125
31 0.9183707968749999 0.2932639515625 0.9155668828125 0.30850970625 0.9639819890625001 0.30045107031249996 0.9774427843750001 0.2855960078125 0.943949321875 0.278133178125 0.9183707968749999 0.2932639515625
31 1 0.106127428125 0.9765448234375 0.1009012734375 0.966669153125 0.1473042609375 0.995894771875 0.1706785703125 1 0.171593275 1 0.106127428125
31 0.6351866875 0.046663660937500004 0.6757066578125001 0.0596597265625 0.7343661828125 0.046940346875 0.624345434375 0.025401842187500003 0.6351866875 0.046663660937500004
31 0.800663196875 0.23331215468750002 0.82625998125 0.26182934687500004 0.8751932296874999 0.229088490625 0.8549142171874999 0.17894231875 0.800663196875 0.23331215468750002
31 0.77343636875 0.22823752812500003 0.7955099999999999 0.232163946875 0.8482366609374999 0.17150302343749999 0.8323057203124999 0.15605049531249998 0.7679581359375 0.14865626406250002 0.7618941359375 0.2107871484375 0.77343636875 0.22823752812500003
31 0.2885933515625 0.3562812515625 0.32278779062499996 0.3599326421875 0.3431526875 0.33669685 0.32147171874999997 0.2941735578125 0.243006071875 0.268755015625 0.2119238625 0.2846433015625 0.21585947499999997 0.314285509375 0.2641084671875 0.3290037140625 0.2885933515625 0.3562812515625
31 0.1743541234375 0.1899763296875 0.20321099375 0.1716083921875 0.207829325 0.15379119531250002 0.20682003125 0.1228172 0.1677624515625 0.10915506875 0.1247453484375 0.1461898484375 0.127918009375 0.172686340625 0.1478902453125 0.18804741875 0.1743541234375 0.1899763296875
31 0.142915771875 0.3317574203125 0.18648599999999999 0.357336009375 0.2305108609375 0.35127488125 0.201803384375 0.303218353125 0.17263819687499998 0.2868008578125 0.1472877578125 0.28611194375000004 0.142915771875 0.3317574203125
31 0.16300887343749998 0.36103212500000004 0.1831035109375 0.3903071703125 0.2092184375 0.3941421421875 0.2436394265625 0.3819735046875 0.22137988125 0.3571756203125 0.16300887343749998 0.36103212500000004
31 0.3246261203125 0.27702208281249996 0.369001471875 0.26905523593749997 0.37695858125 0.25495768750000003 0.3314937046875 0.1813454203125 0.2757000625 0.18577619843749998 0.2962858546875 0.27070745937499996 0.3246261203125 0.27702208281249996
31 0.2664029671875 0.214453778125 0.2181524375 0.19973523124999998 0.193274890625 0.21105456718750001 0.185790675 0.2371603625 0.20471144218749998 0.2582386015625 0.2845790453125 0.276034265625 0.2914831484375 0.2676535328125 0.2664029671875 0.214453778125
31 0.21151859218750002 0.1556051234375 0.22108029375 0.1984037875 0.2674544359375 0.20873662187500003 0.2756380921875 0.17881904375 0.2441251625 0.14600792812500002 0.21151859218750002 0.1556051234375
31 0.20624299375000002 0.14054295 0.22176147343750002 0.150944040625 0.24705301875000002 0.1446764828125 0.26706742656250004 0.12334640937500001 0.22912174843750002 0.11092393281249999 0.20624299375000002 0.14054295
31 0.185790675 0.2371603625 0.18999654531250001 0.2142917296875 0.21411268125 0.199827021875 0.20960003125 0.1879105640625 0.15380485156249998 0.192341 0.1433943171875 0.21977858281249998 0.1855204171875 0.28967120468749996 0.2020919015625 0.294355478125 0.2278985140625 0.2634050171875 0.1999087359375 0.2551846734375 0.185790675 0.2371603625
31 0.354454228125 0.202331865625 0.3907500671875 0.19454860000000002 0.4042108609375 0.1796935375 0.376675715625 0.139833478125 0.355713984375 0.1371467125 0.3294344796875 0.156088925 0.354454228125 0.202331865625
31 0.3992857515625 0.16272564375 0.44085718749999997 0.170004553125 0.4491647859375 0.154001284375 0.433688478125 0.10690904062499999 0.39733066875 0.10773515156249999 0.38434430625 0.13459880468750002 0.3992857515625 0.16272564375
31 0.3000244859375 0.11184349375 0.32257254999999996 0.12777850468750002 0.37480086562500003 0.13544810625 0.395697065625 0.0914276484375 0.3150533515625 0.06658871250000001 0.3000244859375 0.11184349375
31 0.41331639062500003 0.254131575 0.45089178125 0.2248114625 0.4560886875 0.1892688609375 0.4430840640625 0.172484546875 0.36329669062500003 0.2052940015625 0.3809363671875 0.2479087421875 0.41331639062500003 0.254131575
31 0.25156566874999997 0.156592940625 0.2737632421875 0.174433671875 0.3241151703125 0.1777175609375 0.3337023234375 0.1401774484375 0.29305841093749996 0.11326707031250001 0.25156566874999997 0.156592940625
31 0.3831815046875 0.2940367015625 0.35519172656250003 0.28581635781250003 0.32305804843749997 0.307421803125 0.33612464375 0.33116327343749996 0.35861073593750004 0.340141128125 0.39713345 0.3348378546875 0.405089021875 0.3207399640625 0.3831815046875 0.2940367015625
31 0.3818217203125 0.26496842656249997 0.425227371875 0.3133242015625 0.44342736250000003 0.29456556875 0.4524781125 0.238059709375 0.446151046875 0.22871469218749998 0.3818217203125 0.26496842656249997
31 0.23547968125000002 0.3315519640625 0.253120896875 0.37416704843750004 0.27161094218750004 0.3465458828125 0.23547968125000002 0.3315519640625
31 0.92526383125 0.1172485109375 0.9616836109375001 0.12337955468749999 0.9688158 0.0991791359375 0.8948643390625 0.08567739375 0.92526383125 0.1172485109375
10 0.7828358328125 0.5854344828125 0.7586592640625 0.5929423796875 0.7467243703124999 0.6140888734375001 0.7671694984374999 0.6414582 0.823498003125 0.655992825 0.857279984375 0.6545927812500001 0.8658761 0.6297266375 0.7828358328125 0.5854344828125
10 0.757896315625 0.5897966625 0.7827754 0.57847766875 0.789144640625 0.5511315328124999 0.7768409968750001 0.5305357796875 0.7591576078125 0.5246118515625 0.710390475 0.534575865625 0.7065350921875 0.5555387781250001 0.7295575875 0.58348238125 0.757896315625 0.5897966625
10 0.7798729953125 0.49947033750000003 0.8051010312500001 0.486245284375 0.8102979375 0.45070268125 0.7835877140624999 0.42094549218750005 0.7048939812499999 0.4113466375 0.6796659453125 0.424571690625 0.67148075 0.45448892656249995 0.694853734375 0.480526809375 0.7798729953125 0.49947033750000003
10 0.9241486171875 0.531617046875 0.9541808968750001 0.5214462609375 0.9726089734375 0.4868679421875 0.9621801781249999 0.4706575609375 0.8696584421875 0.43417186250000006 0.8311976984375 0.44643229062499995 0.8182113359375001 0.4732959421875 0.840180825 0.5069563609375 0.9241486171875 0.531617046875
9 0.028349729687500002 0.502627975 0.014828382812499999 0.509618465625 0.018927325000000002 0.650489978125 0.02601305625 0.6538690625 0.019066940625 0.6552882343750001 0.0219505015625 0.7543897953124999 0.062013184374999995 0.7789354109375 0.058858782812499996 0.7960868859375 0.0412977984375 0.804076925 0.050552721875 0.812090496875 0.0238988609375 0.8213505921875001 0.0249715859375 0.858217765625 0.1038070546875 0.894381715625 0.2084902328125 0.8939008921875 0.2826515203125 0.8479349796875001 0.2896613046875 0.8098205921874999 0.31342695 0.797261603125 0.3328882328125 0.713318159375 0.3195768328125 0.6617487546875 0.3117858375 0.6530694609375 0.28795975937499996 0.6586716375 0.3008221796875 0.617893675 0.2618520234375 0.5308499234374999 0.18233490937500002 0.5111485375 0.106340946875 0.5160379265625 0.028349729687500002 0.502627975
9 0.9330126421875 1 0.936574428125 0.9817356437500001 0.9085242171875001 0.9665584890625001 0.900961309375 0.94205950625 0.9469667015625 0.91065009375 0.9571928625 0.8623413875000001 0.9474650468749999 0.8423195671875 0.9124472234375001 0.828565646875 0.83035428125 0.8082903281249999 0.7819996078125 0.8233057796875001 0.7344500546875 0.8047757921875001 0.71149106875 0.7837896890625 0.602932709375 0.76158511875 0.592505453125 0.7453750796875 0.54975860625 0.7298990203125 0.3884990390625 0.6880166 0.35401608125 0.6932280828125 0.32010450625 0.8047009015625 0.3409001234375 0.8301645078125001 0.3900781796875 0.8252515875 0.42625161250000004 0.8035543515624999 0.435979428125 0.8235761734375 0.4427006953125 0.794324659375 0.47543120937500005 0.7986417734375 0.49962603593750005 0.8347818437500001 0.4659242859375 0.8867870078125 0.48630744375 0.90719918125 0.49399429531249994 0.9456124718750001 0.59611990625 0.9882056796875001 0.6163437171874999 1 0.9330126421875 1
9 1 0.39445534375 0.5944425125 0.34110873124999996 0.5678307796875 0.40560462812500003 0.5358123140625 0.56511078125 0.5899774515625 0.5841229109375 0.62447866875 0.62255939375 0.596612834375 0.6282533609375001 0.5938089203125 0.643499115625 0.615015459375 0.6740138171875001 0.5781847578125 0.6628316812499999 0.56408495625 0.6884553359375001 0.7163979203124999 0.7571096171875 0.9562455390625001 0.8383245484374999 1 0.6183813796875001 1 0.39445534375
9 0.159732065625 0.36426963125 0.17572497812500001 0.3866793125 0.23790765625 0.39855070625 0.25400624843749997 0.39122673125 0.27348579375000004 0.35093125468749997 0.3143562515625 0.3620216 0.34795385625 0.3397504328125 0.41510535624999995 0.3318989109375 0.44307687187499994 0.2964712875 0.4524781125 0.238059709375 0.4582520546875 0.18479135625 0.43925259531250005 0.113108340625 0.42630994375000003 0.10328118281250001 0.3147028625 0.06849443125 0.30095355 0.0922123671875 0.26945887968750004 0.10304921874999999 0.2658920171875 0.11514925625000001 0.2346254328125 0.11016642031249999 0.20828395781250003 0.122151478125 0.19645320625 0.1135639734375 0.1607963765625 0.110578646875 0.1226424125 0.15762416562499998 0.133483665625 0.1788859828125 0.15673270781249998 0.1910095546875 0.145497253125 0.2083442671875 0.1486714546875 0.2348411015625 0.1917855125 0.292059065625 0.154604321875 0.2827826484375 0.13792869218749998 0.3078323703125 0.13957699375 0.32803777031250003 0.17799402656250002 0.352468153125 0.159732065625 0.36426963125
9 1 0.106127428125 0.9765448234375 0.1009012734375 0.970814590625 0.117478815625 0.971391628125 0.0997530671875 0.6246959234375 0.023496121875 0.633722759375 0.0473293828125 0.6052783500000001 0.07074875625 0.6029473296875001 0.098002759375 0.62075465625 0.1178409984375 0.6037889703125 0.1517532546875 0.6390531375 0.193335453125 0.6126075203125 0.235054509375 0.7138660375 0.3042359984375 0.7753477390625 0.31991883125 0.8705509859375 0.32724480625 1 0.29068722812500003 1 0.106127428125
2 0.931875459375 1 0.9351120375 0.9824017093749999 0.8393119562500001 0.949153175 0.8977886453125 0.915563015625 0.778845203125 0.8404572546875 0.771344265625 0.8229154265625 0.6000063921875001 0.76291690625 0.584425940625 0.7455586609375 0.5365258984375 0.72893439375 0.3572928875 0.6899905765625001 0.3334230984375 0.7322835624999999 0.32725649218749997 0.8241487875000001 0.34897963593750003 0.8299809281250001 0.42484965625 0.8111772296875 0.4298987078125 0.8420594343750001 0.44562701406249994 0.792992871875 0.4780070375 0.7992157062499999 0.5025538921875 0.8334503984375001 0.46627477656250005 0.8848812890625 0.50359816875 0.9517199812499999 0.618903684375 1 0.931875459375 1
10 0.8964051874999999 0.5512249828125 0.8359749531249999 0.5298249937499999 0.803718871875 0.5375164703124999 0.7943598062499999 0.5592368953125 0.8155059109374999 0.582794784375 0.882491296875 0.5977201046875 0.908358340625 0.5737264546875 0.8964051874999999 0.5512249828125