31 0.6392379359375 0.542018640625 0.622217075 0.5552815171875001 0.6179574234375 0.5689909796875 0.6189249343750001 0.5897005734375 0.6307009484375 0.6110141046875001 0.6417859265625 0.6175359578124999 0.6506418765624999 0.6183003593749999 0.6638956421875 0.6083126953125 0.6731059125 0.5956838875 0.6771494078125 0.598325034375 0.6866361515625 0.59161414375 0.7040113328125 0.564958059375 0.7034585328125 0.5531253390625 0.6990004015625 0.5416088765625 0.6916825156249999 0.5318118093749999 0.6835955265625 0.52652951875 0.671879753125 0.52748295625 0.6700653609375 0.530600821875 0.654582565625 0.5348310296875 0.64704845 0.5413830140625 0.6392379359375 0.542018640625
31 0.5885723140625 0.632259121875 0.59819729375 0.6285071875 0.601687915625 0.619314059375 0.604824140625 0.6235125781249999 0.6043315828125 0.6339468296875 0.596521065625 0.6345824546875 0.5937994046874999 0.6392576953125 0.5943522796875 0.6510919703125 0.5988103375 0.6626068765625 0.6057136562500001 0.663530184375 0.6232270765625 0.63983305625 0.621845 0.610249703125 0.6109761796875001 0.587377240625 0.6083325140625 0.5727444703125 0.6011527937500001 0.5659048046875 0.5932040421875 0.5635814703124999 0.5874843921874999 0.567017146875 0.57931948125 0.581044425 0.5795958812500001 0.5869607828125 0.5758288609375 0.5902375546874999 0.5741526312499999 0.5963128203125 0.5784725265625 0.604870325 0.5833452218749999 0.6252605499999999 0.5885723140625 0.632259121875
23 0.34873566718750004 0.6799894875 0.37354929062500003 0.7076659656250001 0.3978702828125 0.7457751359375 0.4159968171875 0.7561792546875 0.43475407343750005 0.759106525 0.4825243640625 0.753733840625 0.501497853125 0.7403120578125 0.50603390625 0.732518953125 0.5056192703125 0.7236436359375 0.4925214203125 0.6950137203125 0.47816197968749996 0.6813343875 0.47565654999999996 0.669660575 0.46192790625 0.6485059515625 0.4463068734375 0.6497772015625001 0.415773528125 0.62553484375 0.38662233125 0.6308773984375 0.372262890625 0.617198065625 0.36263790937499996 0.6209499984375 0.345953765625 0.662397759375 0.34873566718750004 0.6799894875
23 0.5610051640625 0.35684593750000004 0.5612815624999999 0.3627622953125 0.568461284375 0.3696019625 0.5743191703125 0.36912524375 0.5795462625 0.3761238171875 0.5954260140625001 0.42234545937499995 0.6159977375000001 0.422156421875 0.617812128125 0.419038559375 0.6528212859375 0.41322084375 0.6570029453124999 0.41881938906249994 0.6609082015625 0.418501578125 0.6655824921875 0.41366743125000005 0.66433858125 0.387041478125 0.659742284375 0.3725676140625 0.6506099359374999 0.365886853125 0.6427994203125 0.3665224796875 0.6227203296875 0.3562788234375 0.6110045562499999 0.3572322609375 0.583114878125 0.347622675 0.565403053125 0.34609543125000003 0.5610051640625 0.35684593750000004
13 0.5927646671875 0.4492892265625 0.59556425 0.42530441874999997 0.5796844984375 0.379082775 0.5744574078125 0.3720842015625 0.5624652328125 0.36712127968749997 0.5510258593749999 0.373991078125 0.5448135781250001 0.38785944687499996 0.546057490625 0.41448539999999995 0.5445194984375 0.42351962343749994 0.546610290625 0.42631811875 0.547024928125 0.4351934375 0.550161153125 0.43939195781249996 0.56759665 0.43500439999999996 0.58690678125 0.4497659453125 0.5927646671875 0.4492892265625
31 0.58690678125 0.4497659453125 0.59556425 0.42530441874999997 0.5796844984375 0.379082775 0.5510258593749999 0.373991078125 0.547163165625 0.4381523953125 0.58690678125 0.4497659453125
31 0.4010774453125 0.5836721828125 0.3702854515625 0.5119384874999999 0.354880578125 0.496859128125 0.3138753703125 0.5001961625 0.260722 0.5371862953125001 0.24346730156250002 0.6083763156249999 0.26757220625 0.662837653125 0.28924953124999997 0.6863140546875 0.3333307953125 0.6649101296875 0.35696074843750003 0.6882276234375 0.38431530625 0.6444279546875 0.37011178125 0.5921310453124999 0.4010774453125 0.5836721828125
33 0.36596555625 0.5033809828125 0.3138753703125 0.5001961625 0.260722 0.5371862953125001 0.24332913750000001 0.6054189156249999 0.26757220625 0.662837653125 0.28924953124999997 0.6863140546875 0.3333307953125 0.6649101296875 0.35696074843750003 0.6882276234375 0.38277731406250004 0.6534621796875 0.36997354531250004 0.5891720874999999 0.4010774453125 0.5836721828125 0.36596555625 0.5033809828125
33 0.19287261718749998 0.532315325 0.2105667625 0.5754191046875 0.30034513125 0.5042659078125 0.3136768921875 0.474970234375 0.3170470296875 0.4212431671875 0.287973753125 0.4072761546875 0.22168717343750002 0.49878944374999995 0.2002082546875 0.5005374125000001 0.19287261718749998 0.532315325
19 0.3514253890625 0.42290074375 0.42965103281249994 0.4610784265625 0.42113172499999996 0.4884973546875 0.43550891875 0.46060170781250004 0.442826803125 0.47039877499999994 0.44253272343749994 0.5060589515625 0.4259867421875 0.5504641140625 0.40647813125 0.5104766421875 0.3843081765625 0.4974329359375 0.3701472140625 0.508979528125 0.41711311406249996 0.5912762500000001 0.418633353125 0.6238170046875 0.437943484375 0.6385785515625 0.46082223125 0.62483895625 0.484019865625 0.68085766875 0.5098541140624999 0.6045156875 0.4904837390625 0.5674871734375 0.48854886249999996 0.5260711 0.5064166046875 0.48898076718750005 0.5045419703125 0.46983166406250004 0.5390584953124999 0.4744466390625 0.5493921937499999 0.44390984843750003 0.5413229578125 0.397052578125 0.51307895625 0.4008362 0.516690059375 0.43617700625 0.46272524062500003 0.41384308125 0.439726009375 0.38304873906250003 0.4178324546875 0.3759213921875 0.3507343515625 0.40810906718749995 0.3514253890625 0.42290074375
18 0.6864128625 0.46096973124999996 0.676295321875 0.4751559140625 0.6738501359375 0.48574907187500005 0.6681304109374999 0.4891831921875 0.663594359375 0.4969762953125 0.6641472328125 0.5088105703125 0.6699271234374999 0.5276418625 0.6835955265625 0.52652951875 0.68959165 0.5290117578125 0.6990004015625 0.5416088765625 0.7056875625 0.5588827921874999 0.7086856234375001 0.5601239125 0.71803413125 0.5504540625 0.7238920171875 0.54997734375 0.7314261328125 0.543425359375 0.7481705187500001 0.5242445671875 0.75089218125 0.519569328125 0.7506157078125 0.5136514109375 0.7347962703124999 0.489698290625 0.72670928125 0.48441599999999996 0.7221732281250001 0.4922091046875 0.7202809125 0.5146365375 0.7105956890625 0.4961215015625 0.7119955171875 0.4841298765625 0.6963142437500001 0.463134159375 0.6864128625 0.46096973124999996
18 0.6707918312500001 0.4622409828125 0.6758806859375001 0.466280596875 0.6788787484375 0.4675217171875 0.6864128625 0.46096973124999996 0.7021118890625 0.44039047187499997 0.701835415625 0.4344725546875 0.6976537578124999 0.42887400624999994 0.7012826140625 0.42263983437499997 0.7008679765625 0.41376451718749996 0.681557846875 0.399002971875 0.669703909375 0.39699900781249997 0.6669822484375 0.40167424843750005 0.6655824921875 0.41366743125000005 0.658186540625 0.42317681562500004 0.659706853125 0.45571912968749995 0.662981315625 0.46287660781250006 0.6707918312500001 0.4622409828125
18 0.5281471125 0.387730671875 0.5394483234375 0.377903475 0.553056484375 0.3545241609375 0.56143748125 0.32414471875 0.5582410125 0.2976792296875 0.5507848921875 0.284923203125 0.542974375 0.2855588296875 0.5394837546875 0.294751959375 0.529366215625 0.30893814218750004 0.5244757671875 0.3301228984375 0.512189440625 0.3608185953125 0.5124658390625 0.3667349546875 0.5190147656249999 0.3810499140625 0.5251491234375 0.386491109375 0.5281471125 0.387730671875
18 0.320321490625 0.428400646875 0.3159236734375 0.43915270937499995 0.3153531203125 0.4688949703125 0.3103245078125 0.4871223234375 0.3106009078125 0.493038684375 0.313737134375 0.4972372046875 0.32845096875 0.49752488437500003 0.3373069171875 0.4982892859375 0.3467936625 0.49157839531249997 0.354604178125 0.4909427703125 0.3539910609375 0.456841525 0.355529053125 0.44780730156250004 0.358250715625 0.44313206093749996 0.373871746875 0.44186080937499994 0.37450254374999997 0.43438551875 0.37136624375 0.43018544218750004 0.3616031 0.4309799734375 0.349610925 0.4260170515625 0.341800409375 0.42665267656249994 0.339709615625 0.42385418281250004 0.324088584375 0.42512543437500006 0.320321490625 0.428400646875
33 0.3694136140625 0.430344346875 0.357697840625 0.431297784375 0.339709615625 0.42385418281250004 0.324088584375 0.42512543437500006 0.320321490625 0.428400646875 0.3159236734375 0.43915270937499995 0.316476475 0.450985428125 0.3132622546875 0.46609491875 0.3136768921875 0.474970234375 0.31018627187500003 0.484163365625 0.3106009078125 0.493038684375 0.313737134375 0.4972372046875 0.32845096875 0.49752488437500003 0.3373069171875 0.4982892859375 0.33912131093750003 0.495171421875 0.344979196875 0.49469470312499997 0.3477008578125 0.4900194625 0.3449189546875 0.4724277328125 0.346456946875 0.463393509375 0.350993 0.45560040625 0.353222103125 0.46135941562499994 0.3541292984375 0.459800484375 0.3553908890625 0.4448499 0.3600651078125 0.440014196875 0.369828253125 0.43921966562500003 0.3719191171875 0.44201971718750005 0.37450254374999997 0.43438551875 0.3694136140625 0.430344346875
10 0.3538528984375 0.4538841234375 0.35551137499999996 0.4893838375 0.360600228125 0.49342345156249995 0.37336143593750004 0.49387004062499995 0.40551069375 0.48976860625 0.40809411874999996 0.48213440781249994 0.40657387968750003 0.449593653125 0.39744153125000004 0.44291289218749996 0.358250715625 0.44313206093749996 0.3538528984375 0.4538841234375
19 0.151541390625 0.31889903125 0.16763722812499998 0.34876850937500004 0.200399603125 0.37876831875 0.256533284375 0.3845942859375 0.3217389984375 0.37483248593749996 0.3888371734375 0.34264636875 0.403706925 0.304316471875 0.4126585484375 0.24419632500000002 0.378850740625 0.21279648906249998 0.3681024046875 0.23445796406250002 0.351928571875 0.2238964953125 0.3423036625 0.227649984375 0.342147746875 0.26626756406249996 0.2580287140625 0.31171655625 0.23913321875000002 0.305830328125 0.23370772187500002 0.2736073859375 0.2244371359375 0.26396766875 0.1767270875 0.291607321875 0.151541390625 0.31889903125
31 0.2352457140625 0.26457316249999996 0.23607498906250002 0.282323796875 0.247081971875 0.3081536609375 0.26751545781249997 0.30500566562500003 0.27881659375 0.2951769109375 0.31926900156250004 0.28000715781249996 0.332246365625 0.2641031359375 0.34019511874999997 0.26642646875 0.344731171875 0.258633365625 0.34417829843750003 0.24679908906249998 0.33498570625 0.2178513609375 0.329758615625 0.2108527875 0.3219481 0.21148841406250002 0.310785128125 0.22427457031250003 0.3029746109375 0.22491019531249998 0.28972084531250003 0.2348978578125 0.24354878750000003 0.2535032875 0.2352457140625 0.26457316249999996
23 0.08538584375 0.26637469999999996 0.0891529375 0.2630994875 0.09347283437500001 0.27165699375 0.10546500624999999 0.27661991406249997 0.12428250625 0.301814153125 0.141363609375 0.31081824375 0.153986578125 0.308305875 0.1719146328125 0.293484065625 0.173452625 0.2844498421875 0.1705325578125 0.2639007125 0.160985571875 0.24834463593749997 0.1528986546875 0.24306390156250002 0.13713938750000002 0.24137619375 0.1205509171875 0.22193940781250002 0.10465348593749998 0.2172943 0.087356225 0.224640815625 0.0596047828125 0.21799018750000002 0.050887070312500005 0.2201847453125 0.05339250156250001 0.2318585578125 0.0732554328125 0.258452821875 0.08538584375 0.26637469999999996
28 0.15382353124999998 0.1999284328125 0.172641103125 0.22512422812500002 0.1815572953125 0.24815559843749999 0.217197175 0.23486103281249998 0.23003630312499998 0.2159980546875 0.2358941890625 0.2155213328125 0.241199275 0.203211896875 0.26253995625000004 0.19850496875 0.2830514375 0.1760489609375 0.28890932343750003 0.1755722421875 0.293168978125 0.161862778125 0.25308871875 0.1220659015625 0.23955847968750002 0.126135646875 0.233424190625 0.1206960078125 0.22366104843749998 0.1214905390625 0.20468755781249998 0.1349123203125 0.1656173 0.1796669828125 0.15382353124999998 0.1999284328125
18 0.18224833125 0.26294727500000004 0.23587650937500002 0.25709787031250003 0.249130275 0.247110209375 0.2742380515625 0.23912806562500002 0.3220863359375 0.2144473703125 0.3266223890625 0.20665426718750002 0.32482567812499996 0.1681955953125 0.317784121875 0.16431333125 0.2911383546875 0.1813296953125 0.2717503015625 0.18587771718749999 0.260587328125 0.1986638734375 0.2430136671875 0.2000940328125 0.2190115671875 0.23174316875 0.182464490625 0.2465966640625 0.179742828125 0.2512719046875 0.18224833125 0.26294727500000004
33 0.4162094109375 0.25727016406250003 0.40944432812500003 0.25930581406250003 0.4099971296875 0.271138534375 0.40469211562499996 0.283449528125 0.40552131718749995 0.30119860625 0.39364962812500004 0.340769621875 0.40641083437500003 0.3412162109375 0.4082252265625 0.3380983453125 0.42384625781249996 0.33682709375000003 0.4256607234375 0.3337107875 0.43151860937500003 0.33323406875 0.439821684375 0.3221641921875 0.44122151093750006 0.3101725671875 0.439130646875 0.307372515625 0.43843960937500004 0.2925808390625 0.4458354875 0.283069896875 0.4473734796875 0.274035671875 0.44599140468750004 0.24445231875 0.442855178125 0.24025379687499998 0.43699729062500003 0.240730515625 0.4162094109375 0.25727016406250003
19 0.1617616609375 0.3908217640625 0.16503612343750002 0.39797924375 0.17779733125 0.39842583125000003 0.18156434999999999 0.395149059375 0.1934962828125 0.3778450140625 0.19321988437499998 0.371928653125 0.167775465625 0.35172746718750003 0.15732128125 0.33773032187499996 0.1493725296875 0.335406990625 0.145190871875 0.3298084421875 0.1391948203125 0.3273277609375 0.1366113953125 0.3349619578125 0.13687004375 0.38245329687499996 0.1443262375 0.39521088125000003 0.148369659375 0.39785046875 0.15590377500000002 0.391298484375 0.1617616609375 0.3908217640625
18 0.030815037499999996 0.356934553125 0.041900015624999995 0.36345640625 0.05661385 0.3637440875 0.08130699062499999 0.346886628125 0.1122725796875 0.33842621093749997 0.1186230984375 0.3275167984375 0.1179320609375 0.312725121875 0.1036505421875 0.279736221875 0.0774371640625 0.264052925 0.0618940546875 0.2460146078125 0.0353439625 0.202146428125 0.0177703 0.203576584375 0.010236259374999999 0.210130128125 0.0040239765625 0.2239984984375 0.006511725 0.277248846875 0.0233589171875 0.344178528125 0.030815037499999996 0.356934553125
9 0.486480934375 0.3465777546875 0.467248796875 0.3125081984375 0.44263365312499997 0.310057646875 0.432827946875 0.24700867343750002 0.41162542812499997 0.254673003125 0.38221550937500004 0.2125226609375 0.3692381453125 0.22842668281249998 0.3437158046875 0.22753506406250001 0.305804334375 0.1712286703125 0.28055832187499996 0.1762518546875 0.2558829359375 0.151534334375 0.22959148906250001 0.155157490625 0.2318985140625 0.141606934375 0.26600040156250004 0.13734659375 0.25268639375 0.1250672875 0.20233267812500003 0.1380741703125 0.1413511109375 0.2172764640625 0.10622154375 0.1785618 0.0972876 0.197105409375 0.0540533625 0.194684990625 0.006974109375 0.21484935156249999 0.005694765625 0.27137491406250003 0.0182221328125 0.32974864843749996 0.0401758578125 0.35914140781250004 0.07246335468750001 0.3579989328125 0.06532619687499999 0.4150027703125 0.0851891296875 0.441597034375 0.12412122343750001 0.39388497031249997 0.14753501875 0.43355307343750005 0.16315605 0.432281821875 0.1640030765625 0.40845747968749996 0.2712594328125 0.39675867187499997 0.42135314062500007 0.3370299859375 0.40934328750000004 0.3736436015625 0.3672146515625 0.39488861875 0.36023340937500004 0.4132748796875 0.3036071703125 0.4178831640625 0.3017324640625 0.398732503125 0.29092395781249997 0.398128565625 0.23942913593749998 0.47061996875 0.1974564171875 0.45324740781250006 0.1973784953125 0.4725569765625 0.2118761 0.489193709375 0.1899648640625 0.5236429 0.201801121875 0.5672233984374999 0.24012723125000002 0.6324051093749999 0.28675641406249996 0.6865169453125 0.341015459375 0.6731938078125 0.39328637187500004 0.7431795328125 0.4322609578125 0.7593094171875 0.485889134375 0.7534600124999999 0.6071257984375 0.6634152624999999 0.7311620453125001 0.549385703125 0.7597001999999999 0.5099434640625 0.7584562890625001 0.48331751093750003 0.742913253125 0.46528074999999997 0.7317502796875 0.47806690625000003 0.7325972328125 0.45424100625 0.71376198125 0.470621746875 0.7093819171875 0.43979883124999997 0.6562037359375 0.37137047968750003 0.564862565625 0.34613941718749996 0.5463391468750001 0.28528500156250003 0.51478525 0.36506265937500004 0.486480934375 0.3465777546875
8 0.540025934375 0.4951546765625 0.5451147890625 0.49919429062500004 0.5548779328125 0.498399759375 0.558506790625 0.4921655875 0.5615048515625001 0.49340670781249996 0.5599668609374999 0.50244093125 0.5710518375 0.508962784375 0.5828278546875 0.5302763140625 0.586024321875 0.5567418046875 0.614406559375 0.555917140625 0.6390996984374999 0.53905968125 0.660440453125 0.5343543109375 0.6669291359375 0.5264023 0.6666526625 0.5204843828125 0.6569675125 0.5019709046874999 0.6448371015625 0.4940490265625 0.6230817828124999 0.48988063750000005 0.6042642109374999 0.46468484062500004 0.5840468828125001 0.4514822265625 0.575683565625 0.440285134375 0.55797166875 0.43875633281250004 0.5442253453125 0.45917824375 0.539196659375 0.477404040625 0.540025934375 0.4951546765625
22 0.5103998562500001 0.46935494375 0.508308990625 0.466554890625 0.5015439078124999 0.46859054375 0.500005915625 0.47762476718749997 0.5031421421875 0.48182328906249994 0.5301245515625 0.49299024999999996 0.537027871875 0.49391355625 0.5393348953125 0.480363 0.52239203125 0.4743178640625 0.5162577421875 0.468878225 0.5103998562500001 0.46935494375
8 0.5909573328125 0.5994005546875 0.5891428671875001 0.6025168609375 0.5832849812500001 0.6029935796875 0.5792415578125001 0.6003539921875001 0.5786107625 0.607829284375 0.5854360875 0.6280606015625 0.5923394078124999 0.628983909375 0.5998735234375 0.6224319234375 0.6025951109375 0.6177551265625 0.6023187109375 0.6118387671875001 0.5909573328125 0.5994005546875
8 0.49020734062500004 0.561570815625 0.49466539843749996 0.573085721875 0.5040741468750001 0.585682840625 0.5138372921875 0.5848883078125 0.5209567703125 0.5694610046874999 0.52709113125 0.574902203125 0.5466174203125 0.5733131390625 0.5521209125000001 0.586228071875 0.5624368578125 0.5972662578125 0.579103321875 0.5973950328125001 0.581686746875 0.5897608359375 0.581133946875 0.5779281171874999 0.5858861578125001 0.553784403125 0.5850568843749999 0.5360337671875001 0.576417165625 0.518920315625 0.56700834375 0.5063216390624999 0.5491582828125 0.5018354375 0.5430239953125 0.4963957953125 0.531308221875 0.497349234375 0.5170869437500001 0.486627303125 0.5055094078125 0.49053969999999997 0.4981135296875 0.5000506421875001 0.48854886249999996 0.5260711 0.49020734062500004 0.561570815625