9 0.5549200765625 1 0.5661279578125 0.9750651375 0.594922265625 0.9460608734375 0.5771087859375 0.88994845 0.589900321875 0.8411368765624999 0.5765025031250001 0.8343788359375001 0.571157840625 0.8504189562500001 0.5652049875 0.810888175 0.5929285109375 0.75901155 0.5933930125 0.7263142984375001 0.5853413671875 0.7035158828125 0.5630976640625 0.6972152781250001 0.565379484375 0.6903674750000001 0.5983338140625001 0.6854676296875 0.5967003281250001 0.659516528125 0.5567160640625 0.6224533171875 0.5456496828125 0.582615828125 0.564646 0.5882244390625 0.5893413359374999 0.618473140625 0.6099935296875 0.6712859531250001 0.6285830875 0.6729042468750001 0.64808708125 0.708294240625 0.659208178125 0.7114446703125 0.6645327671875 0.6641649796875 0.7143109187500001 0.6974162203125001 0.748163321875 0.7054090656249999 0.7566433140625 0.7634371140625 0.7433460109375 0.7824685953125 0.774125934375 0.8101099328125001 0.8335468468749999 0.8196458390625001 0.8260587078125001 0.7899399484375 0.8396887765625 0.7803493625 0.849197171875 0.7987742250000001 0.883789103125 0.8201982828125001 0.90836424375 0.7934194390625 0.91036403125 0.7508972953125 0.8681648828125 0.6427380015625 0.8516760250000001 0.624388628125 0.8359613343750001 0.5515438359375 0.87184665 0.4490881625 0.8526954968749999 0.454378634375 0.8266066578125001 0.5222216875 0.8124901031249999 0.5332686640625 0.7981994343750001 0.523978240625 0.8053477843750001 0.41383771874999997 0.763931340625 0.38158827031250003 0.761204284375 0.3115101640625 0.6412585546875 0.337492371875 0.6424413953125 0.286988559375 0.63285406875 0.27401349375 0.501490628125 0.21947748906250003 0.48962809218750003 0.20289455781250001 0.41208403593750004 0.159044396875 0.39658854374999997 0.169016928125 0.3935391640625 0.21990448125 0.2909554640625 0.23553041718749998 0.316665753125 0.325340340625 0.2924002796875 0.330321015625 0.2750170578125 0.309439515625 0.2638166359375 0.3117373375 0.2510828375 0.32386134218749996 0.2549908234375 0.34343434375 0.15097044531249998 0.3946734 0.153830746875 0.4226131046875 0.171701965625 0.4420379609375 0.11257767031249999 0.5098698359375 0.1155365796875 0.563597771875 0.1325889421875 0.5750396671875 0.1489791921875 0.5676008078125 0.1292645359375 0.5797987578125 0.1560586609375 0.5933150921875 0.159559884375 0.6088977765625 0.1585173125 0.7476687078124999 0.2547067578125 0.7564483046875 0.24173879999999998 0.7849196453125 0.2658710265625 0.8220773671874999 0.2764859609375 0.7954461625 0.3251713484375 0.7745841812500001 0.3248189015625 0.733905259375 0.3690740625 0.762855096875 0.39666394375 0.7531153296875 0.40008774999999996 0.7741475578125 0.45344263281249997 0.8175306499999999 0.47432707812499997 0.8539948359375 0.491944459375 0.8585290000000001 0.5031861453124999 0.9187085203124999 0.521386709375 0.947573234375 0.5065537265625 0.9764280640624999 0.4751529546875 0.9923833140625 0.4806439828125 1 0.5549200765625 1
20 0.22538108281250002 0.364456684375 0.14813324375 0.397972759375 0.1592759265625 0.4323625046875 0.18883174687499998 0.4480303140625 0.23232579062499997 0.432309621875 0.22538108281250002 0.364456684375
20 0.5231793609375 0.36309083750000004 0.4885658421875 0.3104274625 0.465990884375 0.2946857078125 0.2862367625 0.3383781765625 0.4691046265625 0.337514559375 0.4987579375 0.37897239531250004 0.522538440625 0.37544785625 0.5231793609375 0.36309083750000004
18 0.7611700406249999 0.37943834062500004 0.671553903125 0.36659139218750003 0.59420745625 0.3743192375 0.5851278078125 0.3911255515625 0.6074146859375 0.459904790625 0.647042009375 0.487088440625 0.695228253125 0.56685034375 0.7303840859374999 0.58136846875 0.7654394015625 0.570097071875 0.7773577671874999 0.5499911453124999 0.78151256875 0.45404931875 0.7611700406249999 0.37943834062500004
29 0.5016263765625 0.5373158203124999 0.52435616875 0.542158490625 0.471619503125 0.45518085937499997 0.4173914484375 0.4405034109375 0.40498699687500006 0.4620672734375 0.3751215078125 0.46819763437499995 0.3813840296875 0.485930246875 0.36061977968750003 0.5064936109375 0.3493639234375 0.5454818343750001 0.358895021875 0.595144215625 0.36605039375000004 0.6154092125 0.4052705578125 0.638601003125 0.4468980625 0.623264053125 0.46276758593749995 0.6852097609375 0.478440615625 0.6955756671875 0.49531655781249995 0.6866773296875001 0.49068018750000003 0.5545058765624999 0.5016263765625 0.5373158203124999
18 0.6106751234375001 0.3614308375 0.5453371171875 0.2444357203125 0.531939296875 0.23767767968750003 0.4786275875 0.2567732203125 0.53639964375 0.3495104421875 0.575054790625 0.3796099625 0.6106751234375001 0.3614308375
20 0.24289794687500002 0.34320132812500004 0.229112646875 0.363689453125 0.2435042296875 0.398770940625 0.276228109375 0.42057899374999996 0.3903646765625 0.44333415781249996 0.44247387031249996 0.4435044046875 0.45845505312499996 0.43207239687500004 0.486630025 0.44666446718749997 0.5044007265625 0.440299803125 0.48600215625 0.3598555390625 0.471865925 0.3396644875 0.24289794687500002 0.34320132812500004
20 0.4148453328125 0.1611943265625 0.3980468078125 0.1646431203125 0.3958917921875 0.2180628046875 0.4424783875 0.2139331921875 0.47428782968750005 0.20196954687500002 0.4148453328125 0.1611943265625
20 0.641822059375 0.3305848953125 0.6397575125 0.27938908906250004 0.4996240890625 0.21986123124999998 0.51230205625 0.2444260875 0.5443653359375 0.247353134375 0.6144082015625 0.3606633515625 0.641822059375 0.3305848953125
18 0.41208403593750004 0.159044396875 0.39561636718750004 0.1719327984375 0.3940252515625 0.218446546875 0.45927691406250004 0.210484396875 0.47428782968750005 0.20196954687500002 0.41208403593750004 0.159044396875
18 0.641822059375 0.3305848953125 0.6397575125 0.27938908906250004 0.4996240890625 0.21986123124999998 0.510435515625 0.2448098296875 0.5443653359375 0.247353134375 0.6171694999999999 0.3628132828125 0.641822059375 0.3305848953125
18 0.5434087140625 0.5110797875 0.5245672296875 0.4945720921875 0.5080995609375 0.50746049375 0.529878765625 0.54645835 0.5434087140625 0.5110797875