9 0.5916439078125 0.226108025 0.49448170625000004 0.2270205234375 0.4827946953125 0.21019252812500003 0.3442020984375 0.2198838671875 0.3345377546875 0.26957419374999997 0.3017944671875 0.252258015625 0.2673917984375 0.24878194062499998 0.236819503125 0.2813087734375 0.221515515625 0.32551171874999996 0.23140671249999997 0.3542287796875 0.264287990625 0.37349588906250003 0.25313480625 0.3830984109375 0.2290532859375 0.37694002968749996 0.1968453890625 0.3860542609375 0.1994375625 0.42312404062500003 0.21992433125000002 0.4530607671875 0.17724383906250002 0.481532834375 0.18793139375 0.5592087375 0.22476758281250003 0.6350561484374999 0.225427509375 0.682063953125 0.2766230046875 0.6814248875 0.2968369140625 0.7074595296874999 0.370169790625 0.7415432203125001 0.4923891828125 0.7231939015625 0.5715187953124999 0.7274635265625 0.641862103125 0.699997959375 0.6361082546875 0.6553069390624999 0.6194637515625 0.6427467671875 0.63048050625 0.6311932031249999 0.7601131296875 0.6436948 0.811456946875 0.6263804234375 0.8227584546875001 0.6001025875 0.8231558515625 0.6245820640625 0.8488848640625 0.6355266937499999 0.869293103125 0.570380721875 0.84084738125 0.5017889156249999 0.8681096796875 0.47831615625 0.8641532062499999 0.4217359640625 0.83168278125 0.40832186718749997 0.8618457875000001 0.36994191249999997 0.9113937890624999 0.36451659687500004 0.9001145078125001 0.3535418328125 0.849749484375 0.3472607921875 0.8325354765625 0.3641491640625 0.8015657828125 0.37219651875 0.778316296875 0.35911792187499997 0.8253966671875 0.3372002203125 0.8419269625 0.31055675312500003 0.8997393312499999 0.29180975937500003 0.8997631171875 0.254557053125 0.8306936874999999 0.22507668593750002 0.72059438125 0.2288544171875 0.6958084875 0.250193428125 0.6783454046874999 0.22592700937500002 0.61888398125 0.2398878640625 0.5916439078125 0.226108025
18 0.6114825749999999 0.6413442828125 0.6055938578125 0.5947021125 0.577250453125 0.5839403 0.54173255625 0.602108603125 0.5209713671875 0.568269903125 0.4840891703125 0.5669277953125 0.4649325875 0.61238043125 0.4351907640625 0.6379871578125 0.4458767578125 0.7156631703125 0.519085096875 0.7291694671875 0.5766127156249999 0.7251467421875 0.6403494796875 0.697162859375 0.6367904046875 0.66506214375 0.6114825749999999 0.6413442828125
10 0.5232896203124999 0.31164808437499997 0.5369704359374999 0.3292651921875 0.565016190625 0.333841403125 0.6005118625 0.352925696875 0.6347899953125 0.335824378125 0.6375527109375 0.3189662484375 0.632197821875 0.29875459531250004 0.578000865625 0.2564707578125 0.5495091359375001 0.26238425625 0.508750559375 0.29954454531249997 0.5232896203124999 0.31164808437499997
18 0.7116002953125 0.30692630468750004 0.7926295953125 0.3571367484375 0.8365498499999999 0.32759769843750003 0.84179053125 0.3086057125 0.8912021046874999 0.3012293546875 0.9018198984374999 0.26519642499999996 0.89549966875 0.249953728125 0.8174837203124999 0.2240398359375 0.7181148546875 0.23098838437500002 0.6945702859375 0.2512603015625 0.7116002953125 0.30692630468750004
31 0.8064209281249999 0.5355655484375 0.8111381124999999 0.47151679843750005 0.80620440625 0.43853191718750006 0.679516903125 0.562084771875 0.67606014375 0.5878140484375 0.6888504875 0.6016240203125001 0.7367375453125 0.61003891875 0.768947003125 0.6009245796875 0.8064209281249999 0.5355655484375
28 0.370169790625 0.7415432203125001 0.46486435625 0.724138334375 0.44271664218750006 0.708041821875 0.44399052031249997 0.6510958875 0.42968755312500007 0.63445081875 0.46231819218750003 0.6125632484375 0.4926398515625 0.5388817359375 0.44256991250000005 0.49925017968749996 0.3593059171875 0.49852579375 0.362513275 0.4652821875 0.3057910828125 0.46512195937499995 0.3007746078125 0.49229977031249994 0.3175677078125 0.514857925 0.2776803625 0.5274453218749999 0.27875991093749997 0.561680003125 0.3701460390625 0.55332908125 0.3771618734375 0.559700521875 0.3871434921875 0.664873925 0.3733759125 0.6746592640625 0.28061359375 0.682126128125 0.2898226390625 0.7010879812499999 0.370169790625 0.7415432203125001
29 0.25065528125 0.385232378125 0.20455370624999997 0.3835546609375 0.2012333765625 0.411234978125 0.2237784875 0.4518109671875 0.237126446875 0.45479875 0.2572277078125 0.44162964374999997 0.2740308640625 0.41888825937499996 0.25065528125 0.385232378125
29 0.570382971875 0.3354267015625 0.52840685625 0.3364013765625 0.50778365625 0.3045136109375 0.46454555312499995 0.343807865625 0.5031910078124999 0.389139753125 0.5374572484375 0.3906647859375 0.6011940124999999 0.362680903125 0.570382971875 0.3354267015625
18 0.3292407328125 0.38169772968750004 0.3263638078125 0.35935221875 0.2955408765625 0.350724371875 0.25464586875 0.3859336203125 0.276645259375 0.41870544374999996 0.3292407328125 0.38169772968750004
18 0.387201425 0.346275421875 0.36532657031250004 0.33408099375 0.33186701875 0.36288855937500003 0.387201425 0.346275421875
18 0.45823565468750005 0.3099389265625 0.3755247453125 0.3108211828125 0.4258794359375 0.3357284671875 0.45823565468750005 0.3099389265625