9 0 0.7419479390625 0.01843138125 0.75090975 0.0214580578125 0.735201334375 0.043189920312500005 0.754282525 0.0458123453125 0.795694871875 0.0690513109375 0.8079061390625 0.0718269765625 0.8276515453125001 0.11118814218749999 0.8273313984374999 0.1386118703125 0.8662065859375 0.1374237546875 0.91139248125 0.1744357828125 0.9166514671874999 0.174738109375 0.9111387437499999 0.181164625 0.9176070140625001 0.3803128796875 0.9459023921874999 0.921756896875 0.9543449109375001 0.9772387859375 0.520290928125 0.9691011187499999 0.511845084375 0.9812882546875 0.4371942265625 0.9623476234374999 0.43589016562499994 0.9580508359375 0.4249831046875 0.961341 0.37185229999999997 0.9714670968749999 0.3828562484375 0.98174596875 0.3721963703125 0.9797939234375 0.028415301562500002 0.8717268890625001 0.05614151093750001 0.8161312671875001 0.08475148437499999 0.7782201859375 0.0860816203125 0.7766736453124999 0.0988602140625 0.7430736062500001 0.10912743124999999 0.6935153046875 0.1082919640625 0.5737175390625 0.1456694734375 0.48912337343749995 0.15212125468749998 0.36932715156249996 0.189498909375 0.36335754374999996 0.20909728125 0.33719145 0.1988061375 0.16493521718749998 0.2333282 0.0918760109375 0.2577040015625 0.03619795 0.2981341375 0.0275081484375 0.2901070421875 0.0206661671875 0.2925527484375 0 0.4292452765625 0 0.53796033125 0.108820678125 0.5426413640625001 0 0.5521248296875 0 0.71492265 0.0083874875 0.7280871953125 0 0.7410267734375 0 0.7419479390625
20 0.755152759375 0.6706879359375 0.73322666875 0.6791822109375001 0.5846386046875 0.664857640625 0.58162618125 0.678596078125 0.6573648328125 0.687752709375 0.8405183390625 0.7617580109375 0.9047202484374999 0.7529920359375 0.9505673609375 0.72895359375 0.9644469015625001 0.6203619734375 0.9570044734375 0.5736276921875 0.9381870296875 0.554596503125 0.903234675 0.55006685 0.780520709375 0.58739576875 0.7351077359375 0.6191328921875 0.755152759375 0.6706879359375
20 0.40265194375 0.8390784171875 0.492203834375 0.9568125578125001 0.5927814484375 0.9575247703124999 0.6551235859375 0.7990145609375 0.605857515625 0.7568151890625 0.555626040625 0.6446678703125001 0.4602536 0.73269058125 0.42192733593750004 0.79311019375 0.430561896875 0.8090157906250001 0.413057328125 0.8106901421874999 0.40265194375 0.8390784171875
19 0.399588290625 0.2391927671875 0.3516760796875 0.2117904140625 0.29917639375 0.214845046875 0.09765789531249999 0.26463286406250003 0.0434998828125 0.2962213953125 0.0418410828125 0.3247584046875 0.0603380203125 0.3890918984375 0.08788648437499999 0.4102401015625 0.13438959687500002 0.4307239421875 0.23927848906250002 0.440371678125 0.2948046171875 0.42161018749999996 0.36076309375000004 0.3705203171875 0.369771853125 0.3332449625 0.39911786875 0.306160746875 0.4169128875 0.263123903125 0.399588290625 0.2391927671875
19 0.49197658281249995 0.16097009375 0.38093834531250004 0.19652465937500002 0.36330904531249997 0.21592599375 0.4300101890625 0.266299496875 0.5233638859374999 0.2580247703125 0.574607715625 0.22638467968749998 0.5692490640625001 0.15931825625 0.49197658281249995 0.16097009375
19 0.4385345078125 0.297960540625 0.474813753125 0.3212273140625 0.462862065625 0.36239262499999997 0.50787233125 0.3877764125 0.5983383375 0.3755131390625 0.6585497078125 0.3125077765625 0.6413641 0.26887967968750004 0.584747596875 0.235421765625 0.57004720625 0.252901565625 0.4679072515625 0.26693778125 0.4385345078125 0.297960540625
19 0.5735033234375 0.1761336953125 0.589183375 0.22663186406250002 0.6660106171875 0.2880093125 0.6851737484375 0.2577995078125 0.7232095640625 0.23874238750000001 0.7353557171875 0.170000053125 0.758897840625 0.13887870156249998 0.7313509234375 0.11773064687499998 0.7051280453125 0.1153178609375 0.5882732078124999 0.14880541249999998 0.5735033234375 0.1761336953125
19 0.2446101765625 0.5113782078125 0.294070475 0.5260021125 0.308493125 0.5479146796875 0.3872569078125 0.54136275 0.40632203593750005 0.5249413828125 0.40070144374999994 0.49529749375 0.364365178125 0.47991063437500003 0.285644159375 0.480552628125 0.2446101765625 0.5113782078125
19 0 0.7051483125 0.04750746875 0.762171375 0.2065828859375 0.7362906234375 0.166409325 0.6449974375 0.132975003125 0.631629146875 0 0.619822296875 0 0.7051483125
2 0.6898889859375 0.62329455 0.7305757359375 0.6417098218749999 0.7380791734375001 0.6113029796875 0.7747043453125 0.5853271999999999 0.8755472265625001 0.5486156109375 0.9184609640625 0.457739009375 0.8368237468749999 0.4583324125 0.7827349906250001 0.48007402031249996 0.6898889859375 0.62329455
19 0.8280019984375 0.2621787078125 0.8015439093750001 0.2932499125 0.809996953125 0.3347608515625 0.7720448875 0.3419995109375 0.7704415625000001 0.3626564625 0.843167553125 0.38555308906249997 0.8796965015625 0.37336433593749996 0.9033221390625 0.33042608281249997 0.9007409359375 0.2831036546875 0.8848537125 0.2621526328125 0.84408345 0.25555426406250004 0.8280019984375 0.2621787078125