9 0.7802734375 0.19543125 0.7607421875 0.14720781249999998 0.7314453125 0.124365625 0.6845703125 0.126903125 0.6435546875 0.08121874999999999 0.5986328125 0.08629375 0.5458984375 0.1345171875 0.5009765625 0.1294421875 0.4580078125 0.098984375 0.4326171875 0.1319796875 0.3779296875 0.1573609375 0.3671875 0.1992390625 0.3486328125 0.205584375 0.314496875 0.2692609375 0.32426093749999996 0.2833609375 0.3427046875 0.28195156250000003 0.416478125 0.284771875 0.534734375 0.2988734375 0.553178125 0.303103125 0.7343578125 0.307334375 0.814453125 0.3058375 0.841796875 0.3007609375 0.80078125 0.25 0.810546875 0.2119296875 0.7802734375 0.19543125
19 0.8564453125 0.5888328125 0.8720703125 0.5583750000000001 0.8857421875 0.5583750000000001 0.888671875 0.5545687499999999 0.88671875 0.513959375 0.8818359375 0.5076140625 0.8388671875 0.5 0.8251953125 0.47969531249999997 0.8232421875 0.48223281250000005 0.8154296875 0.47461875 0.8017578125 0.47208125 0.7890625 0.488578125 0.779296875 0.52665 0.77734375 0.5875640625 0.7802734375 0.5913703124999999 0.7890625 0.5901015625 0.8056640625 0.5786796875 0.8212890625 0.5786796875 0.8349609375 0.5862937500000001 0.8564453125 0.5888328125
19 0.8359375 0.8769031249999999 0.8212890625 0.85786875 0.7763671875 0.819796875 0.7255859375 0.8172593750000001 0.6943359375 0.794415625 0.6728515625 0.7868015625 0.6591796875 0.789340625 0.65234375 0.7982234375 0.650390625 0.8236046874999999 0.65625 0.843909375 0.65234375 0.8591374999999999 0.658203125 0.8642125 0.66796875 0.904821875 0.65625 0.9149749999999999 0.654296875 0.9352796874999999 0.6748046875 0.9974624999999999 0.8203125 0.9961921874999999 0.8388671875 0.9847718750000001 0.845703125 0.9631984375 0.845703125 0.902284375 0.8359375 0.8769031249999999
19 0.7333984375 0.74873125 0.71875 0.7728421875 0.7109375 0.7931468749999999 0.7109375 0.8007609375 0.7275390625 0.8147203125000001 0.7734375 0.8159906250000001 0.7734375 0.8083750000000001 0.751953125 0.7576140625 0.7431640625 0.74873125 0.7333984375 0.74873125
19 0.96484375 0.8159906250000001 0.9404296875 0.7690359375 0.9033203125 0.75126875 0.8779296875 0.7563453124999999 0.86328125 0.7906093750000001 0.8564453125 0.791878125 0.84375 0.7347718750000001 0.8232421875 0.7157359375000001 0.796875 0.7550765625 0.783203125 0.7931468749999999 0.78125 0.8134515625000001 0.83984375 0.8794421874999999 0.84765625 0.902284375 0.849609375 0.9530453124999999 0.873046875 0.9530453124999999 0.9326171875 0.9340093749999999 0.95703125 0.9124359375 0.966796875 0.8591374999999999 0.96484375 0.8159906250000001
19 1 0.7550765625 0.9921875 0.7474624999999999 0.98828125 0.7373093749999999 0.9921875 0.72461875 0.9873046875 0.72335 0.97265625 0.7449234375 0.962890625 0.7703046875 0.953125 0.7829953125 0.953125 0.7880703125 0.96484375 0.8109140625 0.96875 0.8286796875 0.96875 0.902284375 0.9873046875 0.9162437499999999 1 0.9175125 1 0.7550765625
19 0.439453125 0.8185281249999999 0.462890625 0.77791875 0.4365234375 0.761421875 0.4189453125 0.7411171875 0.4052734375 0.733503125 0.3955078125 0.733503125 0.37890625 0.7525375000000001 0.373046875 0.7906093750000001 0.361328125 0.8134515625000001 0.361328125 0.8286796875 0.37890625 0.8667515625 0.3876953125 0.8781718749999999 0.3994140625 0.8807109375 0.412109375 0.8972078124999999 0.41796875 0.9251265625 0.42578125 0.9175125 0.42578125 0.8895937500000001 0.439453125 0.8515234375 0.439453125 0.8185281249999999
19 0.6220703125 0.7842640624999999 0.61328125 0.7652281249999999 0.6064453125 0.7588828125 0.5849609375 0.7538078125000001 0.5693359375 0.766496875 0.5595703125 0.766496875 0.5517578125 0.7715734375000001 0.54296875 0.7855328125 0.54296875 0.7956859374999999 0.53125 0.8286796875 0.533203125 0.848984375 0.5654296875 0.8654828125 0.5869140625 0.8705578125000001 0.60546875 0.8692890625 0.646484375 0.861675 0.646484375 0.8007609375 0.6318359375 0.7868015625 0.6220703125 0.7842640624999999
19 0.5048828125 0.8248734375 0.5302734375 0.8248734375 0.541015625 0.7982234375 0.5439453125 0.766496875 0.5244140625 0.7563453124999999 0.4931640625 0.763959375 0.4658203125 0.7791875 0.443359375 0.8109140625 0.439453125 0.8185281249999999 0.44140625 0.848984375 0.43359375 0.8667515625 0.4296875 0.9175125 0.421875 0.927665625 0.421875 0.9352796874999999 0.453125 0.9352796874999999 0.4697265625 0.9340093749999999 0.478515625 0.9149749999999999 0.486328125 0.8337562500000001 0.5048828125 0.8248734375
19 1 0.6637062499999999 0.9755859375 0.6294421875 0.9638671875 0.6192890625 0.9501953125 0.6142125 0.9326171875 0.6142125 0.93359375 0.6307109375 0.9423828125 0.6345171875 0.947265625 0.6434015625 0.9296875 0.6586296875000001 0.921875 0.6967 0.9140625 0.7170046875 0.9052734375 0.7157359375000001 0.90234375 0.72461875 0.89453125 0.7296953125 0.89453125 0.7373093749999999 0.9111328125 0.7538078125000001 0.9345703125 0.763959375 0.953125 0.7804562500000001 0.962890625 0.7677671875 0.978515625 0.7322328125 0.9873046875 0.7208125 1 0.7144671875 1 0.6637062499999999
18 0.890625 0.5647203125 0.890625 0.572334375 0.9091796875 0.611675 0.9375 0.61040625 0.9384765625 0.5558375 0.9267578125 0.5533 0.9111328125 0.5634515625 0.890625 0.5647203125
18 0.822265625 0.684009375 0.8037109375 0.6624359375 0.7744140625 0.6446703125 0.7568359375 0.63959375 0.7236328125 0.6446703125 0.6943359375 0.680203125 0.6787109375 0.680203125 0.6640625 0.6992390625 0.6640625 0.7119296875 0.6787109375 0.72335 0.6962890625 0.7461921874999999 0.7158203125 0.7588828125 0.7236328125 0.7588828125 0.7314453125 0.7461921874999999 0.7392578125 0.7461921874999999 0.763671875 0.7728421875 0.7724609375 0.791878125 0.779296875 0.7906093750000001 0.78515625 0.7829953125 0.79296875 0.75 0.822265625 0.7093906249999999 0.822265625 0.684009375
19 0.906859375 0.6105125 0.9003500000000001 0.5893609375 0.8818359375 0.5634515625 0.8701171875 0.5634515625 0.8603515625 0.5913703124999999 0.8369140625 0.5888328125 0.8193359375 0.5786796875 0.8095703125 0.5786796875 0.7890625 0.597715625 0.802734375 0.625634375 0.802734375 0.6484765625 0.8076171875 0.6573609375 0.8113875 0.6711484375000001 0.82440625 0.686659375 0.8233218750000001 0.7148625 0.8471890625 0.7360140625 0.8580390625 0.795240625 0.8797375000000001 0.75575625 0.89818125 0.7501156250000001 0.8916703125 0.7346046875 0.904690625 0.7247328125 0.9133687500000001 0.7134515625 0.919878125 0.7007609375 0.9231343750000001 0.6894796875 0.9263890625 0.6725578125 0.9404921875 0.649996875 0.9339828125 0.6358953125 0.9318125 0.6147437499999999 0.906859375 0.6105125
9 0.68359375 0.5621828125 0.6787109375 0.5583750000000001 0.6337890625 0.5634515625 0.626953125 0.57995 0.62109375 0.585025 0.625 0.6002531249999999 0.62109375 0.61294375 0.623046875 0.623096875 0.642578125 0.6637062499999999 0.6513671875 0.6751265625 0.66796875 0.678934375 0.6923828125 0.67005 0.697265625 0.6611671875 0.697265625 0.5901015625 0.68359375 0.5621828125
9 1 0.7007609375 0.9979921875000001 0.6951203125000001 1 0.6697375 0.9903984375 0.65140625 0.9838890625 0.634484375 0.963275 0.6147437499999999 0.938321875 0.6105125 0.9437468750000001 0.59218125 0.9459171874999999 0.5597484374999999 0.9394078125 0.5484671875 0.9285578125 0.5512875 0.8916703125 0.5583375 0.8895015624999999 0.5118031249999999 0.8310546875 0.49492343749999995 0.8095703125 0.46192968749999996 0.783203125 0.47081249999999997 0.767578125 0.5875640625 0.8642578125 0.568528125 0.8583984375 0.5888328125 0.8461046874999999 0.5907703125 0.8233218750000001 0.5851296875 0.8059625 0.5837203125 0.786434375 0.5950015625 0.7788406250000001 0.6006421875 0.7724609375 0.6192890625 0.7529296875 0.58375625 0.741953125 0.5893609375 0.7202546875 0.58795 0.7001953125 0.6040609375 0.6787109375 0.5609140625 0.6312921874999999 0.571028125 0.5564328125 0.5442359375 0.540159375 0.5837203125 0.5499234375000001 0.5964109375 0.57270625 0.5837203125 0.5889796875 0.5950015625 0.5889796875 0.6119234375 0.5835546875000001 0.6175625 0.57813125 0.634484375 0.586809375 0.6655078125 0.573790625 0.668328125 0.553178125 0.6697375 0.5586015625 0.668328125 0.5716218750000001 0.6485859375 0.560771875 0.649996875 0.560771875 0.634484375 0.5434140625 0.6246140625 0.5390734375 0.6020515625 0.5282250000000001 0.59923125 0.521715625 0.57666875 0.5119515625 0.5597484374999999 0.503271875 0.545646875 0.4826578125 0.5442359375 0.48374375000000003 0.5329546875 0.458984375 0.5088828125 0.46875 0.47081249999999997 0.44921875 0.39213125 0.3876953125 0.373096875 0.3388671875 0.32995 0.2917125 0.32425625 0.251571875 0.329896875 0.2428921875 0.30874375 0.2179390625 0.2904125 0.1962890625 0.2969546875 0.173828125 0.39213125 0.1430796875 0.4102734375 0.1357421875 0.4467 0.1474203125 0.44693750000000004 0.151759375 0.4666796875 0.15609843750000002 0.47655000000000003 0.1689453125 0.484771875 0.12823437499999998 0.5032265625 0.0654296875 0.40862968750000006 0.0419921875 0.40609062500000004 0 0.47081249999999997 0 0.7289640625 0.00855 0.7360140625 0.0194 0.7529359375 0.02699375 0.7896 0.051946875 0.81498125 0.08232500000000001 0.8389546875 0.1279296875 0.8426390625 0.1728515625 0.8730968750000001 0.177734375 0.904821875 0.1962890625 0.9162437499999999 0.2666015625 0.8934015625 0.3427734375 0.903553125 0.3408203125 0.9263953125000001 0.3427046875 0.9433046875000001 0.3437890625 0.951765625 0.3437890625 0.960225 0.34595937499999996 0.97150625 0.382846875 0.9757374999999999 0.41539374999999995 0.9743265624999999 0.4132234375 0.9588156250000001 0.4121390625 0.9489453125 0.41105468749999996 0.93484375 0.4338375 0.9263828125 0.4775390625 0.9340093749999999 0.5771484375 0.9822328125 0.6513671875 0.96954375 0.6591796875 0.9492390625 0.6748046875 0.9974624999999999 0.818359375 0.9961921874999999 0.84375 0.9784265624999999 0.8466796875 0.9543140625 0.9365234375 0.9340093749999999 0.9658203125 0.8908625000000001 1 0.9175125 1 0.8037015625 0.9979921875000001 0.7515265624999999 0.9849734375000001 0.7233234375 0.9979921875000001 0.7261437500000001 1 0.720503125 1 0.709221875 1 0.7007609375
19 0.7919921875 0.654821875 0.7998046875 0.654821875 0.802734375 0.6484765625 0.802734375 0.623096875 0.7861328125 0.598984375 0.7802734375 0.598984375 0.7724609375 0.6142125 0.7666015625 0.611675 0.759765625 0.585025 0.7529296875 0.5786796875 0.7431640625 0.593909375 0.7412109375 0.5888328125 0.7353515625 0.5862937500000001 0.7099609375 0.5913703124999999 0.701171875 0.597715625 0.701171875 0.638325 0.705078125 0.656090625 0.708984375 0.656090625 0.7236328125 0.6446703125 0.7451171875 0.63959375 0.7783203125 0.6446703125 0.7919921875 0.654821875
19 0.431640625 0.8667515625 0.439453125 0.8515234375 0.4375 0.8236046874999999 0.462890625 0.77791875 0.4326171875 0.7588828125 0.4189453125 0.7411171875 0.4052734375 0.733503125 0.3955078125 0.733503125 0.3828125 0.7423859375 0.373046875 0.7880703125 0.361328125 0.8058375 0.35546875 0.8261421875 0.38671875 0.8794421874999999 0.400390625 0.8845171875 0.408203125 0.8972078124999999 0.4140625 0.9251265625 0.41796875 0.927665625 0.42578125 0.9175125 0.42578125 0.8972078124999999 0.431640625 0.8794421874999999 0.431640625 0.8667515625
31 0.4287109375 0.6878171875 0.4169921875 0.6979703125000001 0.3984375 0.72208125 0.3984375 0.7271578125 0.4248046875 0.7436546875000001 0.4326171875 0.7563453124999999 0.4404296875 0.761421875 0.4453125 0.7601515625 0.4609375 0.7423859375 0.462890625 0.7296953125 0.4345703125 0.6878171875 0.4287109375 0.6878171875
19 0.4345703125 0.6852796875 0.44921875 0.66624375 0.455078125 0.6484765625 0.47265625 0.6307109375 0.4716796875 0.6192890625 0.4599609375 0.6167515625 0.4326171875 0.6345171875 0.400390625 0.6713203125 0.390625 0.6890859375 0.390625 0.7271578125 0.396484375 0.7296953125 0.40234375 0.7271578125 0.40234375 0.7195437499999999 0.4208984375 0.6954312500000001 0.4345703125 0.6852796875
19 0.5703125 0.6865484375 0.5439453125 0.67005 0.5283203125 0.664975 0.5205078125 0.6573609375 0.5048828125 0.6573609375 0.4775390625 0.6319796875 0.4619140625 0.63959375 0.4453125 0.6738578125 0.4453125 0.684009375 0.453125 0.6916249999999999 0.453125 0.6992390625 0.458984375 0.7119296875 0.4658203125 0.7131984375 0.46484375 0.7170046875 0.4716796875 0.7258890625000001 0.4814453125 0.7284265624999999 0.4853515625 0.733503125 0.5068359375 0.736040625 0.5263671875 0.7461921874999999 0.5322265625 0.7563453124999999 0.54296875 0.7576140625 0.548828125 0.7423859375 0.5625 0.7322328125 0.56640625 0.72208125 0.5703125 0.6865484375
19 0.5048828125 0.5533 0.4951171875 0.5456859374999999 0.4814453125 0.5431468749999999 0.478515625 0.539340625 0.48046875 0.5317265625 0.4697265625 0.5203046875 0.4560546875 0.5126906250000001 0.4404296875 0.5152281249999999 0.40625 0.5545687499999999 0.4501953125 0.6091375 0.482421875 0.61294375 0.5205078125 0.6015234375 0.525390625 0.595178125 0.525390625 0.585025 0.5048828125 0.5533
19 0.3984375 0.6738578125 0.4013671875 0.6624359375 0.453125 0.6180203125 0.4423828125 0.598984375 0.4013671875 0.5583750000000001 0.3623046875 0.5583750000000001 0.2939453125 0.5862937500000001 0.2734375 0.61294375 0.251953125 0.6865484375 0.2548828125 0.7030453125 0.2919921875 0.710659375 0.3154296875 0.75126875 0.3388671875 0.77665 0.349609375 0.77538125 0.373046875 0.7601515625 0.384765625 0.7195437499999999 0.388671875 0.681471875 0.3984375 0.6738578125
19 0.455078125 0.41751250000000006 0.45703125 0.4098984375 0.455078125 0.399746875 0.4462890625 0.388325 0.4189453125 0.37055781250000003 0.4033203125 0.373096875 0.3662109375 0.3984765625 0.361328125 0.404821875 0.357421875 0.42005 0.357421875 0.432740625 0.365234375 0.4403546875 0.369140625 0.45558437500000004 0.3876953125 0.47969531249999997 0.3984375 0.48350312500000003 0.4111328125 0.47208125 0.4248046875 0.46700468749999996 0.44140625 0.432740625 0.455078125 0.41751250000000006
19 0.3818359375 0.388325 0.388671875 0.374365625 0.3623046875 0.34771562500000003 0.3369140625 0.32995 0.3037109375 0.32995 0.2880859375 0.32487343750000003 0.2666015625 0.350253125 0.2353515625 0.3654828125 0.21484375 0.404821875 0.2275390625 0.4238578125 0.2412109375 0.4238578125 0.2548828125 0.4111671875 0.2744140625 0.428934375 0.2841796875 0.4441625 0.291015625 0.44289375 0.3330078125 0.43908593749999997 0.3564453125 0.3984765625 0.3681640625 0.3984765625 0.3818359375 0.388325
19 0.279296875 0.33629375 0.279296875 0.33121875 0.2529296875 0.3274109375 0.2314453125 0.3324875 0.2197265625 0.3401015625 0.20703125 0.3642125 0.19921875 0.4098984375 0.2021484375 0.41624375 0.212890625 0.414975 0.220703125 0.38959375 0.2373046875 0.3654828125 0.2666015625 0.350253125 0.279296875 0.33629375
19 0.2294921875 0.3324875 0.2490234375 0.32995 0.251953125 0.3261421875 0.2275390625 0.29441562499999996 0.2197265625 0.289340625 0.2021484375 0.289340625 0.189453125 0.3007609375 0.1953125 0.3261421875 0.18359375 0.33629375 0.18359375 0.346446875 0.17578125 0.3642125 0.173828125 0.3819796875 0.177734375 0.40228437499999997 0.1884765625 0.4111671875 0.197265625 0.4098984375 0.203125 0.399746875 0.20703125 0.3642125 0.216796875 0.343909375 0.2294921875 0.3324875
19 0.2158203125 0.43654843750000005 0.2216796875 0.43654843750000005 0.224609375 0.42766562500000005 0.2138671875 0.41370625 0.2080078125 0.41624375 0.2001953125 0.4111671875 0.1845703125 0.4111671875 0.1728515625 0.3908625 0.1630859375 0.39340156249999997 0.142578125 0.42005 0.140625 0.4378171875 0.1484375 0.45558437500000004 0.150390625 0.47081249999999997 0.1611328125 0.48223281250000005 0.16796875 0.4809640625 0.1806640625 0.46192968749999996 0.1923828125 0.4517765625 0.2099609375 0.4441625 0.2158203125 0.43654843750000005
19 0.2509765625 0.41624375 0.2412109375 0.42639531249999996 0.2275390625 0.42639531249999996 0.2216796875 0.42132031249999996 0.22265625 0.4352796875 0.21484375 0.4530453125 0.21484375 0.460659375 0.2314453125 0.487309375 0.248046875 0.4911171875 0.28125 0.4479703125 0.28125 0.4403546875 0.2587890625 0.41624375 0.2509765625 0.41624375
19 0.1064453125 0.7741109374999999 0.0908203125 0.766496875 0.0810546875 0.766496875 0.0712890625 0.77665 0.0478515625 0.7791875 0.03125 0.7906093750000001 0.0341796875 0.7994921875000001 0.064453125 0.8261421875 0.0693359375 0.8426390625 0.0810546875 0.847715625 0.09375 0.846446875 0.1083984375 0.8426390625 0.11328125 0.8261421875 0.115234375 0.7880703125 0.1064453125 0.7741109374999999
19 0.13671875 0.7601515625 0.142578125 0.7144671875 0.138671875 0.66878125 0.140625 0.6484765625 0.1357421875 0.63959375 0.1162109375 0.63705625 0.0849609375 0.64213125 0.072265625 0.653553125 0.060546875 0.6890859375 0.03515625 0.72208125 0.03125 0.7322328125 0.03125 0.75 0.044921875 0.7677671875 0.044921875 0.7728421875 0.0478515625 0.77665 0.060546875 0.77538125 0.0693359375 0.7741109374999999 0.0830078125 0.763959375 0.1279296875 0.7715734375000001 0.13671875 0.7601515625
19 0.1025390625 0.611675 0.0966796875 0.611675 0.091796875 0.6002531249999999 0.091796875 0.5875640625 0.1083984375 0.58121875 0.134765625 0.5368015625 0.125 0.511421875 0.1064453125 0.49238593750000004 0.0810546875 0.5 0.0712890625 0.5076140625 0.0595703125 0.52538125 0.0517578125 0.52791875 0.044921875 0.539340625 0.044921875 0.5520296874999999 0.037109375 0.5748734375 0.0390625 0.595178125 0.0517578125 0.6065984375 0.0634765625 0.6091375 0.0712890625 0.6319796875 0.1015625 0.6332484375 0.111328125 0.623096875 0.11328125 0.61040625 0.1064453125 0.6065984375 0.1025390625 0.611675
19 0.2265625 0.5520296874999999 0.23828125 0.541878125 0.234375 0.5291875 0.2431640625 0.5304562500000001 0.24609375 0.52665 0.24609375 0.516496875 0.2392578125 0.5177671875 0.236328125 0.513959375 0.2392578125 0.5076140625 0.2431640625 0.5101515625 0.24609375 0.5063453124999999 0.24609375 0.49873124999999996 0.2392578125 0.49238593750000004 0.2216796875 0.487309375 0.21875 0.47081249999999997 0.2099609375 0.4517765625 0.1982421875 0.4517765625 0.181640625 0.4631984375 0.171875 0.4784265625 0.16796875 0.516496875 0.1640625 0.52665 0.1474609375 0.5456859374999999 0.13671875 0.5494921875000001 0.138671875 0.55710625 0.150390625 0.567259375 0.15625 0.595178125 0.169921875 0.6180203125 0.171875 0.6281718749999999 0.1748046875 0.6319796875 0.181640625 0.6307109375 0.193359375 0.5926390625 0.2001953125 0.58375625 0.2177734375 0.5761421875 0.2265625 0.5520296874999999
19 0.15625 0.595178125 0.15234375 0.569796875 0.140625 0.5545687499999999 0.1416015625 0.5507609375 0.1318359375 0.5482234375 0.109375 0.5824874999999999 0.109375 0.595178125 0.1171875 0.6154828125 0.1318359375 0.6294421875 0.1435546875 0.6294421875 0.171875 0.6408625 0.17578125 0.6357875 0.171875 0.6307109375 0.169921875 0.6180203125 0.15625 0.595178125
19 0.2958984375 0.5786796875 0.3095703125 0.5761421875 0.3125 0.572334375 0.310546875 0.541878125 0.2958984375 0.5329953125 0.2607421875 0.5329953125 0.2470703125 0.5406093750000001 0.23828125 0.5520296874999999 0.23046875 0.5824874999999999 0.2451171875 0.6015234375 0.248046875 0.6002531249999999 0.2548828125 0.596446875 0.2744140625 0.568528125 0.2880859375 0.568528125 0.2958984375 0.5786796875
19 0.2626953125 0.5 0.2529296875 0.48984843749999996 0.248046875 0.50126875 0.248046875 0.5291875 0.2509765625 0.5355328125 0.2578125 0.5342640624999999 0.2822265625 0.5304562500000001 0.28515625 0.52665 0.28515625 0.5063453124999999 0.2626953125 0.5
19 0.255859375 0.48604062499999995 0.255859375 0.4936546875 0.2646484375 0.5025375000000001 0.28125 0.5063453124999999 0.291015625 0.4936546875 0.2861328125 0.487309375 0.2626953125 0.47461875 0.255859375 0.48604062499999995
19 0.3681640625 0.487309375 0.3818359375 0.487309375 0.384765625 0.48350312500000003 0.3828125 0.4758890625 0.369140625 0.45812187499999996 0.3671875 0.4479703125 0.3466796875 0.42132031249999996 0.3310546875 0.441625 0.3037109375 0.43908593749999997 0.2841796875 0.4467 0.263671875 0.47081249999999997 0.2685546875 0.47969531249999997 0.2890625 0.4936546875 0.28515625 0.5063453124999999 0.28515625 0.5291875 0.2998046875 0.5329953125 0.3095703125 0.5406093750000001 0.314453125 0.539340625 0.3525390625 0.5304562500000001 0.361328125 0.513959375 0.36328125 0.4936546875 0.3681640625 0.487309375
19 0.382846875 0.2692609375 0.37890625 0.2449234375 0.38671875 0.2296953125 0.3828125 0.2144671875 0.3720703125 0.205584375 0.3642578125 0.205584375 0.3505859375 0.2131984375 0.31640625 0.26015156250000004 0.31640625 0.28045624999999996 0.322265625 0.28045624999999996 0.3271484375 0.27665 0.3408203125 0.27665 0.3654875 0.277721875 0.382846875 0.2692609375
19 0.76171875 0.28045624999999996 0.765625 0.2728421875 0.763671875 0.25253749999999997 0.767578125 0.237309375 0.775390625 0.2322328125 0.7685546875 0.2284265625 0.7509765625 0.2284265625 0.7392578125 0.233503125 0.7197265625 0.20304531250000002 0.6904296875 0.19543125 0.685546875 0.209390625 0.671875 0.2271578125 0.6640625 0.2449234375 0.654296875 0.29314687500000003 0.6591796875 0.2969546875 0.6806640625 0.2969546875 0.6884765625 0.30202968750000003 0.716796875 0.3007609375 0.7314453125 0.29441562499999996 0.7607421875 0.2969546875 0.763671875 0.29314687500000003 0.76171875 0.28045624999999996
19 0.6845703125 0.13705625 0.6591796875 0.14720781249999998 0.6357421875 0.1446703125 0.6181640625 0.152284375 0.6015625 0.184009375 0.58203125 0.2119296875 0.5927734375 0.2208125 0.6298828125 0.2157359375 0.6474609375 0.2309640625 0.666015625 0.234771875 0.681640625 0.209390625 0.69140625 0.16878125 0.69140625 0.15101562500000001 0.6845703125 0.13705625
19 0.7392578125 0.1345171875 0.7294921875 0.121828125 0.7080078125 0.121828125 0.689453125 0.13324843749999998 0.689453125 0.1434015625 0.6962890625 0.152284375 0.7216796875 0.149746875 0.7470703125 0.16243593750000002 0.75390625 0.1763953125 0.75390625 0.191625 0.7607421875 0.1979703125 0.76953125 0.1967 0.775390625 0.191625 0.7734375 0.1611671875 0.7646484375 0.149746875 0.7392578125 0.1345171875
19 0.6357421875 0.1446703125 0.6689453125 0.14213125 0.673828125 0.1307109375 0.673828125 0.10786875 0.6572265625 0.09390937499999999 0.6513671875 0.08375625 0.6357421875 0.0786796875 0.6123046875 0.08121874999999999 0.5908203125 0.0913703125 0.5791015625 0.111675 0.5732421875 0.111675 0.5517578125 0.1319796875 0.52734375 0.16370625 0.53125 0.206853125 0.5419921875 0.2182734375 0.560546875 0.21700468750000002 0.5771484375 0.2157359375 0.5888671875 0.20304531250000002 0.6201171875 0.152284375 0.6357421875 0.1446703125
19 0.5146484375 0.2258890625 0.52734375 0.209390625 0.529296875 0.184009375 0.525390625 0.16370625 0.541015625 0.138325 0.5341796875 0.126903125 0.5185546875 0.124365625 0.5009765625 0.1294421875 0.4619140625 0.096446875 0.4423828125 0.1167515625 0.4345703125 0.1319796875 0.4169921875 0.1345171875 0.4091796875 0.1446703125 0.4013671875 0.1446703125 0.39453125 0.15609062499999998 0.3984375 0.16878125 0.38671875 0.206853125 0.38671875 0.2296953125 0.37890625 0.2474625 0.376953125 0.26522812500000004 0.3818359375 0.27665 0.3916015625 0.27918750000000003 0.458984375 0.2829953125 0.46875 0.26522812500000004 0.470703125 0.2423859375 0.4775390625 0.233503125 0.5146484375 0.2258890625
19 0.51953125 0.25761406249999996 0.53515625 0.2423859375 0.5390625 0.2296953125 0.5322265625 0.2131984375 0.5244140625 0.2131984375 0.5126953125 0.2284265625 0.474609375 0.2271578125 0.46875 0.2449234375 0.46484375 0.2829953125 0.4716796875 0.289340625 0.490234375 0.28807031250000004 0.494140625 0.2728421875 0.5009765625 0.263959375 0.5166015625 0.26649687499999997 0.51953125 0.25761406249999996
19 0.37109375 0.16878125 0.369140625 0.1992390625 0.3759765625 0.208121875 0.38671875 0.206853125 0.39453125 0.191625 0.3984375 0.1611671875 0.3798828125 0.1573609375 0.37109375 0.16878125
13 0.1474609375 0.8375640625 0.140625 0.848984375 0.142578125 0.8591374999999999 0.1513671875 0.8705578125000001 0.16796875 0.8718281250000001 0.17578125 0.8642125 0.173828125 0.8413703124999999 0.1611328125 0.8350250000000001 0.1474609375 0.8375640625
19 0.6474609375 0.29441562499999996 0.65625 0.28045624999999996 0.6640625 0.23984843749999998 0.6455078125 0.2309640625 0.6279296875 0.2157359375 0.6123046875 0.2208125 0.5478515625 0.2208125 0.5302734375 0.24873125 0.5185546875 0.2538078125 0.5146484375 0.263959375 0.4990234375 0.263959375 0.4921875 0.27538125 0.4921875 0.29314687500000003 0.4970703125 0.2969546875 0.53125 0.2982234375 0.5748765625 0.296053125 0.584640625 0.28195156250000003 0.6128484375000001 0.28195156250000003 0.6474609375 0.29441562499999996