9 0.2750451171875 0.43972670625 0.2607906765625 0.4925172640625 0.269414734375 0.5145299953125 0.2395080171875 0.5466906234375 0.20003293125 0.536595025 0.2090207890625 0.54467436875 0.1945493625 0.549349965625 0.1903722484375 0.5684135234375 0.18735643125 0.6558355390624999 0.2241068265625 0.770443125 0.23196851875000002 0.7652464484375 0.23928611875 0.7809505609375 0.2857877671875 0.7896618671875 0.38720144375 0.7809852312500001 0.43764375937500005 0.7655725140625 0.48316762031250005 0.6989593765625 0.494825575 0.5904987953124999 0.48369613281249996 0.5799232171875001 0.48763921093749996 0.41461096093750005 0.4505251078125 0.313938328125 0.43278593125000003 0.30284166875 0.406401490625 0.3127837203125 0.3867556109375 0.304251365625 0.2899177953125 0.335010365625 0.24808007656250003 0.4154903109375 0.2547990859375 0.4400688375 0.2750451171875 0.43972670625
9 0 0.5492692578125 0.00102045625 0.548818053125 0.0837866234375 0.42269554062500003 0.08415033125 0.4087605890625 0.0626508703125 0.414822115625 0.0563868546875 0.44341894374999996 0.027968448437499998 0.474920715625 0 0.47913852187500006 0 0.5492692578125
18 0 0.5486653390625 0.015202318749999999 0.5270524156249999 0.018126003125 0.5137082515625 0 0.5175038359374999 0 0.5486653390625
18 0 0.51805716875 0.018126003125 0.5137082515625 0.0367760140625 0.4899674625 0.0311831703125 0.4786649578125 0 0.4769060265625 0 0.51805716875
23 0.48042672968750005 0.5641494703125 0.487636709375 0.5557976296875 0.491468103125 0.5076161609375001 0.48288149531249996 0.39949607187499997 0.47002573437499995 0.38451895937499997 0.458732428125 0.337857996875 0.4512329734375 0.32912135937500003 0.43545352656249997 0.327488409375 0.42503195 0.33209586406249997 0.42252509375 0.3435346515625 0.430261084375 0.3573333171875 0.40732625 0.37608015 0.3980839578125 0.40599320156249996 0.41193714843749996 0.4532433875 0.41204642343750003 0.4773008328125 0.4210888703125 0.49740811718750005 0.41905490624999997 0.5189678375 0.43131051249999997 0.5428194375000001 0.45012135468750003 0.5551657390625 0.48042672968750005 0.5641494703125
23 0.3008644453125 0.4937400140625 0.312466778125 0.514436521875 0.3069832078125 0.5271914609375 0.3170426375 0.5365188875 0.3419917953125 0.5392637046875 0.3457505171875 0.52210559375 0.3409928015625 0.5069907031249999 0.3548125171875 0.49915994374999995 0.3669588515625 0.4989540984375 0.37309725781249997 0.489354178125 0.3814693828125 0.4081726359375 0.375458240625 0.39877714218750004 0.3713749125 0.3437643375 0.3510742859375 0.332078528125 0.3259432765625 0.336301184375 0.2999225453125 0.3323082859375 0.288302221875 0.3546646390625 0.287993103125 0.3806275296875 0.2948378125 0.3862107125 0.2887360078125 0.4508914359375 0.2943288515625 0.462193940625 0.2922402953125 0.47172571874999997 0.30420633750000003 0.4784872765625 0.3008644453125 0.4937400140625
31 0.41936402343749996 0.493004946875 0.40901355625 0.466589115625 0.41193714843749996 0.4532433875 0.40461954999999994 0.43753927499999995 0.3989736765625 0.41420875781250005 0.3936173703125 0.40796828281249997 0.388495946875 0.40678834375 0.384029359375 0.4087634234375 0.3797992171875 0.41579896875 0.3819408015625 0.418295203125 0.37442335781249997 0.452611425 0.376619534375 0.4671356015625 0.3804875296875 0.47403493281250003 0.3720802765625 0.5001340359374999 0.3825564453125 0.5075545234375001 0.4077421390625 0.5153613703125 0.40988528593750007 0.5178575328125 0.41881846093749997 0.513907371875 0.41936402343749996 0.493004946875
18 0.399464646875 0.381278390625 0.40393123593749997 0.3793033109375 0.41411792968750005 0.36963531875 0.413646509375 0.35951275312500003 0.4166232234375 0.358196603125 0.419783353125 0.34991290468749997 0.42252509375 0.3435346515625 0.41800391562500006 0.3334817921875 0.3791820125 0.3265397203125 0.3632221828125 0.331872609375 0.372210040625 0.33995195312500004 0.36803301875 0.359017075 0.3710658859375 0.3697287921875 0.3764221921875 0.37596926875 0.399464646875 0.381278390625
31 0.309779628125 0.5328427140625001 0.29995664375 0.5285757546875 0.292693725 0.524901146875 0.2809078859375 0.5111706218750001 0.279601428125 0.5048620046875001 0.29067775 0.50340800625 0.291512878125 0.4995956203125 0.290623159375 0.4913800640625 0.2874099984375 0.48763575000000003 0.28336015 0.48770389375 0.2901517390625 0.4812574984375 0.285030315625 0.480077559375 0.2888437203125 0.4749489515625 0.283070584375 0.47061385 0.2696692609375 0.4765391640625 0.26585585625 0.48166777187500004 0.2629322625 0.49501349843750003 0.2715032890625 0.5049982156249999 0.268579696875 0.5183439437499999 0.254996428125 0.53123516875 0.25207274218750003 0.54457933125 0.2381274171875 0.571406996875 0.25247158125 0.58572681875 0.2699757828125 0.5917613765625 0.28831520624999996 0.5939851140625 0.29278179375 0.5920100328125 0.29398063125 0.574262696875 0.3114318046875 0.56826924375 0.30839893906250004 0.557557525 0.3134657703125 0.5467095234375 0.32347051875 0.54400744375 0.3384148359375 0.549452778125 0.34115666718750004 0.5430760890624999 0.33580035937499997 0.5368356140625 0.309779628125 0.5328427140625001
23 0.3656498921875 0.6338321484375 0.372494603125 0.6394153296875 0.3899988046875 0.6454498890625 0.42150310781250006 0.6366878484375 0.47568615625 0.6471698796875 0.486762478125 0.6457158796875 0.4920111625 0.6279004015625 0.494825575 0.5904987953124999 0.48988756875000006 0.5823513078125 0.4847661453125 0.58117136875 0.4345056828125 0.5896166125 0.4217045125 0.5866674390625 0.40211175312499997 0.590164659375 0.389310490625 0.5872139234375 0.375674284375 0.5880786984374999 0.3538110234375 0.6080736109375 0.3310051046875 0.60782651875 0.325284996875 0.6155194296875 0.3336742625 0.6324731859375 0.34903531718749997 0.6360115828125 0.357968584375 0.6320629859375 0.3656498921875 0.6338321484375
23 0.47131169999999994 0.5750671046875 0.461670659375 0.563834234375 0.4330353609375 0.5472226078125 0.4120268703125 0.5203537671875 0.3949408765625 0.512410634375 0.3693385359375 0.5065122890625 0.362492265625 0.5009291796875 0.3518342421875 0.5004761671875 0.3439710796875 0.50567448125 0.341882521875 0.515206259375 0.3500352515625 0.5270979875 0.348783384375 0.5328173109375001 0.3594959984375 0.5452982625 0.3634170234375 0.564225609375 0.380322725 0.57913614375 0.42938435 0.5884382359375 0.45963669375 0.5853939546875 0.4685699609375 0.5814453578125 0.47131169999999994 0.5750671046875
23 0.32305221875 0.545914453125 0.312630640625 0.5505219078125 0.310123784375 0.561960696875 0.3276826703125 0.5800247578125 0.32731896250000003 0.593959709375 0.331840140625 0.60401256875 0.3472012890625 0.6075525296875 0.351667875 0.60557745 0.352504565625 0.6017649921875 0.364416015625 0.596498609375 0.3682294203125 0.591370003125 0.3786509078125 0.586760984375 0.380557609375 0.58419668125 0.363000284375 0.566132546875 0.36062069218750004 0.5585759203125 0.3559191296875 0.5554888984375 0.32305221875 0.545914453125
23 0.43515645625 0.7339583703125 0.45135420000000004 0.733684309375 0.4647540546875 0.7277606328124999 0.4785191765625 0.70790193125 0.48293117343749997 0.6938989125 0.47817345937500005 0.6787840218750001 0.46638917968750004 0.6650534265625 0.4424570046875 0.6515287484375001 0.43394213125 0.6535718984375001 0.4130412609375 0.6507590109375 0.38237208749999996 0.6557086671875 0.36701103125 0.6521702703125001 0.3533747328125 0.6530334812499999 0.3391381890625 0.6627696171874999 0.31573358749999997 0.6713953734375 0.3148969875 0.6752093921875 0.3442400625 0.7070024874999999 0.36090922812500004 0.7168509937499999 0.3924681203125 0.72011689375 0.40187271406249997 0.7262892984375 0.43515645625 0.7339583703125
10 0.349686090625 0.780353340625 0.3829151484375 0.7759929078125001 0.39059654843749997 0.7777636343750001 0.41572746875 0.7735394125 0.43466548281249995 0.7668887375 0.4493203265625 0.7552455921875 0.4530790484375 0.73808748125 0.399312828125 0.725700075 0.39717124375 0.7232038421875 0.3843685109375 0.720254740625 0.3762703734375 0.7203909546875 0.3647772234375 0.7237503249999999 0.3408996390625 0.7222535890625 0.32749831406249996 0.7281789015625 0.3194547671875 0.7403430546875 0.3215963546875 0.7428392890625 0.317783040625 0.7479694593749999 0.3199261875 0.7504656203125 0.318256021875 0.758091953125 0.3317650578125 0.7762241578125 0.3415879515625 0.780489553125 0.349686090625 0.780353340625
23 0.2709006328125 0.6550593703125001 0.283284975 0.6599139171874999 0.2820862296875 0.677662815625 0.2878608359375 0.68199628125 0.30107883593749996 0.6830400796875 0.31573358749999997 0.6713953734375 0.316985453125 0.66567605 0.32657355625 0.664882471875 0.3399733171875 0.6589572312499999 0.345276596875 0.65316969375 0.3488534625 0.642979059375 0.331112725 0.631882471875 0.32403157031249996 0.621238825 0.32820868124999997 0.602175265625 0.3230342296875 0.5889673140625 0.3268475421875 0.5838371421875 0.32512269531250004 0.5794339703125 0.31720494062500004 0.57260434375 0.2958873328125 0.57169839375 0.292310375 0.581887465625 0.2983215171875 0.5912829609375 0.27496994375 0.6119367296875 0.26906807499999996 0.6265986796874999 0.2709006328125 0.6550593703125001
31 0.29118326875 0.709798040625 0.3018958828125 0.72227899375 0.300751728125 0.7520558312500001 0.29299774843750004 0.781310025 0.30621574687500003 0.7823538250000001 0.32729847031250003 0.7781992375 0.3281335078125 0.7743852890625 0.3217056265625 0.7668967328125 0.3169479125 0.75178184375 0.320706634375 0.7346237328125 0.3279166140625 0.726271890625 0.3523927890625 0.718894215625 0.354717790625 0.7144229015625 0.346383209375 0.7094986484375 0.326027903125 0.685783334375 0.3243031453125 0.6813817265625 0.32829831249999997 0.66928408125 0.30525585781250003 0.6639749578125 0.2788183890625 0.6618889968749999 0.271373525 0.6651803000000001 0.26933965 0.6867415828125 0.27469595625 0.692982059375 0.287913865625 0.6940242953125 0.292853434375 0.7021717078124999 0.29118326875 0.709798040625
31 0.264454671875 0.6906221109375 0.261476396875 0.691938334375 0.2486752265625 0.6889891609375 0.234620628125 0.6917593828124999 0.22973564999999999 0.695639909375 0.2225819140625 0.71602118125 0.2252510734375 0.74066785 0.22911750625 0.7475672546875 0.22274421718749998 0.7521066390625 0.22637567500000003 0.75394394375 0.2293539515625 0.7526277203125 0.2342935203125 0.760775134375 0.23607139843749997 0.77720631875 0.24482427968749998 0.7802235609375 0.26102055625 0.7799511359375 0.2763831734375 0.7834894609374999 0.292579446875 0.7832170359374999 0.3040741609375 0.779857590625 0.3063976015625 0.77538635 0.3008047578125 0.7640838453125001 0.3054001703125 0.7431132765624999 0.30362073125 0.7266821640625001 0.29975273593749996 0.7197828312500001 0.30058786406250004 0.715970446875 0.2920183984375 0.70598565625 0.292853434375 0.7021717078124999 0.28749712656250004 0.69593123125 0.264454671875 0.6906221109375
31 0.2901346890625 0.3831237640625 0.28584995625 0.37813136875 0.286685084375 0.3743189828125 0.28305353437499997 0.372480115625 0.25690563125 0.387484196875 0.2506415234375 0.41607946093750003 0.25278310937500004 0.4185756953125 0.25153124375 0.42429501875 0.25688764062499997 0.4305370578125 0.277368559375 0.43525546562499995 0.284813421875 0.4319641609375 0.28713842500000003 0.427492846875 0.290715290625 0.41730221093750003 0.28857214375 0.41480605 0.29238554843750003 0.40967744218749996 0.28423281875 0.39778571406249996 0.2901346890625 0.3831237640625