19 0.859375 0.4435703125 0.857421875 0.41432343749999995 0.8232421875 0.35420625 0.8046875 0.3395828125 0.80859375 0.323334375 0.8037109375 0.3152109375 0.7705078125 0.3184609375 0.763671875 0.32658437500000004 0.7509765625 0.36395468750000004 0.7216796875 0.376953125 0.708984375 0.398075 0.69921875 0.4208234375 0.701171875 0.45006874999999996 0.7080078125 0.45494375 0.7353515625 0.44844375000000003 0.7646484375 0.45819375000000007 0.78515625 0.49231406250000004 0.78515625 0.54755625 0.7880859375 0.5524312499999999 0.822265625 0.55080625 0.8515625 0.5443078125 0.85546875 0.5183109375 0.84765625 0.4630671875 0.859375 0.4435703125
19 0.7529296875 0.35745625 0.765625 0.3168359375 0.763671875 0.277840625 0.7138671875 0.22097187499999998 0.6708984375 0.22097187499999998 0.64453125 0.25509375 0.634765625 0.2843390625 0.6328125 0.34283281250000003 0.626953125 0.3850765625 0.62890625 0.41107343749999997 0.6474609375 0.4126984375 0.6630859375 0.4062 0.685546875 0.41432343749999995 0.7021484375 0.40944843750000004 0.7197265625 0.376953125 0.7333984375 0.36395468750000004 0.7529296875 0.35745625
19 0.6201171875 0.4126984375 0.623046875 0.407825 0.625 0.329834375 0.630859375 0.3070875 0.630859375 0.2875890625 0.6259765625 0.279465625 0.6201171875 0.27621562499999996 0.6083984375 0.279465625 0.5869140625 0.2989625 0.5732421875 0.321709375 0.5458984375 0.3379578125 0.53515625 0.35258124999999996 0.525390625 0.3948265625 0.525390625 0.43057187499999994 0.5322265625 0.4419453125 0.548828125 0.44032031250000003 0.5595703125 0.432196875 0.5869140625 0.428946875 0.6044921875 0.40944843750000004 0.6201171875 0.4126984375
19 0.787109375 0.5118109375000001 0.7841796875 0.5036875000000001 0.7763671875 0.5004375 0.763671875 0.482565625 0.771484375 0.47281562499999996 0.7685546875 0.4646921875 0.7412109375 0.45169375 0.7177734375 0.45169375 0.6923828125 0.4646921875 0.68359375 0.47606562500000005 0.6796875 0.4988125 0.671875 0.521559375 0.673828125 0.5443078125 0.6806640625 0.5524312499999999 0.7265625 0.55405625 0.7783203125 0.5524312499999999 0.783203125 0.54755625 0.787109375 0.531309375 0.787109375 0.5118109375000001
19 0.5224609375 0.3867015625 0.5107421875 0.3834515625 0.5 0.407825 0.498046875 0.43057187499999994 0.5009765625 0.4386953125 0.5087890625 0.4386953125 0.5107421875 0.4419453125 0.515625 0.44032031250000003 0.5185546875 0.4386953125 0.521484375 0.43057187499999994 0.525390625 0.3915765625 0.5224609375 0.3867015625
19 0.67578125 0.5020625 0.681640625 0.47281562499999996 0.693359375 0.45656875 0.697265625 0.44032031250000003 0.697265625 0.42732187499999996 0.6923828125 0.41919843749999997 0.6787109375 0.41919843749999997 0.6650390625 0.40944843750000004 0.6474609375 0.4159484375 0.6298828125 0.4159484375 0.62109375 0.42732187499999996 0.61328125 0.46631718749999995 0.615234375 0.524809375 0.6240234375 0.54918125 0.646484375 0.54755625 0.6513671875 0.5459328125 0.662109375 0.531309375 0.6640625 0.521559375 0.67578125 0.5020625
19 0.611328125 0.5085625 0.611328125 0.479315625 0.61328125 0.47606562500000005 0.615234375 0.4435703125 0.62109375 0.424071875 0.62109375 0.41757343750000003 0.6162109375 0.4126984375 0.6064453125 0.4126984375 0.5908203125 0.432196875 0.5537109375 0.4386953125 0.537109375 0.4598171875 0.53125 0.482565625 0.529296875 0.531309375 0.5341796875 0.54918125 0.5419921875 0.5524312499999999 0.59375 0.55080625 0.6123046875 0.54918125 0.615234375 0.5443078125 0.615234375 0.528059375 0.611328125 0.5085625
19 0.52734375 0.4988125 0.53125 0.47281562499999996 0.53515625 0.4630671875 0.53515625 0.45006874999999996 0.5224609375 0.4419453125 0.5009765625 0.4386953125 0.4951171875 0.432196875 0.4775390625 0.432196875 0.47265625 0.43707031250000006 0.4609375 0.47281562499999996 0.431640625 0.521559375 0.4296875 0.5443078125 0.4326171875 0.54918125 0.498046875 0.55080625 0.5283203125 0.54918125 0.53125 0.5443078125 0.52734375 0.531309375 0.52734375 0.4988125
19 0.470703125 0.43707031250000006 0.4638671875 0.432196875 0.4541015625 0.4386953125 0.4482421875 0.428946875 0.4384765625 0.428946875 0.3837890625 0.45169375 0.3701171875 0.474440625 0.3466796875 0.49393906249999997 0.337890625 0.5085625 0.3359375 0.55730625 0.3466796875 0.581678125 0.357421875 0.580053125 0.3779296875 0.5524312499999999 0.4248046875 0.529684375 0.458984375 0.47281562499999996 0.470703125 0.43707031250000006
18 0.421875 0.42732187499999996 0.4150390625 0.4126984375 0.4091796875 0.4126984375 0.4052734375 0.4062 0.4013671875 0.4062 0.3896484375 0.3932015625 0.3720703125 0.3867015625 0.3623046875 0.39645 0.359375 0.3915765625 0.359375 0.3850765625 0.3505859375 0.376953125 0.33984375 0.40132500000000004 0.337890625 0.41432343749999995 0.3486328125 0.4354453125 0.3544921875 0.428946875 0.3583984375 0.428946875 0.365234375 0.45331875000000005 0.365234375 0.4630671875 0.3671875 0.4630671875 0.3896484375 0.4451953125 0.4150390625 0.4386953125 0.4189453125 0.4354453125 0.421875 0.42732187499999996
19 0.33203125 0.5410578125 0.33203125 0.5150609375 0.3291015625 0.5036875000000001 0.3173828125 0.4874390625 0.3115234375 0.48418906249999993 0.3056640625 0.47119218749999997 0.2978515625 0.4646921875 0.2919921875 0.4646921875 0.2890625 0.46956718750000004 0.287109375 0.482565625 0.2822265625 0.4906890625 0.2763671875 0.49393906249999997 0.2607421875 0.4906890625 0.244140625 0.521559375 0.24609375 0.5378078125 0.2548828125 0.54918125 0.2880859375 0.54918125 0.2900390625 0.5524312499999999 0.310546875 0.55080625 0.3154296875 0.5426828125000001 0.3251953125 0.5426828125000001 0.3291015625 0.5459328125 0.33203125 0.5410578125
19 0.361328125 0.43057187499999994 0.3564453125 0.428946875 0.3505859375 0.4354453125 0.3447265625 0.432196875 0.3359375 0.41757343750000003 0.330078125 0.38832656249999997 0.3251953125 0.376953125 0.2998046875 0.37370312499999997 0.2744140625 0.3867015625 0.26953125 0.40132500000000004 0.275390625 0.43382031249999997 0.28125 0.45006874999999996 0.2783203125 0.45494375 0.2685546875 0.45819375000000007 0.259765625 0.47281562499999996 0.26171875 0.4858140625 0.2705078125 0.49393906249999997 0.2822265625 0.49393906249999997 0.2919921875 0.47119218749999997 0.3017578125 0.47119218749999997 0.3095703125 0.474440625 0.3251953125 0.5036875000000001 0.330078125 0.5053124999999999 0.3369140625 0.49393906249999997 0.3564453125 0.477690625 0.365234375 0.4630671875 0.361328125 0.43057187499999994
19 0.2294921875 0.7051624999999999 0.236328125 0.6970390625 0.203125 0.59955 0.2255859375 0.5784281250000001 0.2421875 0.5443078125 0.240234375 0.521559375 0.2578125 0.4858140625 0.259765625 0.46956718750000004 0.275390625 0.44681875 0.2646484375 0.422446875 0.2412109375 0.41919843749999997 0.2138671875 0.432196875 0.1923828125 0.45494375 0.1767578125 0.4614421875 0.134765625 0.5183109375 0.142578125 0.5703046875 0.1611328125 0.5849265625 0.166015625 0.5963015625 0.16796875 0.7067875 0.1728515625 0.7181609375 0.177734375 0.7165359375 0.1796875 0.6157984375 0.1865234375 0.601175 0.21875 0.6937890624999999 0.2294921875 0.7051624999999999
9 0.203125 0.6028 0.2470703125 0.5459328125 0.2998046875 0.55568125 0.3068578125 0.5646734375 0.3388671875 0.5686796875 0.3441046875 0.5872124999999999 0.361034375 0.5829875 0.3837890625 0.5524312499999999 0.418596875 0.5562218750000001 0.6429203125 0.5548124999999999 0.8249187499999999 0.5562218750000001 0.8427734375 0.54918125 0.85546875 0.5345578125 0.849609375 0.46956718750000004 0.861328125 0.4435703125 0.859375 0.41757343750000003 0.8037109375 0.3152109375 0.7685546875 0.3152109375 0.763671875 0.277840625 0.7119140625 0.21772343749999998 0.6728515625 0.22097187499999998 0.6337890625 0.279465625 0.6005859375 0.28271562499999997 0.5419921875 0.3347078125 0.52734375 0.378578125 0.501953125 0.40132500000000004 0.4970703125 0.428946875 0.4228515625 0.432196875 0.3876953125 0.38995156249999996 0.3466796875 0.38995156249999996 0.3388671875 0.40295 0.3271484375 0.376953125 0.2978515625 0.37370312499999997 0.2763671875 0.3834515625 0.2705078125 0.41919843749999997 0.2392578125 0.4159484375 0.1982421875 0.4419453125 0.1611328125 0.3834515625 0.1220703125 0.38020312500000003 0.103515625 0.43707031250000006 0.111328125 0.5345578125 0.166015625 0.5930515625 0.16796875 0.7002875000000001 0.177734375 0.7165359375 0.1845703125 0.607675 0.21875 0.6970390625 0.234375 0.7002875000000001 0.203125 0.6028