9 0.43687151875 0.6376949667458433 0.44779991875 0.6336216935866983 0.5004303703125 0.6994140166270784 0.5087658453125 0.7517455748218528 0.52826381875 0.752436591448931 0.5537837109375 0.7919914893111639 0.5759104296875 0.7779110166270784 0.5970829281250001 0.7846088194774347 0.6070571078125 0.8013138194774346 0.5970354343750001 0.8069060878859858 0.597847175 0.8530196175771971 0.635297 0.8454296413301663 0.67963315 0.9005199928741093 0.73100165625 0.8874758598574822 0.794712075 0.818372406175772 0.82413138125 0.8580694489311164 0.8385954359375001 0.8407397434679336 0.8791269796875 0.8510973539192399 0.9256919296874999 0.8363921781472684 0.93526321875 0.7980809287410927 0.92543446875 0.7144763372921615 0.8985964140625 0.6823050760095011 0.8788283421875001 0.6875519263657958 0.8774714124999999 0.6533100071258908 0.8619231125000001 0.6304600166270784 0.844377521875 0.6298381947743468 0.8328562546875 0.6680842850356294 0.8096927859375 0.6196877957244655 0.7979965859375 0.6192732779097387 0.7618148421875001 0.6417767909738716 0.662658028125 0.6323191377672209 0.530267609375 0.6662776342042755 0.5456857046875 0.628173591448931 0.6020445515625 0.591516567695962 0.6545475656249999 0.5963510118764845 0.6634760875 0.6145058171021378 0.724964021875 0.5512710356294537 0.755610234375 0.5642520285035629 0.7520308203125 0.5358787790973871 0.7745667484375 0.5128877102137768 0.7692239609375 0.459179296912114 0.696058784375 0.3302189952494062 0.6391133921875001 0.33712198574821856 0.590157525 0.2551044346793349 0.552752425 0.24040098812351543 0.5008860390625001 0.24302340142517817 0.4801637421875 0.2690485273159145 0.43881432187499997 0.27650029928741093 0.37243380312499996 0.318749593824228 0.24302716562499999 0.41525799287410925 0.21278089687500001 0.45730104275534444 0.22819543750000001 0.48312001187648457 0.2672750625 0.5038302422802851 0.256844359375 0.5183291686460807 0.265093753125 0.5513285011876484 0.30072398749999996 0.6046234513064133 0.3868185859375 0.6433553657957244 0.3978744234375 0.700239971496437 0.4095706234375 0.7006544893111639 0.43687151875 0.6376949667458433
31 0.283381190625 0.3869549073634204 0.2719101859375 0.4028998859857483 0.2747164484375 0.4267890926365796 0.2983366234375 0.4439777149643705 0.35206654375 0.4220961163895487 0.35850621718750003 0.3881305106888361 0.33842686718750004 0.3576856413301663 0.283381190625 0.3869549073634204
31 0.613810640625 0.8030400285035629 0.6994138624999999 0.7674194346793348 0.7096193703125 0.7365610118764846 0.70096095 0.7124683420427553 0.6027548031250001 0.7461554251781473 0.6037027046875 0.7893040047505938 0.613810640625 0.8030400285035629
5 0.4782901578125 0.41616151306413296 0.46219408125 0.40518304513064135 0.43045712343750003 0.41595315201900235 0.41128191718749996 0.38702718527315916 0.39042327656250003 0.4160211947743468 0.390464453125 0.45765077909738716 0.44223585156249995 0.4996229049881235 0.4699392765625 0.491687513064133 0.48181931093749997 0.46683587410926364 0.4782901578125 0.41616151306413296
5 0.3598631484375 0.4223724299287411 0.30482005624999997 0.4516417885985748 0.3107582984375 0.4711774726840855 0.4049633609375 0.5458775178147268 0.4278192890625 0.49465534204275535 0.40651044843750006 0.4909264251781473 0.38806445156249997 0.42485875771971493 0.3598631484375 0.4223724299287411
22 0.46327200625 0.5092895914489312 0.43756569218749997 0.49500075771971497 0.4274104421875 0.5035580665083136 0.4636333625 0.5226841377672209 0.46327200625 0.5092895914489312
23 0.3010916609375 0.5540911401425178 0.29478574687500003 0.5850877672209026 0.30643444999999997 0.6077995510688836 0.389038484375 0.6374866009501188 0.39466268437499996 0.6213344133016627 0.377798809375 0.6058681543942993 0.366333940625 0.5578902114014251 0.3010916609375 0.5540911401425178
19 0.6311939375 0.6371475344418052 0.5615955390625 0.6644141852731591 0.5291679593749999 0.7539554940617577 0.5576833062500001 0.7921296935866984 0.5743696625 0.7689352541567697 0.5952694734375 0.7815708313539192 0.6030274890625 0.740217648456057 0.6923939609375 0.7077041448931116 0.7047242015624999 0.7155754346793348 0.7134712921874999 0.7590004204275534 0.7271172875 0.7594840403800475 0.804559965625 0.7101924940617577 0.7519295140625 0.6444001710213776 0.702555709375 0.6352160475059382 0.6311939375 0.6371475344418052
19 0.5523309375000001 0.37715742280285036 0.541677809375 0.37529301187648456 0.5459361734375 0.3888256650831354 0.5329242171875 0.39579881710213777 0.54008936875 0.3886184536817102 0.530613065625 0.3823351710213777 0.5332443984374999 0.3675637743467933 0.5069453984375001 0.38744381710213777 0.5039050375 0.4111218764845606 0.5182765078125 0.43839073871733963 0.49777922500000005 0.4807792921615202 0.4855413875 0.428313377672209 0.48390545312500005 0.46393609026128263 0.4544735078125 0.552092757719715 0.5380228578125 0.6249282992874109 0.6115208515624999 0.5977998479809976 0.5198970390625 0.5306255819477435 0.52570525625 0.4892033016627078 0.5481523375 0.4468838456057007 0.5618395078125 0.48899705463182896 0.5974309718749999 0.5006664489311163 0.5523309375000001 0.37715742280285036
23 0.52145953125 0.34781693824228027 0.5631229953125 0.3760530380047506 0.6153507359375 0.38682516864608074 0.6345797546874999 0.3295270142517815 0.5919709765625 0.2581424228028504 0.552752425 0.24040098812351543 0.496577596875 0.2517879239904988 0.5066879375 0.2655279762470309 0.49485280937500004 0.2680822517814727 0.4937622453125 0.29182941330166273 0.52145953125 0.34781693824228027
23 0.5910300687500001 0.5762576104513064 0.63546120625 0.5867534251781472 0.653149459375 0.5204795059382423 0.637826353125 0.5139890118764846 0.5607489421875 0.512744216152019 0.5449693140625 0.5374576508313539 0.5910300687500001 0.5762576104513064