18 0.8517203125 0.25677812499999997 0.8053109375 0.23505625000000002 0.72829375 0.260446875 0.7078828125000001 0.280571875 0.73791875 0.290796875 0.757 0.3150609375 0.80085 0.3266046875 0.810609375 0.325696875 0.8556312500000001 0.2733390625 0.8517203125 0.25677812499999997
18 0.7065765625 0.37573124999999996 0.721115625 0.322303125 0.7133 0.30610624999999997 0.6798140625 0.3040125 0.6600078125 0.334496875 0.534375 0.43471093749999995 0.5102203125 0.4747125 0.5030421875 0.5365703125 0.5248390625 0.5905234375 0.576084375 0.6781921875 0.6712906249999999 0.6953750000000001 0.7259453125 0.690290625 0.8040390625 0.7168765625 0.86995 0.702934375 0.915434375 0.6752703125 0.9464890625000001 0.619003125 0.9593640625000001 0.5370890625 0.9549734375 0.46198750000000005 0.939175 0.3931546875 0.9203796875 0.3402234375 0.8787593749999999 0.2829046875 0.8325437499999999 0.3483921875 0.9091546875000001 0.41677656250000006 0.9046625 0.44062812500000004 0.9135296875 0.45803125 0.82714375 0.6756703125 0.805671875 0.6776671875 0.7733734375 0.6455203125 0.736103125 0.578684375 0.7146 0.5129859375 0.7034453125 0.4228921875 0.7065765625 0.37573124999999996
18 0.6763484375 0.2782984375 0.7035234375 0.27316562499999997 0.7719765625 0.23555312499999997 0.8129671875 0.23174062499999998 0.8660921874999999 0.1669125 0.9110968749999999 0.0807078125 0.9191921875 0.051312500000000004 0.9180453125 0.0106828125 0.5975578125000001 0.006953125 0.580878125 0.021590625 0.504465625 0.057340625 0.46365 0.1145140625 0.43485781250000005 0.19270156249999998 0.4383796875 0.336884375 0.4516140625 0.3786171875 0.47369843749999996 0.40390156250000003 0.4977265625 0.4120828125 0.54051875 0.40549843750000003 0.610771875 0.3651140625 0.6675046874999999 0.3116671875 0.666 0.30269375 0.5670234375 0.2546171875 0.5575593750000001 0.2437796875 0.561909375 0.23426249999999998 0.6763484375 0.2782984375
9 0.22902031250000002 0.2469984375 0.2246625 0.2395921875 0.164153125 0.2452203125 0.1596515625 0.2521484375 0.1676109375 0.25401250000000003 0.146146875 0.272934375 0.137884375 0.265890625 0.065815625 0.2751984375 0.0725796875 0.29019218750000003 0.042703124999999995 0.2994796875 0.051115625 0.3091125 0.043762499999999996 0.31760781250000003 0.044575 0.4490234375 0.062453125 0.46949218750000005 0.07019062499999999 0.635415625 0.109109375 0.696890625 0.083009375 0.7539984375000001 0.07987968749999999 0.8011578125 0.1069203125 0.827284375 0.113396875 0.8709453125 0.12902031249999998 0.8864171875 0.1683625 0.887965625 0.1808140625 0.8659765625 0.18968125 0.8833781249999999 0.2134078125 0.8863796875000001 0.22813124999999998 0.9032359375000001 0.22947812500000003 0.8926968750000001 0.3206125 0.8738046875000001 0.4225515625 0.838284375 0.43350625000000004 0.824246875 0.49792031249999996 0.8182562499999999 0.584378125 0.7529312499999999 0.6240234375 0.7596578125 0.668009375 0.73994375 0.7147046875 0.732996875 0.736159375 0.6971515625 0.8040390625 0.7168765625 0.8852625 0.696303125 0.9172343749999999 0.6724984375 0.9512859375 0.60033125 0.958909375 0.5293187500000001 0.9522656250000001 0.44922031249999994 0.92053125 0.3428125 0.873653125 0.2794734375 0.8706421875 0.261528125 0.809215625 0.23469375 0.7826375 0.23326093750000002 0.824225 0.22288281250000003 0.8864953124999999 0.1298640625 0.91769375 0.059262499999999996 0.9174703125000001 0.010675 0.5903546875 0.00686875 0.5892828125 0.014299999999999998 0.5733734375 0.027496874999999997 0.4989125 0.06306406249999999 0.45449687499999997 0.12578125 0.4330578125 0.19547343749999999 0.43220468749999996 0.2984015625 0.41881250000000003 0.2371578125 0.4131234375 0.27413906250000003 0.3967515625 0.26264375 0.3165703125 0.267496875 0.29449375 0.2591359375 0.26206874999999996 0.2751703125 0.26146250000000004 0.2648109375 0.27407499999999996 0.2623359375 0.21265625 0.2524265625 0.22902031250000002 0.2469984375
31 0.241640625 0.2614484375 0.18217343749999998 0.25135625 0.152903125 0.271003125 0.146465625 0.3119609375 0.1595484375 0.35110312499999996 0.1916953125 0.380659375 0.2445328125 0.3445 0.25743125 0.31335625 0.25606874999999996 0.29005000000000003 0.241640625 0.2614484375
31 0.3154484375 0.4329421875 0.30910625 0.358021875 0.31765468750000003 0.33639687500000004 0.3008359375 0.3340546875 0.2776921875 0.2906421875 0.25245937500000004 0.2786671875 0.23953750000000001 0.2590390625 0.18217343749999998 0.25135625 0.164909375 0.25816875 0.147653125 0.28190624999999997 0.146465625 0.3119609375 0.16165156249999998 0.3535109375 0.183584375 0.37620624999999996 0.20325625 0.37698125 0.22895781249999997 0.43057187499999994 0.25524843750000004 0.4606734375 0.27131875 0.46699062500000005 0.3154484375 0.4329421875
31 0.1331140625 0.6542984374999999 0.1538203125 0.6224296875 0.15030625 0.4951703125 0.1366265625 0.46259375 0.1337515625 0.4133890625 0.11557031250000001 0.387740625 0.09004375 0.3875109375 0.0699421875 0.42973906250000005 0.06398437500000001 0.5292375 0.0715453125 0.6418 0.090171875 0.65829375 0.1331140625 0.6542984374999999
23 0.1416078125 0.8331703125000001 0.1803046875 0.739740625 0.21316875 0.6976265625 0.2299625 0.649196875 0.1935921875 0.580975 0.1800796875 0.5848359375000001 0.15531875 0.6144796875 0.1157234375 0.70929375 0.0833125 0.7591765625 0.08093125 0.8023609374999999 0.10782031249999999 0.8258984375 0.1416078125 0.8331703125000001
23 0.0532265625 0.32844531250000003 0.0709296875 0.29555312499999997 0.056365624999999996 0.298209375 0.0532265625 0.32844531250000003
23 0.07951875 0.358546875 0.07606093750000001 0.3497546875 0.0476828125 0.35109218750000004 0.0429265625 0.45438437499999995 0.05524375 0.46365468749999994 0.0695046875 0.45581875 0.0729375 0.41383749999999997 0.0885375 0.3785375 0.0718625 0.36186250000000003 0.07951875 0.358546875
12 0.15805 0.35905312500000003 0.15083125 0.336290625 0.107259375 0.2791546875 0.0880515625 0.30307343750000004 0.0898765625 0.35107343750000003 0.121425 0.3871953125 0.13973437500000002 0.3646625 0.15805 0.35905312500000003
12 0.30646249999999997 0.7996109375 0.34535 0.7933890625 0.3479 0.78664375 0.329121875 0.767559375 0.32580624999999996 0.744434375 0.3465046875 0.695640625 0.2858515625 0.715603125 0.271775 0.7937234375 0.2407109375 0.833065625 0.24087031250000002 0.8525796874999999 0.2533234375 0.8305906249999999 0.30646249999999997 0.7996109375
23 0.0727875 0.4112484375 0.0886890625 0.381128125 0.0870234375 0.352640625 0.07830781249999999 0.33782812500000003 0.0861 0.3032546875 0.0788890625 0.297415625 0.05456562499999999 0.30097968750000004 0.0434921875 0.3801234375 0.0490609375 0.4082484375 0.0450296875 0.45679218749999995 0.0677046875 0.45858906250000003 0.0727875 0.4112484375
21 0.7081140625 0.45240156249999997 0.7339187500000001 0.40703750000000005 0.7104874999999999 0.3922921875 0.7081140625 0.45240156249999997
21 0.7124875 0.4936546875 0.7332421874999999 0.563328125 0.7467625 0.5763921875 0.7629671874999999 0.55145 0.768975 0.5534953125000001 0.7908765625 0.5084953125 0.7743203125 0.4267140625 0.746984375 0.4123328125 0.7124875 0.4936546875
22 0.7514859375 0.4054046875 0.7741359375 0.35642968750000004 0.7703765625 0.3424578125 0.76001875 0.34993124999999997 0.709325 0.47311875 0.7136828125 0.480525 0.719984375 0.47082499999999994 0.7514859375 0.4054046875