9 0.08026779166666667 0.31457005 0.05457779583333333 0.42666285000000004 0.041159945833333336 0.52163603125 0.03107533541666667 0.597157671875 0.07594102291666666 0.6557461234375 0.12978176041666667 0.683460809375 0.19212762708333334 0.7180815468749999 0.23200302916666665 0.7319954828124999 0.2940631604166667 0.7860791265625 0.4128053375 0.8209462203125 0.4890947083333333 0.8041062468750001 0.5611401541666667 0.734577728125 0.62363630625 0.734850728125 0.6702171020833333 0.725894371875 0.7286725791666666 0.7204253125 0.7801126916666666 0.6920260296875 0.83184371875 0.644163859375 0.8291134333333333 0.64071845625 0.8243267604166667 0.6429865312499999 0.7970818770833333 0.5753152187499999 0.8508257333333333 0.5549413375000001 0.8606415208333333 0.4004154609375 0.8588514479166667 0.321406525 0.8085838729166667 0.3372156765625 0.7962610020833334 0.27304496875 0.7589409916666666 0.2316646515625 0.6882185541666667 0.25425335 0.5991797729166667 0.211502615625 0.5632166749999999 0.13921330468749998 0.44796742083333335 0.165042921875 0.2848705458333333 0.1643304734375 0.26170982083333333 0.2329260953125 0.2887825854166667 0.26968368125 0.13022780208333334 0.25296234375000004 0.08026779166666667 0.31457005
20 0.4002550333333333 0.42305378125 0.3606788375 0.470754940625 0.3526200354166667 0.5293399359375 0.36453405625 0.5411171875 0.34952751458333337 0.562545903125 0.36482592291666666 0.59387605625 0.3607689 0.6094919437499999 0.3874468833333333 0.6164462390625001 0.40481229583333334 0.61163659375 0.41147076666666665 0.596034015625 0.4192927645833333 0.5120453140625 0.44635151666666667 0.4310719484375 0.44465932291666665 0.421295496875 0.4002550333333333 0.42305378125
23 0.1054076875 0.6269394265625 0.17522522708333332 0.6037959390625 0.19229022083333333 0.5882388203125 0.18975220416666666 0.573571225 0.16482984583333332 0.5617390953125 0.17307056875000001 0.5012006953125 0.16672106666666667 0.4855393484375 0.13805065416666668 0.458059184375 0.13309274791666667 0.4414287625 0.09854662083333333 0.4490927125 0.09364618541666667 0.4598194125 0.04947610833333334 0.48698139218750003 0.044619591666666666 0.56707464375 0.03481371666666667 0.5885260765625 0.042491562499999996 0.6178706890625 0.06251089583333333 0.6404295062500001 0.07775424375000001 0.64440449375 0.1054076875 0.6269394265625
31 0.5493442583333333 0.59663628125 0.54601493125 0.60443854375 0.5711740916666667 0.6416743765625 0.6494435020833333 0.7094303796875 0.6873714270833333 0.7213193203125 0.7083638062500001 0.71945681875 0.73722710625 0.7029741375 0.7506599479166667 0.6844698484375 0.7367533166666667 0.6521686734375 0.6499515020833333 0.5921902546875 0.6042186854166667 0.580267221875 0.5493442583333333 0.59663628125
23 0.5337712708333334 0.4285225171875 0.5352984625 0.3562315296875 0.5478878916666667 0.3328380546875 0.5409926166666666 0.3230369265625 0.5247185666666667 0.3161280796875 0.46174160416666665 0.3217136375 0.4512714666666667 0.3363244109375 0.46959023541666667 0.391116228125 0.45942051250000004 0.4164744734375 0.4654063520833333 0.43604068749999997 0.5150055291666666 0.47631458281250005 0.5545731770833334 0.470624821875 0.5683698666666667 0.44821371875000005 0.5831334645833334 0.44339465312500004 0.5337712708333334 0.4285225171875
25 0.70455375625 0.43903954531249995 0.6810207666666667 0.42623443906249997 0.6382448770833334 0.45242735468750006 0.6661704895833334 0.5717439390625 0.7115943354166667 0.61493089375 0.75640898125 0.678632359375 0.7800029937499999 0.676781221875 0.8024505833333334 0.6592934140625 0.7877613791666668 0.6074487546875 0.7668960416666667 0.5800007390624999 0.7572891937499999 0.5154759703125 0.70455375625 0.43903954531249995
25 0.33699198750000003 0.3338710078125 0.34418767916666665 0.35441960625 0.39252212708333334 0.36635400625000003 0.42434831041666665 0.3459758625 0.4334984708333333 0.2756723734375 0.44893247708333334 0.2356806140625 0.45141561458333335 0.2229911 0.42044657916666667 0.20624705468750001 0.36478957916666666 0.2030726296875 0.3596962583333333 0.2577621765625 0.33699198750000003 0.3338710078125
25 0.2930955125 0.21839111406249997 0.2849816520833333 0.24962094375000002 0.3074206916666667 0.274144534375 0.32042884583333336 0.27420135625 0.35280080416666665 0.24796299375 0.36218795 0.20306126406249997 0.39775959583333337 0.1983311484375 0.4150065145833333 0.18082062031249999 0.4133143208333333 0.17104417031250002 0.37949570833333335 0.170896440625 0.2859658479166667 0.183188240625 0.2930955125 0.21839111406249997
25 0.5836146479166667 0.172765184375 0.5377635208333333 0.1481393265625 0.5169504729166666 0.1480484109375 0.43285149375000004 0.1848069765625 0.42202028125 0.20332262656250003 0.45661887916666666 0.2230138296875 0.43355353125 0.3030275390625 0.4605951833333333 0.30607696562500003 0.47734879999999996 0.3217818140625 0.5334330791666667 0.306395140625 0.5501978395833333 0.280088603125 0.5536454749999999 0.284989165625 0.5694980270833334 0.26844965 0.5802769520833333 0.222576896875 0.5836146479166667 0.172765184375
20 0.62212611875 0.29017380937500004 0.6030712854166667 0.28520507031250003 0.5556987458333332 0.2908607390625 0.5487975104166666 0.3230710203125 0.5836877895833333 0.3955230375 0.5995232354166667 0.46300631562500005 0.6582727604166667 0.43297477500000003 0.66686878125 0.41054095625000003 0.6682056770833333 0.382212825 0.6404448854166667 0.34496562656249996 0.64002615625 0.3215153296875 0.62212611875 0.29017380937500004
25 0.3585140145833333 0.6895965625 0.35487589999999997 0.7286608015625 0.36334505625 0.735535553125 0.4304339208333333 0.7416912203125 0.4565136625 0.7271505796875 0.4957234208333333 0.6833562234375 0.491677725 0.6569587796875 0.41177100208333334 0.6067834328124999 0.35676712083333334 0.6524610531249999 0.3484739270833333 0.6856443 0.3585140145833333 0.6895965625
31 0.3148457895833333 0.64153176875 0.2613631416666667 0.65692980625 0.18706744583333332 0.672236928125 0.1586338375 0.67016046875 0.15597136458333333 0.6848034000000001 0.17096935833333332 0.7053860828125 0.20424219999999998 0.7113940296875 0.33092659166666666 0.6924073546875 0.34605421875 0.6836795296875 0.3515028375 0.667094565625 0.3528397354166667 0.638766434375 0.33432790208333335 0.6279394093749999 0.3148457895833333 0.64153176875
25 0.13576751874999998 0.6641979796874999 0.17164199166666666 0.670217290625 0.31502771458333334 0.6395783609375 0.35798552708333337 0.611432040625 0.3602867416666667 0.6006959328125 0.3586607520833333 0.5762632609375 0.30048265625 0.4744003890625 0.25039276666666666 0.46734188125 0.21899386041666666 0.469158925 0.19793804791666667 0.48567571093749995 0.19622615833333334 0.5599220421875 0.18612264166666667 0.5706240671875 0.14317078958333335 0.5567589796875 0.08206776458333334 0.5701695296875 0.048194089583333335 0.542666634375 0.03554123125 0.580714396875 0.03801599791666667 0.6100343328125 0.06511252708333333 0.6404408703125 0.08592298541666667 0.6405317765625 0.13576751874999998 0.6641979796874999
25 0.17754372708333335 0.5090350921875 0.17105844791666666 0.56469760625 0.18666823125 0.56476579375 0.19435481458333334 0.5520970609375 0.18874992708333332 0.4446012421875 0.17338808958333332 0.4279253734375 0.15378489375 0.42881684218749994 0.1677024875 0.4191085765625 0.14973919791666665 0.40241939843749996 0.14138853333333332 0.408245525 0.12807996041666667 0.397441228125 0.10903368125 0.3504610921875 0.10074921875000001 0.3416309984375 0.0859854375 0.3464520109375 0.08483901875000001 0.3308153375 0.11109809374999999 0.3143212796875 0.1475183375 0.314480371875 0.16566373125 0.3292141984375 0.16439044583333334 0.34288609999999997 0.19463437708333334 0.36744378125 0.22010232500000002 0.3734176359375 0.22302147708333334 0.3001536796875 0.23330950833333333 0.287498259375 0.2267779 0.273792265625 0.20391158541666668 0.2678297765625 0.16416460416666664 0.27547295781250003 0.12907270625 0.2889971296875 0.10607934375 0.3123451546875 0.08593056041666666 0.31909489999999996 0.07890823958333333 0.338604290625 0.09051606875 0.38164353125 0.06419337916666666 0.41279381875 0.06037334375 0.453811465625 0.07392467916666666 0.4480080578125 0.06151976458333333 0.4694481375 0.13369339791666668 0.462925653125 0.16484695 0.4777163015625 0.17754372708333335 0.5090350921875
25 0.62926790625 0.562790778125 0.6079202270833334 0.526548696875 0.6091936937500001 0.5128748515625 0.6284938812499999 0.5012358984375 0.62535503125 0.46507335625 0.5963760145833333 0.46885322343749997 0.5775665375 0.44727679218749994 0.5543912520833333 0.472578225 0.52002686875 0.47829071875 0.5023638145833333 0.4723509578125 0.48113462916666666 0.4488097546875 0.43830126875000003 0.447645546875 0.42945989375 0.4866870578125 0.4745859145833334 0.519126553125 0.6071841625 0.5763717734375 0.62926790625 0.562790778125
25 0.46820798333333336 0.62950133125 0.4858102 0.650095390625 0.5367462770833333 0.662041153125 0.56403328125 0.6484828874999999 0.5412389479166666 0.5858547140625 0.4509807604166667 0.5629890765625001 0.46820798333333336 0.62950133125
25 0.6263926729166667 0.7054212875 0.6290577333333334 0.6907783656250001 0.5889556395833334 0.6603150140625 0.4966964729166667 0.658934903125 0.4857382145833334 0.7067610734375 0.6263926729166667 0.7054212875
20 0.7361234416666667 0.47728048125000005 0.75469870625 0.47345322031250003 0.8047251666666667 0.495166015625 0.8494384229166666 0.46214380625 0.8477464124999999 0.4523654078125 0.8100004125000001 0.43852306093750004 0.7687407541666667 0.4344344265625 0.7592464395833333 0.424621946875 0.709754425 0.4390622640625 0.7361234416666667 0.47728048125000005
23 0.6823857291666666 0.271874071875 0.5856621354166667 0.220646221875 0.5572724479166666 0.2879363109375 0.6162587729166666 0.28330847656249997 0.6397257395833333 0.31076785625 0.6823857291666666 0.271874071875
25 0.6416632895833333 0.3039366140625 0.6726178125000001 0.40470346562500004 0.6934282708333334 0.4047943703125 0.7254278270833333 0.42447421875 0.7462382854166666 0.42456512343749997 0.81473006875 0.3877383828125 0.7948926604166666 0.363226159375 0.7941820687500001 0.2870169921875 0.7603720083333333 0.244857865625 0.7178414750000001 0.2544430890625 0.6416632895833333 0.3039366140625
18 0.23448256250000002 0.4565262203125 0.26339833125 0.46739869218749996 0.30223828125 0.4695225578125 0.32328554375 0.49501716562500003 0.35492980208333336 0.47659243125 0.3839175541666667 0.4307992203125 0.37895964583333336 0.41416879843750004 0.33250786875 0.3680460484375 0.31338942291666666 0.3777335421875 0.23564868125 0.388140109375 0.23448256250000002 0.4565262203125