9 0.760896875 0.22834062500000002 0.7652640625 0.2039984375 0.7512921875 0.1798140625 0.6287906249999999 0.1872640625 0.6206921875 0.16941875 0.6022375 0.16555 0.5909500000000001 0.16898125 0.587875 0.194284375 0.5634171875 0.20171875 0.53315 0.1161515625 0.43296250000000003 0.15201718749999998 0.40019375 0.1118859375 0.3805625 0.11108437499999999 0.3377171875 0.1836734375 0.3369984375 0.20284531249999999 0.25274687500000004 0.30968125 0.2519140625 0.3248265625 0.2828015625 0.3655296875 0.16110156250000002 0.40116562499999997 0.20008906249999997 0.45971406249999996 0.182421875 0.5056984375 0.253834375 0.5922984375 0.2466515625 0.606665625 0.22760937499999997 0.60433125 0.16439375 0.56126875 0.14428749999999999 0.5660265625 0.236640625 0.6327234374999999 0.265746875 0.699690625 0.2619671875 0.7224999999999999 0.28845624999999997 0.8308765625 0.315353125 0.8646703125 0.3529640625 0.8749 0.370975 0.8409953124999999 0.3685203125 0.8214343749999999 0.386271875 0.8228078125 0.39718437500000003 0.8506281250000001 0.444234375 0.8146671874999999 0.45519375 0.777490625 0.432159375 0.768246875 0.40539375 0.7168140625 0.4306859375 0.694234375 0.455175 0.64346875 0.4878296875 0.6795734375 0.4958296875 0.6717265625 0.49221250000000005 0.633565625 0.5077375 0.62343125 0.4948453125 0.5704906249999999 0.49886875 0.53406875 0.5123984375 0.5204796875000001 0.5261250000000001 0.558275 0.5125703125000001 0.6075125 0.5264546875 0.6294906250000001 0.55856875 0.617871875 0.5646375 0.6223828124999999 0.5486375 0.6380765625 0.5549703125 0.6605203125 0.5747 0.687015625 0.62993125 0.7162578125 0.648009375 0.751378125 0.6337921875 0.74080625 0.6259078125 0.7526796874999999 0.6660874999999999 0.786496875 0.683446875 0.8407890625000001 0.7261140625 0.8508359375 0.7853375 0.8869875 0.8143750000000001 0.88493125 0.8170078125 0.8218562500000001 0.779740625 0.8237062500000001 0.7495390625 0.8071624999999999 0.7486234375 0.77495 0.723034375 0.7204515625 0.735975 0.7083953125 0.7329484374999999 0.6687015625 0.7546234375 0.6079609375 0.7452328125000001 0.5891546875 0.7754484374999999 0.58403125 0.7975828125 0.539396875 0.8213046875 0.5728015625 0.8767968749999999 0.566765625 0.9019421875000001 0.5834921875 0.9013843749999999 0.5416937500000001 0.873065625 0.524578125 0.9531625 0.471803125 0.8702484374999999 0.35891562499999996 0.8641453125 0.344525 0.879915625 0.320778125 0.8552296875 0.3201578125 0.8741578125 0.31846718749999997 0.8825171875000001 0.301034375 0.8533953125 0.2557328125 0.760896875 0.22834062500000002
20 0.701396875 0.2491328125 0.7492484375 0.2413578125 0.766196875 0.2145453125 0.7557578125 0.181165625 0.667465625 0.1904015625 0.701396875 0.2491328125
20 0.4129078125 0.24746406250000003 0.40219375 0.271028125 0.4026203125 0.330465625 0.41048906250000006 0.340259375 0.43365468749999997 0.3318640625 0.435453125 0.28393437499999996 0.5981 0.19794687500000002 0.4129078125 0.24746406250000003
18 0.36605937499999996 0.4904984375 0.385134375 0.44950156249999995 0.3642578125 0.382740625 0.346278125 0.3733140625 0.27313437500000004 0.40366718749999997 0.2012671875 0.4566484375 0.22731249999999997 0.527253125 0.2876828125 0.6036718750000001 0.310128125 0.6144484375 0.3478703125 0.6070390625 0.37046250000000003 0.5785109375 0.36605937499999996 0.4904984375
29 0.631478125 0.370565625 0.6009171875 0.363609375 0.5959921875 0.3461515625 0.565890625 0.3553015625 0.542153125 0.3435625 0.5027421875 0.3812640625 0.507375 0.4773296875 0.5246671875 0.46259843749999996 0.544528125 0.47145312500000003 0.618509375 0.581640625 0.6387296874999999 0.5809109375 0.6465 0.5650109375000001 0.623971875 0.506875 0.6699421875 0.49967187500000004 0.6910125 0.46212968749999994 0.685384375 0.44217968750000003 0.6644921874999999 0.397084375 0.631478125 0.370565625
18 0.366384375 0.36855625000000003 0.38287343749999997 0.32563749999999997 0.3793046875 0.222478125 0.32075312500000003 0.2321515625 0.31286875 0.244025 0.3240609375 0.3705890625 0.366384375 0.36855625000000003
20 0.5216875 0.35790625 0.5677875 0.3330640625 0.655540625 0.2603625 0.6716703125000001 0.22702968750000002 0.6637015625 0.1915453125 0.639375 0.1813390625 0.43427499999999997 0.28700000000000003 0.4336703125 0.3101984375 0.46488593749999996 0.384646875 0.48440312499999993 0.381421875 0.5007625 0.35614375 0.5216875 0.35790625
20 0.350771875 0.17564531249999998 0.38604375 0.1703390625 0.4297890625 0.151628125 0.396315625 0.109003125 0.379384375 0.11415 0.350771875 0.17564531249999998
20 0.32029843750000003 0.3717328125 0.315453125 0.245946875 0.3421515625 0.22835624999999998 0.3388796875 0.20227343750000001 0.249803125 0.3173453125 0.2782203125 0.36015312499999996 0.32029843750000003 0.3717328125
18 0.350771875 0.17564531249999998 0.3691109375 0.17548593750000002 0.4316703125 0.15105625 0.40277812500000004 0.11380781250000001 0.3805625 0.11108437499999999 0.350771875 0.17564531249999998
18 0.3191203125 0.3747984375 0.315453125 0.245946875 0.3440328125 0.227784375 0.3388796875 0.20227343750000001 0.249803125 0.3173453125 0.2782203125 0.36015312499999996 0.3191203125 0.3747984375
18 0.50501875 0.4834609375 0.5012875 0.44127343750000003 0.479071875 0.43855000000000005 0.47211875000000003 0.46097031250000003 0.50501875 0.4834609375