9 0.5093408125 0.1677574328125 0.3937935083333333 0.1489176890625 0.35961083125000004 0.22353526562499998 0.27180383750000003 0.2718010078125 0.2007413875 0.2534892921875 0.1644847083333333 0.29722414218750004 0.15369056666666667 0.36226476875 0.10318706458333333 0.34949603125 0.10324388958333335 0.42875891718750003 0.1166367 0.582968340625 0.17071373958333333 0.6000979 0.14511859375 0.6695566859375 0.14029167083333333 0.6675767359375 0.13764892708333332 0.6711951578125 0.19035937083333332 0.7159862375 0.24232586666666667 0.7412965609375 0.3007545729166667 0.7432063203125 0.34742124583333334 0.74933483125 0.40974607916666667 0.7452452953125001 0.4832224958333333 0.8105019812500001 0.5597031479166666 0.8227145265625 0.6773189520833333 0.780533159375 0.7379542625000001 0.722561084375 0.7774 0.7061868703124999 0.8387740895833333 0.6676958875000001 0.8918265229166666 0.6366429265625 0.9352077395833334 0.575207696875 0.9233888833333334 0.5001635640625001 0.90779205 0.4058358078125 0.8795563041666666 0.29510643281250004 0.8282917125 0.2364365125 0.6705453 0.26286987968750003 0.6966895645833334 0.224391925 0.6719905916666666 0.1570849234375 0.5093408125 0.1677574328125
20 0.5629430541666667 0.4233273140625 0.5186149708333333 0.4242771515625 0.5171551916666667 0.434174828125 0.5460305020833334 0.5136442203125 0.5557901375000001 0.5973090703125 0.562794825 0.61253364375 0.5802265416666667 0.6162917578125 0.6066719645833333 0.6076957640625 0.60226155 0.592299009375 0.6167890854166667 0.559977371875 0.6013225187500001 0.5394257296875 0.61293049375 0.52689944375 0.60352699375 0.46869926562500003 0.5629430541666667 0.4233273140625
23 0.92099781875 0.5458966125 0.9142866625 0.46595326875 0.8695998583333334 0.4414386046875 0.8644622520833334 0.43099148906250007 0.8298286166666667 0.42542290625 0.82527155 0.4423865046875 0.7973175416666667 0.47166760625000004 0.79134995625 0.48774532812500004 0.8009804458333334 0.5478913796875 0.7763997458333333 0.5612669375 0.7742104166666667 0.576116359375 0.7915931 0.5906599640625 0.8617659750000001 0.6095827390624999 0.8897536458333334 0.6253912500000001 0.9048640770833334 0.6204782203125 0.9243045895833333 0.5966557140625001 0.9312779708333333 0.56678856875 0.92099781875 0.5458966125
31 0.2625584541666667 0.7390862328125001 0.28353885416666663 0.7396703421875 0.32108946666666666 0.7254437421875 0.39757248749999996 0.6527845328125 0.4217970520833333 0.6139443015625 0.41829459583333334 0.6063310468750001 0.36318334375 0.5932826718750001 0.31784923541666665 0.608019996875 0.23267498541666667 0.6734083734375 0.21955819375000002 0.706617828125 0.23338702708333334 0.7243357796875001 0.2625584541666667 0.7390862328125001
23 0.42024494166666665 0.33172084062499996 0.41359638958333333 0.34196093906249997 0.42669803333333334 0.3646285265625 0.42990673333333335 0.43695861249999995 0.3810215854166667 0.4548720515625 0.3958585791666666 0.45879846718749995 0.41014139166666663 0.4804081671875 0.44973726458333335 0.48369233125 0.49826650208333334 0.440316159375 0.5037803354166667 0.4203486265625 0.4930462020833334 0.3955649234375 0.5100390916666666 0.33955424375 0.49925592291666665 0.3255560328125 0.43631495 0.3238056453125 0.42024494166666665 0.33172084062499996
25 0.21368822708333332 0.7011206890625 0.2568993229166667 0.634566203125 0.3011963270833334 0.588526584375 0.32626624375 0.4672864109375 0.28299254375 0.44365745468749995 0.25982023125000003 0.45792293749999996 0.20900617916666667 0.5377193453125 0.20092915 0.602948840625 0.18075886458333335 0.631721153125 0.16731724166666667 0.6845576578125 0.19011332708333334 0.7007068234375 0.21368822708333332 0.7011206890625
25 0.6172621479166666 0.35114399218750003 0.6239597354166667 0.3301184015625 0.5995408333333334 0.2552565640625 0.5931858125 0.20077789375 0.53774973125 0.2073565671875 0.5072528416666667 0.2260222484375 0.5100252937499999 0.23858337187499998 0.5263510104166667 0.277705940625 0.53711621875 0.347579428125 0.5693335375 0.366051559375 0.6172621479166666 0.35114399218750003
25 0.5957803125000001 0.2006076515625 0.6061896104166667 0.245018403125 0.6390879 0.2693281578125 0.65206039375 0.2684769484375 0.6738684145833334 0.2425383265625 0.6650478145833334 0.21174675625 0.6713378708333334 0.17604409375000002 0.5777682791666667 0.169440759375 0.5440423729166667 0.1716537359375 0.54258259375 0.1815514109375 0.5601922666666667 0.1980408921875 0.5957803125000001 0.2006076515625
25 0.5248776625 0.186634684375 0.44014359166666667 0.1549439375 0.4193875979166667 0.1563058734375 0.37423166875 0.183776503125 0.37872196666666663 0.23347560781249999 0.39054201041666664 0.2787741765625 0.40673835625 0.2943760109375 0.41006263125 0.2892559625 0.42739650625 0.3145869984375 0.48369151250000003 0.3265773140625 0.5000347354166667 0.3098207328125 0.5269339104166667 0.30511455 0.5020638416666666 0.22636273125 0.5361119958333334 0.2045228765625 0.5248776625 0.186634684375
20 0.36513234166666664 0.47552038124999996 0.37935255 0.4069466390625 0.41246144375 0.332231565625 0.40482740833333336 0.3003837078125 0.35744803750000004 0.29761026875 0.33855935 0.3037516 0.32143731666666664 0.3362434828125 0.3215664625 0.3597622796875 0.2947474 0.3987727515625 0.29674126666666667 0.4270711140625 0.3058376666666666 0.44902112812499995 0.36513234166666664 0.47552038124999996
25 0.6153279541666666 0.7267229625 0.6107886208333333 0.68780935 0.62071005625 0.6832368015625 0.6116650499999999 0.6504991890625 0.5557413291666666 0.6080965015625 0.4772154020833333 0.6632428406249999 0.4737958666666667 0.6899356421875 0.5139232458333333 0.7314160140625 0.54027318125 0.7443908375 0.6070414437499999 0.73412743125 0.6153279541666666 0.7267229625
31 0.6172566354166666 0.664838053125 0.6230775666666666 0.681120684375 0.6383687645833334 0.688940790625 0.765161475 0.7002268296875 0.7982064145833333 0.69217623125 0.8126849145833333 0.6706400828125 0.8096880541666667 0.656132915625 0.7813779104166667 0.6599493421875 0.7069214104166667 0.649150721875 0.6532209062500001 0.6369901640625 0.6334732958333333 0.6245625046875001 0.6152627645833333 0.636539690625 0.6172566354166666 0.664838053125
25 0.88151616875 0.622010228125 0.9022695791666667 0.6206484624999999 0.9285856291666666 0.5885317328124999 0.9303702395833333 0.5590070078125 0.9168636541666667 0.5216621781249999 0.8837206479166666 0.5512837625 0.8224662166666667 0.5415796359375 0.7799510125 0.5580927625000001 0.7696246333333333 0.54798806875 0.7661861333333333 0.47371033906250004 0.7448007916666667 0.4584489890625 0.7134423937500001 0.45854584843749996 0.6636492875 0.46867578749999994 0.6079997875 0.574277521875 0.6069477625 0.5988542078125 0.6094932270833334 0.609469459375 0.6529939166666666 0.6350442890625 0.7967155604166667 0.6569841249999999 0.8323549979166667 0.648763284375 0.88151616875 0.622010228125
25 0.8297307729166667 0.44699582812500005 0.9018659875 0.44912330625 0.8889939166666667 0.428401421875 0.9026447979166666 0.43338800468749994 0.8978784770833333 0.39252851875 0.8708989625 0.3629284734375 0.8814726479166667 0.319101659375 0.87401398125 0.2999853375 0.8537610020833333 0.294453528125 0.8302839458333333 0.272466740625 0.7949693416666667 0.2610605328125 0.7551490624999999 0.25583032499999997 0.7324821208333333 0.26319995625 0.7262873208333332 0.277329865625 0.7368432729166667 0.28938026250000004 0.74146294375 0.3626001046875 0.7667243854166668 0.35506023125 0.7963159020833334 0.3286108828125 0.7947272041666668 0.3149917 0.8124811687500001 0.2991229359375 0.848801575 0.29673971718750003 0.8753759166666666 0.3116605828125 0.8745971083333333 0.3273958828125 0.8597598895833334 0.323467528125 0.851703175 0.3328196390625 0.8338025583333334 0.3810487578125 0.8207810270833333 0.3926854609375 0.8123165583333333 0.3873585640625 0.7947898083333332 0.40517514062500004 0.808897025 0.41405136562499995 0.7893247854166667 0.41435524375000005 0.7743923083333333 0.43199964218750003 0.7713085916666667 0.5400344984375 0.7792702708333333 0.552257078125 0.7948372645833334 0.5512356265625 0.7870712729166667 0.4958672 0.7990043083333334 0.46371580312500005 0.8297307729166667 0.44699582812500005
25 0.38666433541666667 0.458421378125 0.36840758124999995 0.481185825 0.33941692291666664 0.47916850625 0.33712952291666665 0.5155889124999999 0.35665014375 0.526070696875 0.35823906875 0.5396918171875 0.33779275833333333 0.577303746875 0.36013486875 0.5895611640625 0.49104840000000005 0.5241146453125001 0.5352989541666666 0.488860346875 0.5255706229166667 0.45028721718750003 0.4828774625 0.454068978125 0.4622531979166667 0.47894954062500006 0.44477525416666663 0.4859786890625 0.41036838124999997 0.48235404062500004 0.38666433541666667 0.458421378125
25 0.40485319791666663 0.6591694890625 0.43238430625 0.671086421875 0.4829074125 0.6560086140625 0.49998299791666667 0.6343020546875 0.51561395 0.5666161296875 0.4261271291666667 0.595034828125 0.40485319791666663 0.6591694890625
25 0.3409865375 0.7055128171875 0.3439859791666667 0.720019815625 0.4843004270833333 0.7127736421875001 0.47225597708333333 0.6655290296875 0.3802725 0.672545046875 0.3409865375 0.7055128171875
20 0.19569527916666668 0.45722867031250003 0.15463985208333333 0.4638441203125 0.11731622916666667 0.48001659375 0.11585667708333333 0.4899162078125 0.1612218625 0.520268665625 0.21061002499999998 0.495461484375 0.2292255 0.49816154062500007 0.2546338166666667 0.4582632515625 0.20493574583333332 0.4468184984375 0.19569527916666668 0.45722867031250003
23 0.37330598125 0.23187021875 0.2780321125 0.2890978359375 0.3214863520833333 0.325457990625 0.34425113749999997 0.2965154359375 0.403189675 0.297550015625 0.37330598125 0.23187021875
25 0.29087130208333334 0.421573975 0.3193946395833333 0.31873255 0.24226352916666669 0.27379987968749997 0.1996217625 0.2667940390625 0.16688392291666665 0.3110948046875 0.16795210208333333 0.38748688124999997 0.14873858333333334 0.4132552609375 0.21790824166666667 0.4459672890625 0.23866165208333331 0.4446055234375 0.27011789166666667 0.422935740625 0.29087130208333334 0.421573975
18 0.70047248125 0.4593968890625 0.729058425 0.4467389046875 0.7263008916666667 0.37829879843750003 0.6485226999999999 0.37262005625 0.6292288437500001 0.3640822078125 0.5839750708333333 0.413125759375 0.57941800625 0.430089359375 0.6093969604166667 0.4741964046875 0.6413872895833334 0.4907226609375 0.6617845666666666 0.4638962234375 0.70047248125 0.4593968890625