20 0.692153715625 0.5038996890624999 0.7970002578125001 0.508332390625 0.8181586015625 0.4847226921875 0.8614309703125 0.3677063828125 0.8430724906249999 0.34695278749999997 0.779873303125 0.3441614328125 0.7261248546875 0.3720620796875 0.686098028125 0.4923293109375 0.692153715625 0.5038996890624999
9 0 0.66542919375 0.07598929374999999 0.6553440984375001 0.2013689109375 0.65519289375 0.213279290625 0.6396130484375 0.2032992953125 0.620964853125 0.282140440625 0.6292135359375 0.344182715625 0.663079665625 0.3696042796875 0.648458159375 0.4022805890625 0.5845055515625 0.4079971265625 0.59416401875 0.389500728125 0.61022065 0.3922159375 0.625518734375 0.46214957968750003 0.6437073640625 0.489807975 0.6792840765625 0.508356090625 0.6860788765625 0.5627843828125 0.6620017703125 0.611539121875 0.5984346 0.61124295625 0.5666910921875 0.620055759375 0.5637313093749999 0.64921045 0.5701466953125001 0.6197696374999999 0.5846690125 0.625877278125 0.619092359375 0.6421988437499999 0.62837169375 0.7552756703125 0.619037271875 0.8206483765625 0.5964944812499999 0.817116715625 0.6141812625 0.8645336390624999 0.6483306921875001 0.9097137328124999 0.6322819 0.9186225468749999 0.6223401359375 0.97534886875 0.6166181328125 0.980464415625 0.49107362656250003 0.9724484625 0.48209479843749997 0.9787902703125001 0.472727471875 0.9599771453124999 0.35167509531249996 0.9440896625 0.33732904375 0.9548874218750001 0.32299055625 0.9102399921875 0.08643265624999999 0.5542019093749999 0.0873703359375 0.470035328125 0.0942280671875 0.11588441093749999 0.090767765625 0 0.116633240625 0 0.66542919375
19 0 0.29257955468749997 0.02913951875 0.286074890625 0.0677853109375 0.2933543203125 0.1860812796875 0.22321271718750002 0.307535278125 0.2159855109375 0.3670535265625 0.22059448124999997 0.3860283046875 0.16963771562500002 0.42021095468749997 0.129204996875 0.46122252656249996 0.0971878484375 0.432067834375 0.0907724625 0.1133171671875 0.091340665625 0 0.11663319218749998 0 0.29257955468749997
19 0.7838630203125 0.18621055312499998 0.6952332953125 0.14535613593750002 0.6440505453125 0.1726841640625 0.6200720125 0.13529319374999998 0.5625803921875 0.0894757359375 0.476621346875 0.0937512796875 0.4186613921875 0.13551516875 0.3844787421875 0.1759478890625 0.3691851390625 0.225088578125 0.383863753125 0.2476564328125 0.4020727203125 0.25253932031250004 0.44895057656250004 0.24605288125000002 0.472929109375 0.2834438515625 0.5004395390624999 0.30314957656249997 0.5215548984375 0.309371475 0.5439753703125 0.300391125 0.5513878890624999 0.31961068593749997 0.6037895515625 0.3367420671875 0.6275668546875 0.33541089999999996 0.731352496875 0.36393639218749996 0.756679596875 0.3562965890625 0.8117761437500001 0.2833620921875 0.8227633046875 0.255063271875 0.7838630203125 0.18621055312499998
19 0.557990590625 0.6650592046875 0.606745565625 0.6014935718750001 0.61279120625 0.5603827359375 0.45481143749999997 0.512143675 0.3892272203125 0.443281578125 0.3456396703125 0.42318859687500004 0.258525025 0.45853710000000003 0.2608995375 0.4719235515625 0.24719693281250002 0.48492275156250003 0.27945947968749996 0.5314008234375 0.38818688125 0.57273986875 0.4286784 0.6054526328125001 0.4512468390625 0.6123432703125 0.4589040390625 0.64045644375 0.49561944843749994 0.6819639140625 0.5182841328125 0.6818741046875 0.557990590625 0.6650592046875
20 0.378355084375 0.569964196875 0.3455207671875 0.5653646046875 0.323057075 0.6041750171875 0.2242131890625 0.5884630765625001 0.2053259234375 0.579756365625 0.19253601874999998 0.5527902484375 0.1683333640625 0.611871165625 0.181748540625 0.6198114890624999 0.342338534375 0.6376460484375001 0.3910502890625 0.6039104765625 0.3979224296875 0.5824959875 0.378355084375 0.569964196875
18 0.258673225 0.47440962343750004 0.2567325609375 0.4559549140625 0.3015719609375 0.43799449375000005 0.31604934687499997 0.4218402078125 0.2981265 0.396019615625 0.26514398125 0.3755475015625 0.19265337656249998 0.410614521875 0.154166065625 0.47189036875 0.19935489374999998 0.5085246078125001 0.2326248453125 0.5080572015625 0.251714884375 0.555485771875 0.273508775 0.56553303125 0.303384984375 0.5459421796874999 0.2797986296875 0.533312734375 0.24685778281249998 0.483010840625 0.258673225 0.47440962343750004
18 0 0.5203949999999999 0.0561589578125 0.5285575234375 0.040601890625 0.4634403546875 0.07521839062499999 0.4179393796875 0.10043872812500002 0.3645957359375 0.0112356875 0.36562007812499997 0 0.3616735203125 0 0.5203949999999999
19 0.44928972500000003 0.24796479218749998 0.399846171875 0.25502385312500003 0.37873104999999996 0.24880349062499998 0.3542219484375 0.223458146875 0.307874425 0.21789742343750002 0.256640190625 0.22237555625 0.233880334375 0.2294424578125 0.2439120484375 0.2709420859375 0.2204309125 0.3040167640625 0.2266880609375 0.3543108171875 0.3072784515625 0.3949717453125 0.344568725 0.394600175 0.3439318640625 0.3609450328125 0.4467860265625 0.3240715953125 0.4654303890625 0.32388595 0.4876064140625 0.3060135234375 0.44928972500000003 0.24796479218749998
18 0.204986775 0.577844453125 0.2431984828125 0.5901905984375 0.244354084375 0.55911764375 0.22744868437500002 0.5390327859374999 0.186523315625 0.5113882734375 0.1500075875 0.508603221875 0.1033744171875 0.5239832765625 0.094370665625 0.5409036687500001 0.148511290625 0.537764546875 0.1929701046875 0.5477235328125001 0.20314104843749997 0.552411115625 0.204986775 0.577844453125
18 0.44928972500000003 0.24796479218749998 0.399846171875 0.25502385312500003 0.37873104999999996 0.24880349062499998 0.3542219484375 0.223458146875 0.307874425 0.21789742343750002 0.256640190625 0.22237555625 0.2342197203125 0.23135590625 0.2439120484375 0.2709420859375 0.22198047187499997 0.297706590625 0.2227637515625 0.347232996875 0.3072784515625 0.3949717453125 0.344568725 0.394600175 0.3439318640625 0.3609450328125 0.4467860265625 0.3240715953125 0.4654303890625 0.32388595 0.4901736578125 0.3054406203125 0.44928972500000003 0.24796479218749998
19 0.8997870000000001 0.6364848578125 0.9208506421875 0.6198553234374999 0.9753881218749999 0.6156548140625 0.980624559375 0.48714340624999997 0.9546962390625 0.33694963125 0.8627880359375 0.375357103125 0.8076052890625001 0.5079532578125 0.7143832390625 0.5088799500000001 0.718603478125 0.5476997406249999 0.6920677484375 0.5635628859375 0.6260167437499999 0.582281853125 0.620935521875 0.6062788078125 0.6323685953125 0.625595740625 0.7292720546875 0.622854509375 0.8180826812499999 0.5970671015625 0.8167775671875 0.6122693515625001 0.86162855625 0.6469898640625 0.8997870000000001 0.6364848578125
19 0.7007133343749999 0.4393648 0.7016260359375 0.39939948593749997 0.7225399312499999 0.366897709375 0.6282469328125 0.339235978125 0.6015632375 0.3392281359375 0.5371979312499999 0.31482544843750004 0.525043340625 0.3215147546875 0.485495128125 0.4068833890625 0.4847635671875 0.3802084140625 0.444175565625 0.35447455781250004 0.3877121421875 0.367078659375 0.37270418906249997 0.3952785703125 0.3791525234375 0.4316135484375 0.436358021875 0.49836870937500005 0.46173660625 0.5135788015625 0.6525509281249999 0.5664189890625 0.688821971875 0.5603104265625001 0.7135652390625 0.541865096875 0.7166628171875 0.5292450328125 0.7103626828125 0.508782578125 0.685228546875 0.5024645640625 0.684400503125 0.482768496875 0.7007133343749999 0.4393648
20 0 0.34740672031250003 0.0018392890625000002 0.35777587187500004 0.0394674 0.3593180296875 0.051134640625000005 0.33484428906249997 0.103918671875 0.3240575203125 0.118628678125 0.26411284375 0.0658981484375 0.2977523 0.034611843749999996 0.28684281875 0 0.2972845484375 0 0.3362863875 0.00200100625 0.3363582875 0 0.3413871515625 0 0.34740672031250003
18 0.08081966562500001 0.32921251093750004 0.0463410859375 0.337903259375 0.04348795625 0.3594154015625 0.0979679671875 0.3581897265625 0.10270980625 0.332279325 0.08081966562500001 0.32921251093750004
18 0.15072910625 0.48259698437500004 0.0962061109375 0.5136542546875 0.09199437031249999 0.5275159578124999 0.14531027968750002 0.504681746875 0.1556708625 0.4954105375 0.15072910625 0.48259698437500004
18 0.2643692015625 0.37870258749999997 0.24087801718750002 0.359096053125 0.20862729687499998 0.3653004515625 0.1912018453125 0.40994550625 0.2643692015625 0.37870258749999997