9 0.7598988333333333 0.75017120625 0.7980466916666666 0.713550584375 0.8056757458333333 0.67006225625 0.8178832687500001 0.635729571875 0.8178832687500001 0.58880739375 0.91096498125 0.5395972765625 0.9338521395833334 0.4835194546875 0.8880752270833334 0.3919669265625 0.8163579770833334 0.3416108953125 0.7980466916666666 0.3107120625 0.7522697791666667 0.2615019453125 0.7156472104166667 0.21915758749999997 0.6378261999999999 0.18139105 0.5371180291666667 0.183680934375 0.4104669270833333 0.187112840625 0.26092866458333336 0.198558365625 0.17853177708333332 0.23174708125 0.19989364375 0.35191050625 0.15106355416666667 0.329023346875 0.05950972708333333 0.3416108953125 0.05950972708333333 0.46406420156249995 0.024415045833333333 0.54875291875 0.12054734166666667 0.5807957203125 0.17700389166666666 0.650607003125 0.14648767916666666 0.7021050578125 0.20141893541666667 0.7330058359375 0.2868690020833334 0.7467393 0.2655071333333333 0.783359921875 0.370793775 0.79022568125 0.57679118125 0.7936595328125 0.6042568083333334 0.7547490265625 0.69428534375 0.7799260703125 0.6912347604166666 0.783359921875 0.6958106354166667 0.7856498046875 0.7598988333333333 0.75017120625
20 0.6614578479166667 0.45019455312499995 0.65234500625 0.42968677031249997 0.6315097270833333 0.43164007812499994 0.5898443583333334 0.417968871875 0.5611984437499999 0.4277334625 0.5455719854166666 0.417968871875 0.4674474708333333 0.4199221796875 0.4036446166666667 0.4462898828125 0.4010428020833333 0.4794922171875 0.41406225625000004 0.481445525 0.5221348895833333 0.46679766562499997 0.6341141374999999 0.46679766562499997 0.6549468229166667 0.46289104999999997 0.6614578479166667 0.45019455312499995
23 0.6953125812500001 0.2080077828125 0.6653644624999999 0.19140661406249998 0.6263009083333333 0.18359338593750002 0.59765499375 0.1894533078125 0.49088456458333335 0.1875 0.4544280145833334 0.2187509734375 0.4401037604166667 0.2216789890625 0.4296887166666667 0.24707003906249997 0.45182360624999995 0.25195330781249997 0.48828015625 0.27539104999999997 0.5091154354166666 0.2812509734375 0.5898443583333334 0.279297665625 0.6054682229166667 0.29882879375 0.6250012979166667 0.3017587546875 0.64583398125 0.2900389109375 0.67708430625 0.23925875468750002 0.7005214 0.21972568125 0.6953125812500001 0.2080077828125
31 0.7838547333333333 0.6533210109375001 0.6940103770833334 0.5898443578125 0.6445317770833333 0.5683599218750001 0.6341141374999999 0.5703132296875 0.6119792479166667 0.610352140625 0.6276031125 0.6455077828125 0.707032425 0.7148443578125 0.75 0.7275389109375 0.7747393 0.7187509734375 0.7968741895833333 0.6982412453125 0.7994786 0.68261673125 0.7838547333333333 0.6533210109375001
23 0.42057328125000004 0.4960933859375 0.3945317770833333 0.4902334625 0.36067704375 0.4960933859375 0.2877613479166667 0.47851556406249995 0.268228275 0.485352140625 0.26041763958333336 0.53222568125 0.26953047916666667 0.5449221796875 0.2825525291666667 0.5507821015625 0.3138028541666667 0.542968871875 0.4101556416666667 0.5468754859375 0.4296887166666667 0.5849610890625 0.4361971458333333 0.5742178984375 0.46614526666666667 0.5654299609375 0.4739584958333333 0.5361322953125 0.42057328125000004 0.4960933859375
25 0.6002594041666666 0.6562509734375 0.44140596666666665 0.6269533078125 0.4062490270833334 0.65722568125 0.4231776916666667 0.6757821015625 0.5247393 0.7207023343750001 0.61067704375 0.7324221796875 0.6471361874999999 0.75 0.7161452666666667 0.764647859375 0.7395823604166666 0.7490233468749999 0.7421867708333333 0.731445525 0.65755123125 0.6933599218750001 0.6002594041666666 0.6562509734375
25 0.3125006479166667 0.399414396875 0.2851569395833333 0.3925778203125 0.18359273750000002 0.40429766562499997 0.11067704375 0.40429766562499997 0.11458365833333332 0.4462898828125 0.13671854791666668 0.47070233437500003 0.15364461666666665 0.46972568125 0.207032425 0.46093774375 0.3007808041666667 0.45898443593750005 0.3281245145833333 0.43652334687499994 0.3125006479166667 0.399414396875
25 0.20573022083333334 0.375976653125 0.20573022083333334 0.36621011718749996 0.17317769166666666 0.3476556421875 0.13150972708333333 0.35156225625 0.08463553750000001 0.3437509734375 0.06770946875 0.413085603125 0.06770946875 0.43847665312500006 0.08072892291666665 0.44042996093750003 0.10416601874999999 0.4287101171875 0.11067704375 0.4023443578125 0.17057328125 0.39843774375 0.20573022083333334 0.375976653125
25 0.24739558958333333 0.538085603125 0.268228275 0.49707003906249997 0.24739558958333333 0.48339883281249996 0.243488975 0.46289104999999997 0.13671854791666668 0.47460895000000003 0.11067704375 0.4472665375 0.08593774375 0.45410116718750004 0.03645914375 0.514647859375 0.03645914375 0.53027431875 0.06901167291666667 0.5664066140624999 0.13541634166666666 0.56738326875 0.19661478541666666 0.5625 0.218749675 0.5517587546875 0.21223865208333334 0.54882879375 0.24739558958333333 0.538085603125
20 0.26953047916666667 0.5507821015625 0.22656290625 0.5537101171875001 0.218749675 0.5888677046875 0.2252607 0.6035155640625 0.26692607083333336 0.6191400781249999 0.29817639375000005 0.6210933859375001 0.34765499375 0.644531128125 0.38541634166666666 0.6455077828125 0.41536446250000003 0.6406245140625 0.4557302208333333 0.5986322953125 0.3658858625 0.582031128125 0.26953047916666667 0.5507821015625
25 0.8111984437499999 0.4335933859375 0.7591154354166666 0.4335933859375 0.7539066145833334 0.42578210156249996 0.7096342416666667 0.42968677031249997 0.6484383916666666 0.46777431875 0.7148430604166667 0.5312509734375 0.75 0.5361322953125 0.8085940333333334 0.5097665375 0.8281245145833334 0.4912101171875 0.8203112833333334 0.44042996093750003 0.8111984437499999 0.4335933859375
31 0.781250325 0.293945525 0.7539066145833334 0.2812509734375 0.7343761354166667 0.28222568125 0.73697795 0.30371011718749996 0.7161452666666667 0.35839883281249996 0.6953125812500001 0.3974610890625 0.67708430625 0.41113229531249995 0.6914059666666666 0.42578210156249996 0.7291673145833334 0.4267587546875 0.7513022041666667 0.42382879375 0.76302205 0.413085603125 0.7890635541666666 0.3193365765625 0.781250325 0.293945525
25 0.7265629062500001 0.264647859375 0.6953125812500001 0.225585603125 0.6953125812500001 0.20996108906250002 0.6549468229166667 0.1875 0.6158858625000001 0.18359338593750002 0.5651050583333334 0.1904299609375 0.6015616083333334 0.21777431875 0.5833333333333334 0.262694553125 0.6015616083333334 0.29589883281249996 0.5872399479166667 0.3027334625 0.48828015625 0.29882879375 0.46614526666666667 0.313476653125 0.46354085624999997 0.336914396875 0.47265628958333333 0.375 0.6080726333333334 0.42578210156249996 0.6406251624999999 0.4287101171875 0.6549468229166667 0.4277334625 0.6927081708333334 0.3974610890625 0.7343761354166667 0.2919922171875 0.7265629062500001 0.264647859375
25 0.29817639375000005 0.26367120625 0.27994811875000003 0.26367120625 0.26041763958333336 0.249023346875 0.26041763958333336 0.2216789890625 0.2825525291666667 0.20312451406249998 0.3033852145833333 0.20507782031250002 0.2968741895833333 0.2158210109375 0.30859403333333335 0.22265564218749997 0.37109468125 0.2402334625 0.38541634166666666 0.250976653125 0.3776031125 0.2568365765625 0.3997405958333333 0.2714844359375 0.41276005208333333 0.26171789843750004 0.4114578479166667 0.2763677046875 0.4335927375 0.28906225625 0.5768223083333334 0.30078210156249996 0.5937509729166667 0.29589883281249996 0.5937509729166667 0.2841789890625 0.5195304791666666 0.2851556421875 0.4778651104166666 0.27343774375 0.45833463124999996 0.249023346875 0.4674474708333333 0.1953132296875 0.43880155625 0.20312451406249998 0.4466147854166667 0.193359921875 0.39192736666666667 0.193359921875 0.3502594041666667 0.21093774375000002 0.292967575 0.19921789843749999 0.26692607083333336 0.20312451406249998 0.25781322916666666 0.21777431875 0.22656290625 0.23339883281249998 0.20833463125 0.25878988281250004 0.19791699166666668 0.288085603125 0.20573022083333334 0.3056634234375 0.22395849583333333 0.311523346875 0.24088456458333332 0.3046867703125 0.3385421520833333 0.30761673125 0.33072892291666667 0.288085603125 0.29817639375000005 0.26367120625
25 0.4361971458333333 0.47656225625 0.4374993520833333 0.5087898828124999 0.468749675 0.5263677046875 0.47656290625 0.5400389109375 0.468749675 0.5654299609375 0.43489494166666665 0.581054475 0.46354085624999997 0.5966789890624999 0.45833463124999996 0.6181634234375 0.506511025 0.6230466921875 0.5221348895833333 0.6093754859375 0.5403657583333333 0.6093754859375 0.5885421520833333 0.6279299609375 0.6067704270833333 0.612305446875 0.531250325 0.5087898828124999 0.48828015625 0.4726556421875 0.4361971458333333 0.47656225625
25 0.5898443583333334 0.49414007812499994 0.6197924770833333 0.5634766531250001 0.7031258104166667 0.5849610890625 0.7213540854166667 0.5654299609375 0.7057302208333333 0.5263677046875 0.6783865104166666 0.5117178984375 0.5898443583333334 0.49414007812499994
25 0.7591154354166666 0.6367178984375 0.7786459145833333 0.6357412453125 0.781250325 0.53027431875 0.7174474708333333 0.5351556421875 0.718749675 0.6044922171875 0.7591154354166666 0.6367178984375
20 0.4231776916666667 0.6796867703125 0.4036446166666667 0.7158210109375001 0.4166666666666667 0.7236322953125 0.4218754854166667 0.75488326875 0.4401037604166667 0.7841789890624999 0.4531258104166667 0.7861322953125 0.49739558958333335 0.75488326875 0.468749675 0.7158210109375001 0.4739584958333333 0.702147859375 0.4231776916666667 0.6796867703125
23 0.13281193333333333 0.5712898828124999 0.2005214 0.6474610890625 0.25260441041666665 0.6181634234375 0.21614526666666667 0.5986322953125 0.22265628958333333 0.5546867703125 0.13281193333333333 0.5712898828124999
25 0.3776031125 0.649414396875 0.243488975 0.6191400781249999 0.17708430625 0.672852140625 0.16406225624999998 0.7041011671875 0.22005188125 0.7324221796875 0.3216134895833333 0.7382821015625 0.35416601875 0.75488326875 0.4036446166666667 0.706054475 0.4036446166666667 0.6904299609375 0.3776031125 0.6650389109375 0.3776031125 0.649414396875
18 0.46354085624999997 0.3466789890625 0.4492191958333333 0.32421789843750004 0.35807263333333333 0.3203132296875 0.3437509729166666 0.37792996093750003 0.33072892291666667 0.39160116718750004 0.39192736666666667 0.42968677031249997 0.41406225625000004 0.43457003906249997 0.4752607 0.41601556406249995 0.5 0.393554475 0.46614526666666667 0.375976653125 0.46354085624999997 0.3466789890625