9 1 0.2877901546875 0.9439067359375001 0.2235854921875 0.8819559578125 0.19430051875 0.8549222796875 0.1593834203125 0.8323937828125001 0.0996839375 0.71187305625 0.072650259375 0.64766839375 0.1300958546875 0.5890958546875 0.1053160625 0.5586839375 0.1210854921875 0.40887564843749996 0.1436139890625 0.2624455953125 0.166139896875 0.12840673593750002 0.19317357500000001 0.11489119218749999 0.0782823828125 0.041676165625 0.0940518140625 0.047308290625 0.23259844531249999 0 0.23935492187500002 0.0146424875 0.83183160625 0.1779689125 0.8723808296875 0.25681347187500003 0.9185621765624999 0.40099222812499996 0.9241942999999999 0.5113756484375 0.8858989640624999 0.609370465625 0.8307046625 0.610497409375 0.8847720203125 0.708492228125 0.8904041453125 0.801981865625 0.8408419687500001 0.8628057 0.8521062171875 0.92813730625 0.8047979281250001 0.9472849734375 0.7197564765625 0.9461580312500001 0.7203212437500001 0.9450336781249999 0.7191943000000001 0.9731917093750001 0.71468911875 1 0.7236994812499999 1 0.36663730625 1 0.2877901546875
23 0.60351554375 0.36035233125 0.5869145078125 0.341797928125 0.5517590671875 0.347655440625 0.53417875625 0.3300777203125 0.4970699484375 0.3164067359375 0.2744145078125 0.3359378234375 0.2539067359375 0.37206994843749996 0.25586010312499996 0.4345699484375 0.32421761718750003 0.4482409328125 0.499023315625 0.443360103125 0.5576165796875 0.41210880781250003 0.6005854921875 0.402344559375 0.60351554375 0.36035233125
23 0.895507771875 0.25 0.8867176171875 0.2587901546875 0.89648445625 0.2939455953125 0.8925777203124999 0.33496114062500004 0.9199222796875001 0.3662098453125 0.929686528125 0.41113212499999996 0.9648445593750001 0.438476684375 0.970702071875 0.47363212499999996 0.9960932640625 0.4814455953125 1 0.32714766875 0.959961140625 0.2734378234375 0.92285233125 0.25 0.895507771875 0.25
5 0.708007771875 0.0800777203125 0.6875 0.0947253890625 0.6621088078125 0.249023315625 0.6787098453125 0.26562435156249997 0.722655440625 0.2666010359375 0.7597668390625001 0.2431632125 0.818360103125 0.12793005156249998 0.76464766875 0.0859378234375 0.708007771875 0.0800777203125
5 0.1552746109375 0.466797928125 0.1406243515625 0.48535233125 0.1484378234375 0.5166010359375 0.1425777203125 0.6298834203125 0.1640621765625 0.645507771875 0.16601554375 0.6630854921875 0.1503911921875 0.71582124375 0.166992228125 0.7128911921875 0.20800777187500002 0.7304689125 0.22558549218750001 0.7246088078125 0.27539119218749997 0.7470699484375001 0.31836010312499996 0.4931632125 0.2880854921875 0.472655440625 0.2470699484375 0.464844559375 0.1552746109375 0.466797928125
5 0.563476684375 0.1875 0.4189455953125 0.1777331609375 0.3447253890625 0.19336010312500002 0.3105466328125 0.22167875625 0.2890621765625 0.2587901546875 0.29101554375 0.2744145078125 0.311523315625 0.29101554375 0.3798834203125 0.3144533671875 0.5312512953125 0.3173834203125 0.6318367874999999 0.2890621765625 0.660155440625 0.2626943 0.6562512953125 0.23925906718749998 0.563476684375 0.1875
5 0.6484378234375 0.7587901546875 0.679686528125 0.7001942999999999 0.6875 0.6318367874999999 0.6718756484374999 0.598632125 0.647461140625 0.5781243515625001 0.6123057000000001 0.570313471875 0.5566398968749999 0.61035233125 0.5429689125 0.63964766875 0.548829015625 0.67285233125 0.5722668390625001 0.7060544046875 0.5029300515624999 0.7949222796875001 0.46191450781250004 0.806639896875 0.4423834203125 0.8300777203124999 0.3935544046875 0.845702071875 0.338867875 0.882813471875 0.2998057 0.882813471875 0.2626943 0.867186528125 0.23632901562500003 0.8740233156249999 0.2685544046875 0.904297928125 0.33398445625 0.911132125 0.458007771875 0.904297928125 0.520507771875 0.875 0.6005854921875 0.8144533671874999 0.6484378234375 0.7587901546875
31 0.880860103125 0.6142590671875 0.8925777203124999 0.6220699484375001 0.8945310875000001 0.6572253890625 0.908202071875 0.6630854921875 1 0.625976684375 0.9990233156249999 0.49218652812499997 0.8847668390625 0.5458989640625 0.880860103125 0.6142590671875
20 0.098632125 0.6289067359375 0.1406243515625 0.5947253890625 0.14453108750000002 0.522461140625 0.13086010312500002 0.4931632125 0.13086010312500002 0.4208989640625 0.1064455953125 0.40625129531250004 0 0.45214766875 0.0019533671875 0.6416010359375 0.0185544046875 0.6210932640625 0.041992228124999996 0.6210932640625 0.053709845312500004 0.6367176171875 0.098632125 0.6289067359375
5 0 0.8076165796874999 0.17285233125 0.8593756484374999 0.2343756484375 0.8681632125000001 0.2519533671875 0.8564455953125 0.279297928125 0.7568367874999999 0.188476684375 0.7187512953125 0.15332124375 0.6875 0.0712901546875 0.652344559375 0.036132125 0.6230466328125 0.0185544046875 0.6269533671875 0 0.6494145078125 0 0.8076165796874999
25 0.3876943 0.54101554375 0.347655440625 0.584961140625 0.34960880781250003 0.604492228125 0.4267590671875 0.58398445625 0.494139896875 0.4833989640625 0.4345699484375 0.5039067359375 0.3876943 0.54101554375
5 0.7998057000000001 0.6367176171875 0.7656243515625001 0.6689455953125 0.7753911921875 0.7685544046875 0.7890621765625 0.772461140625 0.8222668390625 0.834961140625 0.8437512953124999 0.854492228125 0.904297928125 0.8076165796874999 0.91601554375 0.7666010359375 0.8837901546875001 0.6230466328125 0.7998057000000001 0.6367176171875
5 0.604492228125 0.20703108750000002 0.6562512953125 0.22949222812499998 0.6708989640625 0.158202071875 0.6416010359375 0.154297928125 0.589844559375 0.19043005156249998 0.604492228125 0.20703108750000002
5 0.8310544046875 0.179686528125 0.791992228125 0.1777331609375 0.763670984375 0.2470699484375 0.73535233125 0.263670984375 0.6621088078125 0.2666010359375 0.660155440625 0.2958989640625 0.6689455953125 0.304686528125 0.7597668390625001 0.3056632125 0.7880854921875 0.30078238281249997 0.83398445625 0.26464766875 0.8496088078125 0.20800777187500002 0.8310544046875 0.179686528125