9 0.5625640625 0 0.5508453125 0.0117796875 0.4766265625 0 0.47565 0.019142187499999998 0.4649078125 0.023559375 0.4121734375 0.0206140625 0.422915625 0.010307812500000001 0.4121734375 0 0.07135312499999999 0.0044171875 0.10064999999999999 0.1133796875 0.129946875 0.16933437499999998 0.1319 0.20761875000000002 0.1445953125 0.20909062500000003 0.1553375 0.24295781249999998 0.1553375 0.293021875 0.1944 0.413765625 0.2022125 0.49916875000000005 0.241275 0.6199109375 0.26080625 0.6258015625 0.251040625 0.65230625 0.28815 0.8260578125 0.313540625 0.8996812500000001 0.35455625 0.955634375 0.34674375 0.9644703124999999 0.3516265625 0.977721875 0.3789703125 0.9924468750000001 0.5371734375 0.9924468750000001 0.5389296875 0.99655 0.527265625 1 0.53271875 1 0.5490781250000001 1 0.5545312499999999 1 0.56325625 1 0.5752531249999999 1 0.592703125 1 0.5957671875 0.8805390624999999 0.6079718749999999 1 0.614515625 1 0.61560625 1 0.63305625 1 0.6396 1 0.640690625 1 0.651596875 0.9916484375 0.648325 0.9949406249999999 0.657609375 0.9980171875 0.6641265625 0.9953921875 0.7569 0.9968640625 0.7813140625 0.9806671874999999 0.7949859375 0.9895015624999999 0.8037750000000001 0.9703593749999999 0.78815 0.9674156249999999 0.8067046875000001 0.945328125 0.8477203125000001 0.9423828125 0.8594390625000001 0.9188234375000001 0.8789703125000001 0.9158781250000001 0.8779937500000001 0.8761218749999999 0.9160796875000001 0.8481453125 0.9912750000000001 0.8496171875 0.9902984375000001 0.8128046875000001 0.9600250000000001 0.8113328125000001 0.9912750000000001 0.7789390625 0.9902984375000001 0 0.5625640625 0
20 0.7509765625 0 0.6123046875 0.023559375 0.59375 0.0427015625 0.58984375 0.078040625 0.62890625 0.20172812499999998 0.6611328125 0.24737499999999998 0.7119140625 0.2267609375 0.720703125 0.24884843750000002 0.708984375 0.399040625 0.72265625 0.4019859375 0.73046875 0.3254171875 0.80078125 0.139884375 0.791015625 0.075096875 0.7509765625 0
20 0.7998046875 0.376953125 0.689453125 0.4284890625 0.7783203125 0.5242 0.8388671875 0.562484375 0.8544921875 0.55365 0.8564453125 0.5713203124999999 0.884765625 0.5816265625 1 0.4903328125 0.9990234375 0.38873281249999997 0.8408203125 0.3268890625 0.7998046875 0.376953125
19 0.4921875 0.7494890625 0.47265625 0.693534375 0.4208984375 0.6272734375 0.3837890625 0.6184390625 0.3564453125 0.5889890624999999 0.3134765625 0.5713203124999999 0.2900390625 0.5889890624999999 0.263671875 0.63758125 0.267578125 0.690590625 0.3203125 0.893790625 0.3525390625 0.9482734374999999 0.380859375 0.9497453124999999 0.4443359375 0.930603125 0.46484375 0.9026265625000001 0.484375 0.85550625 0.4921875 0.7494890625
19 0.2080078125 0.4181828125 0.2109375 0.49622343750000003 0.248046875 0.60813125 0.267578125 0.6258015625 0.31640625 0.5580671875000001 0.306640625 0.4638296875 0.2744140625 0.4122921875 0.2080078125 0.4181828125
19 0.421875 0.3872609375 0.3583984375 0.3268890625 0.3154296875 0.344559375 0.283203125 0.4019859375 0.30078125 0.41670937500000005 0.31640625 0.5197828125 0.34765625 0.5492328125 0.3701171875 0.5124203125 0.4111328125 0.5242 0.435546875 0.478553125 0.421875 0.3872609375
19 0.2841796875 0.2621 0.2158203125 0.25032031250000003 0.1845703125 0.2267609375 0.1640625 0.2547375 0.162109375 0.2812421875 0.197265625 0.399040625 0.224609375 0.413765625 0.2744140625 0.39756718750000003 0.333984375 0.3195265625 0.3037109375 0.30038437500000004 0.2841796875 0.2621
19 0.5732421875 0.5801546875 0.5439453125 0.58604375 0.529296875 0.62285625 0.53125 0.7023703125 0.5625 0.7435984375 0.576171875 0.693534375 0.59765625 0.6788093749999999 0.58984375 0.5992968750000001 0.5732421875 0.5801546875
19 0.68359375 0.85550625 0.673828125 0.99391875 0.75 0.9968640625 0.814453125 0.9409109375 0.7861328125 0.7804109375 0.6962890625 0.821640625 0.68359375 0.85550625
2 0.5888671875 0.10601875000000001 0.498046875 0.063315625 0.5 0.14577500000000002 0.5224609375 0.20025624999999997 0.666015625 0.293021875 0.68359375 0.2517921875 0.6533203125 0.24443125000000002 0.626953125 0.20761875000000002 0.5888671875 0.10601875000000001
19 0.3251953125 0.0824578125 0.3046875 0.09865625 0.298828125 0.139884375 0.3056640625 0.1560828125 0.3369140625 0.18258593750000002 0.3779296875 0.17375156249999998 0.3857421875 0.2120359375 0.40625 0.21350937499999997 0.427734375 0.139884375 0.4150390625 0.1030734375 0.3720703125 0.07951406250000001 0.3251953125 0.0824578125