9 0.387749625 0.627370190023753 0.3899868140625 0.6449152470308789 0.4290461703125 0.6555877173396675 0.4688480515625 0.7810011971496438 0.5096907828125 0.8290036579572446 0.5326581 0.8379554798099762 0.540386603125 0.8207527387173397 0.5604997 0.8773523159144893 0.579975715625 0.8978303277909738 0.602386321875 0.8479469477434679 0.64374705 0.643248973871734 0.66021844375 0.5390062755344418 0.6581409359375 0.4760462660332542 0.67167724375 0.44216107600950116 0.66467359375 0.3638913277909739 0.6487702453125 0.30918124465558194 0.5869037484375 0.2441458836104513 0.5818457031250001 0.15779049168646078 0.4852104671875 0.061262394299287405 0.4491886015625 0.05884866983372921 0.43794134375000004 0.09514363895486937 0.4187843671875 0.09273028503562945 0.4324251265625 0.13745679097387173 0.40140739375 0.2365382945368171 0.41478097968750005 0.24806485985748217 0.426768215625 0.3265115866983373 0.4122693828125 0.4150987268408551 0.3899421875 0.44227166270783846 0.389895509375 0.2396326437054632 0.367042421875 0.09151297624703088 0.3756769953125 0.03474880997624703 0.37343980625 0.01720375296912114 0.370978071875 0.015142042755344417 0.2384914390625 0.050753940617577195 0.24602401875000002 0.06052382422802851 0.2115419421875 0.16356159857482183 0.21164639218749998 0.24217329216152017 0.2551267109375 0.3030795890736342 0.2564583234375 0.36018995249406177 0.2867516953125 0.35658481472684084 0.288724253125 0.3409292517814727 0.3013254828125 0.35417997149643704 0.3092647046875 0.3853176912114014 0.3037759375 0.4200648028503563 0.3339335421875 0.45430150118764845 0.337663015625 0.48354972684085507 0.3732875234375 0.490607864608076 0.425160878125 0.5628669501187649 0.42433411562499995 0.5797270641330166 0.387749625 0.627370190023753
31 0.6007151265624999 0.6714536698337291 0.57958509375 0.6846920047505939 0.574307046875 0.7677795748218528 0.5895184125 0.8015001710213777 0.6056129953125 0.803220137767221 0.614112296875 0.7843016888361045 0.6240004921875 0.6984623942992874 0.6007151265624999 0.6714536698337291
31 0.297142196875 0.34471668171021375 0.325519465625 0.3416265843230404 0.331041596875 0.19042138004750594 0.3138302234375 0.17992238717339668 0.295365228125 0.19849851543942992 0.286460109375 0.3309541140142518 0.297142196875 0.34471668171021375
5 0.5285154109375 0.49425523990498815 0.5142601640625 0.5147208622327791 0.513727534375 0.5572109928741092 0.5498787593750001 0.630671054631829 0.57711023125 0.6263764085510689 0.5925651843749999 0.5919754940617578 0.5704251218749999 0.5661674394299288 0.5721335453124999 0.5173151377672209 0.562248225 0.4942591828978622 0.5285154109375 0.49425523990498815
5 0.5254201468749999 0.6100238218527315 0.5193995703125001 0.578370377672209 0.4897437765625 0.6181009596199525 0.5544311296875 0.7519466603325415 0.5682051125 0.7588320095011877 0.5780938 0.672996593824228 0.5717272343750001 0.630848406175772 0.5254201468749999 0.6100238218527315
22 0.49504927656250003 0.5274473491686461 0.513646171875 0.5799168717339668 0.5175353296874999 0.5637501425178147 0.503869665625 0.5265889976247031 0.49504927656250003 0.5274473491686461
23 0.45507793437500005 0.6652283586698338 0.44212866406250007 0.6414874608076009 0.43251101406250003 0.6516353206650831 0.4658110578125 0.7727463325415678 0.48262203281250005 0.7878865463182898 0.501832921875 0.7751600617577197 0.48838134687499996 0.6774480047505937 0.45507793437500005 0.6652283586698338
19 0.30361707656250003 0.3565890712589074 0.3153935953125 0.3866953372921615 0.30303004375000003 0.4142151591448931 0.332788240625 0.4531008313539192 0.3858946671875 0.39496653444180524 0.392026925 0.28745281472684087 0.38129429843749996 0.17993871733966746 0.3669885125 0.10665281235154395 0.31511515625 0.03439372921615202 0.2958978578125 0.15600838717339666 0.2985079953125 0.17647826603325414 0.3283770546875 0.18508746080760094 0.3355973375 0.20280561757719714 0.3293567625 0.340595133016627 0.30361707656250003 0.3565890712589074
19 0.5755743078125 0.4120374156769596 0.569872275 0.3984447505938242 0.5663809718749999 0.40997094774346793 0.568753928125 0.3896741638954869 0.578319715625 0.3946615795724466 0.5753096765625 0.3788367957244656 0.48695710937500003 0.3239418432304038 0.5005714078125 0.37624214489311164 0.5304130171875 0.39241738242280283 0.506510621875 0.4306014679334917 0.4803979921875 0.44367058432304035 0.42106618593749995 0.3129189239904988 0.41567981875 0.4262822897862233 0.47735663749999996 0.5442993277909739 0.530061109375 0.4908146912114014 0.5530823390624999 0.4846266722090261 0.5167139875 0.471714325415677 0.54098933125 0.4364550593824228 0.5612381953125001 0.45521279809976245 0.5762118859375 0.4481628598574822 0.5847920546875 0.40653465083135387 0.5755743078125 0.4120374156769596
23 0.5926327375 0.25016862707838483 0.5583937531250001 0.28508101187648455 0.574217790625 0.3624924109263658 0.599686928125 0.42218990736342044 0.6409570140625 0.4579812304038005 0.65630365 0.45385611163895484 0.6559846125 0.4357914513064133 0.6666697390625 0.4495572114014252 0.66467359375 0.3638913277909739 0.6464786515625 0.3067721496437054 0.5926327375 0.25016862707838483
23 0.4717154203125 0.40668253444180524 0.4852247703125 0.3803672636579572 0.471454159375 0.26459054394299286 0.46463377812499995 0.24222729453681707 0.4242659015625 0.27576203325415677 0.43859864687499994 0.3414780190023753 0.4717154203125 0.40668253444180524