9 0.8154296875 0.8697921875000001 0.8583984375 0.8854171875000001 0.8821859375000001 0.8582515624999999 0.8904703125 0.8508890625 0.901515625 0.8423 0.953125 0.77734375 0.9765625 0.7252609375 0.966796875 0.60546875 0.9521484375 0.5833328125 0.919921875 0.5794265625 0.935546875 0.5455734375 0.93359375 0.51953125 0.875 0.4752609375 0.904296875 0.3971359375 0.919921875 0.3919265625 0.896484375 0.30078125 0.8857421875 0.2760421875 0.7685546875 0.1510421875 0.7626953125 0.12239531249999999 0.7138671875 0.12239531249999999 0.6845703125 0.1510421875 0.6669921875 0.12239531249999999 0.5947265625 0.08854218750000001 0.580078125 0.10026093750000001 0.6103515625 0.125 0.6123046875 0.1432296875 0.640625 0.1575515625 0.6181640625 0.2005203125 0.5224609375 0.1692703125 0.5126953125 0.1276046875 0.3896484375 0.1380203125 0.376953125 0.1341140625 0.384765625 0.12109375 0.3740234375 0.11458281249999999 0.3076171875 0.1458328125 0.3037109375 0.1692703125 0.2802734375 0.1536453125 0.2470703125 0.15625 0.2138671875 0.2057296875 0.1513671875 0.2604171875 0.15234375 0.30859375 0.173828125 0.3190109375 0.1767578125 0.3489578125 0.0751953125 0.3229171875 0.05859375 0.3294265625 0.07421875 0.4934890625 0.177734375 0.49609375 0.169921875 0.5013015625 0.177734375 0.51953125 0.1416015625 0.5260421875 0.11328125 0.5846359375 0.138671875 0.6731765625 0.142578125 0.7252609375 0.1572265625 0.7473953125 0.201171875 0.7122390625 0.1884765625 0.6901046875 0.166015625 0.6809890625 0.171875 0.6549484375 0.1865234375 0.6458328125 0.236328125 0.6783859375 0.220703125 0.7486984375 0.2451171875 0.7916671875 0.3583984375 0.8072921875000001 0.3740234375 0.8307296875000001 0.4072265625 0.8255203124999999 0.4423828125 0.8697921875000001 0.5947265625 0.8723953124999999 0.6044921875 0.8619796875000001 0.6142578125 0.875 0.67578125 0.8919265624999999 0.7109375 0.87109375 0.7197265625 0.8098953124999999 0.7607421875 0.8177078124999999 0.8154296875 0.8697921875000001
20 0.7373046875 0.5520828125 0.7060546875 0.5390625 0.6181640625 0.5364578125 0.5927734375 0.5494796875 0.5859375 0.5638015625 0.595703125 0.5950515625 0.603515625 0.8606765624999999 0.6162109375 0.8802078124999999 0.6416015625 0.8932296875000001 0.68359375 0.89453125 0.712890625 0.8736984375000001 0.734375 0.66796875 0.751953125 0.5716140625 0.7373046875 0.5520828125
20 0.9189453125 0.5729171875 0.93359375 0.5403640625 0.9248046875 0.5130203125 0.8916015625 0.4947921875 0.8583984375 0.4609375 0.75390625 0.55859375 0.755859375 0.5846359375 0.736328125 0.6627609375 0.724609375 0.80859375 0.755859375 0.8138015624999999 0.814453125 0.74609375 0.892578125 0.5872390625 0.9091796875 0.5651046875 0.9189453125 0.5729171875
20 0.076171875 0.45703125 0.078125 0.4518234375 0.07421875 0.4440109375 0.0771484375 0.4427078125 0.080078125 0.4466140625 0.080078125 0.4283859375 0.083984375 0.4127609375 0.08203125 0.41015625 0.083984375 0.4049484375 0.08203125 0.3971359375 0.0859375 0.3919265625 0.0810546875 0.3802078125 0.078125 0.3815109375 0.0771484375 0.3880203125 0.07421875 0.38671875 0.07421875 0.3684890625 0.072265625 0.3658859375 0.07421875 0.35546875 0.0712890625 0.3489578125 0.0693359375 0.3541671875 0.064453125 0.3502609375 0.0712890625 0.3463546875 0.07421875 0.33984375 0.068359375 0.33203125 0.0703125 0.3268234375 0.0634765625 0.3255203125 0.060546875 0.3294265625 0.060546875 0.33984375 0.056640625 0.3450515625 0.056640625 0.35546875 0.0595703125 0.3541671875 0.0625 0.3606765625 0.064453125 0.3919265625 0.072265625 0.4075515625 0.072265625 0.48828125 0.07421875 0.48828125 0.08203125 0.4856765625 0.076171875 0.4778640625 0.080078125 0.46484375 0.076171875 0.45703125
20 0.2734375 0.4309890625 0.2734375 0.4075515625 0.267578125 0.38671875 0.2607421875 0.375 0.2353515625 0.3645828125 0.2060546875 0.3645828125 0.1435546875 0.3411453125 0.0869140625 0.3359375 0.09375 0.39453125 0.087890625 0.48828125 0.1318359375 0.5 0.15625 0.4986984375 0.1982421875 0.4869796875 0.2080078125 0.4765625 0.2626953125 0.4635421875 0.2734375 0.4309890625
20 0.4794921875 0.4739578125 0.4345703125 0.4296875 0.3935546875 0.4296875 0.28515625 0.5716140625 0.287109375 0.6106765625 0.30078125 0.6315109375 0.3525390625 0.6927078125 0.373046875 0.7018234375 0.40234375 0.6861984375 0.427734375 0.6002609375 0.48828125 0.4908859375 0.4794921875 0.4739578125
33 0.9482421875 0.5833328125 0.9091796875 0.5703125 0.9013671875 0.5755203125 0.81640625 0.74609375 0.7861328125 0.78125 0.7783203125 0.78125 0.7734375 0.7981765625 0.755859375 0.81640625 0.8408203125 0.8854171875000001 0.861328125 0.8841140624999999 0.9267578125 0.8125 0.9765625 0.73828125 0.97265625 0.6263015625 0.9482421875 0.5833328125
28 0.6240234375 0.203125 0.5966796875 0.203125 0.4345703125 0.3098953125 0.4296875 0.3190109375 0.431640625 0.35546875 0.44921875 0.3971359375 0.4599609375 0.4114578125 0.466796875 0.41015625 0.6513671875 0.296875 0.65625 0.26953125 0.650390625 0.2408859375 0.6240234375 0.203125
18 0.5400390625 0.640625 0.53515625 0.5846359375 0.4716796875 0.5338546875 0.4296875 0.59765625 0.412109375 0.6705734375 0.39453125 0.69921875 0.3984375 0.7174484375 0.4228515625 0.765625 0.451171875 0.7825515625 0.4697265625 0.8307296875000001 0.5009765625 0.84375 0.5166015625 0.8697921875000001 0.595703125 0.87109375 0.6015625 0.8684890624999999 0.595703125 0.6549484375 0.5791015625 0.6432296875 0.5400390625 0.640625
23 0.833984375 0.2981765625 0.833984375 0.2591140625 0.828125 0.2408859375 0.8232421875 0.2369796875 0.818359375 0.2408859375 0.814453125 0.25390625 0.80078125 0.26953125 0.79296875 0.2877609375 0.791015625 0.30078125 0.78515625 0.31640625 0.787109375 0.3190109375 0.787109375 0.3346359375 0.779296875 0.3580734375 0.779296875 0.36328125 0.7822265625 0.3671875 0.810546875 0.37109375 0.8251953125 0.3619796875 0.830078125 0.34765625 0.83203125 0.30078125 0.833984375 0.2981765625
23 0.48046875 0.27734375 0.521484375 0.24609375 0.5126953125 0.203125 0.4609375 0.19921875 0.48046875 0.27734375
18 0.6943359375 0.1770828125 0.669921875 0.1940109375 0.6865234375 0.2317703125 0.7001953125 0.2161453125 0.7373046875 0.2317703125 0.77734375 0.2721359375 0.78515625 0.2981765625 0.81640625 0.24609375 0.8115234375 0.2005203125 0.7587890625 0.2005203125 0.6943359375 0.1770828125
29 0.21484375 0.55859375 0.232421875 0.5690109375 0.236328125 0.6158859375 0.30078125 0.64453125 0.28125 0.5768234375 0.30859375 0.53515625 0.2119140625 0.5078125 0.21484375 0.55859375
18 0.396484375 0.70703125 0.3818359375 0.6979171875 0.408203125 0.7799484375 0.4140625 0.8372390624999999 0.4326171875 0.8645828124999999 0.458984375 0.8684890624999999 0.466796875 0.8268234375000001 0.455078125 0.7903640625 0.4228515625 0.765625 0.396484375 0.70703125
18 0.744140625 0.5481765625 0.75390625 0.5533859375 0.7890625 0.5169265625 0.7607421875 0.4557296875 0.744140625 0.49609375 0.744140625 0.5481765625
18 0.90234375 0.40234375 0.8896484375 0.3776046875 0.8369140625 0.3645828125 0.77734375 0.3736984375 0.767578125 0.4231765625 0.80859375 0.50390625 0.8564453125 0.4557296875 0.8740234375 0.4713546875 0.8828125 0.4622390625 0.90234375 0.40234375
22 0.79296875 0.5143234375 0.80078125 0.5143234375 0.765625 0.41796875 0.6552734375 0.1927078125 0.65234375 0.2096359375 0.79296875 0.5143234375
29 0.658203125 0.3190109375 0.689453125 0.3450515625 0.7294921875 0.4270828125 0.744140625 0.42578125 0.75 0.4205734375 0.693359375 0.30078125 0.6650390625 0.296875 0.658203125 0.3190109375
29 0.7021484375 0.2161453125 0.69140625 0.2278640625 0.69140625 0.2591140625 0.765625 0.4127609375 0.78515625 0.3346359375 0.779296875 0.27734375 0.7333984375 0.2265625 0.7021484375 0.2161453125
22 0.369140625 0.3502609375 0.380859375 0.33203125 0.3369140625 0.2682296875 0.337890625 0.2981765625 0.369140625 0.3502609375
18 0.21875 0.20703125 0.2236328125 0.2213546875 0.3125 0.2200515625 0.3046875 0.1783859375 0.2822265625 0.1536453125 0.2392578125 0.1614578125 0.21875 0.20703125
4 0.2138671875 0.2213546875 0.1708984375 0.2395828125 0.1484375 0.2643234375 0.1611328125 0.3125 0.255859375 0.3190109375 0.3232421875 0.2786453125 0.326171875 0.23046875 0.2705078125 0.2161453125 0.2138671875 0.2213546875
4 0.3115234375 0.2890625 0.279296875 0.3216140625 0.27734375 0.42578125 0.3076171875 0.4661453125 0.328125 0.4674484375 0.337890625 0.4440109375 0.333984375 0.3763015625 0.353515625 0.3346359375 0.3115234375 0.2890625
8 0.4365234375 0.4322921875 0.3935546875 0.4322921875 0.283203125 0.5768234375 0.298828125 0.62890625 0.3525390625 0.6927078125 0.375 0.69921875 0.40234375 0.6861984375 0.427734375 0.6002609375 0.48828125 0.48828125 0.4365234375 0.4322921875