31 0.389159646875 0.5561153625 0.3706538765625 0.5454921234375 0.36285883281250003 0.546037428125 0.354580328125 0.5406576453125 0.33874845 0.5387849328125001 0.33655789375 0.5359579343750001 0.32486533125 0.5367758921875 0.31755387968750004 0.5432478421875 0.311579246875 0.5540934984375 0.30864878125 0.5662178828125 0.309615709375 0.5780680578124999 0.3301838125 0.6019565296875 0.340411078125 0.6071999875 0.344066803125 0.6039640109375 0.354777659375 0.615134115625 0.3691442421875 0.623068240625 0.377792765625 0.6209731125 0.3879065875 0.61281656875 0.3968116859375 0.589846528125 0.3951193734375 0.569106384375 0.389159646875 0.5561153625
31 0.4289292234375 0.6471919546875 0.42796216718749996 0.6353402203125 0.4246764625 0.6311012828125 0.4168814203125 0.6316465890625 0.4150608828125 0.6213446796875 0.41762145781250004 0.616696765625 0.4222442375 0.6253125234375 0.4322297078125 0.6275926546874999 0.43649724843750004 0.6198450906249999 0.4387025828125 0.5988338546875001 0.4418748453125 0.589672790625 0.4394426203125 0.5838840296875001 0.4353033046875 0.581193359375 0.434819840625 0.575268271875 0.4249625953125 0.5625499031250001 0.4188745171875 0.5599955578125 0.411321271875 0.5635041859375 0.405104971875 0.5713880765625 0.4043649328125 0.5863379 0.39655511250000003 0.6107214390625 0.39897255625 0.6403484374999999 0.41929886562499996 0.6612735843750001 0.42599862968749996 0.65931478125 0.4289292234375 0.6471919546875
23 0.6756965421875 0.620990121875 0.6539197171875 0.5822881515625 0.643934246875 0.58000801875 0.6315016453125 0.5957758 0.6020284421875 0.59485736875 0.5749728125 0.62356749375 0.5593827296875 0.6246581015625 0.54852886875 0.6477644687499999 0.5475470359375 0.6597509703125 0.5351144359375 0.6755187515625 0.52583931875 0.7059637046875 0.5265645765625 0.7148521140625 0.5320408390625 0.7219180484375001 0.552495371875 0.7324049609375 0.6003609 0.73054663125 0.618511559375 0.7248081078124999 0.6350833484375 0.7117294390625 0.6542306203125 0.670166178125 0.6751983 0.63890326875 0.6756965421875 0.620990121875
23 0.4247257140625 0.3554822609375 0.42424225 0.349557175 0.41852431875 0.3395294765625 0.40122714375 0.34371817656250003 0.3749115515625 0.3574784765625 0.3632189875 0.3582964328125 0.34469831093750003 0.37150986874999997 0.33690326875 0.3720551734375 0.328738209375 0.380075390625 0.32604940937500004 0.39516154062500003 0.3282251875 0.421826771875 0.3334596546875 0.42592938281250003 0.337357175 0.42565672968749996 0.3407712328125 0.4194589921875 0.3760905875 0.41996688437499996 0.37828114375 0.42279388124999995 0.39862223124999996 0.4198807953125 0.40839559062499997 0.37152269531250004 0.41266313125 0.3637751296875 0.4185094140625 0.3633661515625 0.4247257140625 0.3554822609375
13 0.41290492656250005 0.36673845312500003 0.40863738749999995 0.3744860171875 0.3988640265625 0.42284411874999994 0.4046955296875 0.4462733734375 0.410541809375 0.4458643953125 0.427725415625 0.4282741375 0.4455059265625 0.430008965625 0.448066503125 0.4253610515625 0.44734124218750004 0.416472640625 0.44904833593750004 0.41337455 0.44637431562499996 0.404622465625 0.44419853906249995 0.37795723593749997 0.436290053125 0.3651025390625 0.42411402656249997 0.359995409375 0.41290492656250005 0.36673845312500003
31 0.3988640265625 0.42284411874999994 0.410541809375 0.4458643953125 0.4483082984375 0.428324375 0.436290053125 0.3651025390625 0.40863738749999995 0.3744860171875 0.3988640265625 0.42284411874999994
31 0.6681283890625 0.648335425 0.6884843828125 0.6215856640624999 0.7347562640625 0.6362254218750001 0.753163496875 0.6096119875 0.770006640625 0.551820171875 0.743863609375 0.4836275328125 0.686639203125 0.4548559046875 0.645715234375 0.4577187546875 0.63242915 0.4750363609375 0.611190115625 0.5510124171874999 0.642853746875 0.554756284375 0.6355126109375 0.608903146875 0.6681283890625 0.648335425
33 0.7347562640625 0.6362254218750001 0.753163496875 0.6096119875 0.7697649734375 0.5488584078125001 0.743863609375 0.4836275328125 0.686639203125 0.4548559046875 0.6356014109375 0.465875296875 0.611190115625 0.5510124171874999 0.6426119515625001 0.5517929625 0.6381866296875 0.61765523125 0.6681283890625 0.648335425 0.6884843828125 0.6215856640624999 0.7347562640625 0.6362254218750001
33 0.7982858984375001 0.5140868703125 0.810249815625 0.4685557671875 0.79894205 0.43806057656249997 0.7775056859375 0.43956016406250004 0.7003396421875 0.3585486828125 0.6734122359375 0.376820571875 0.68360994375 0.42974049843750006 0.7005221953125 0.4568633859375 0.7982858984375001 0.5140868703125
19 0.49445195468750003 0.4534023703125 0.49504886406250004 0.4727274578125 0.517437503125 0.5069178390625 0.520821875 0.5483950078125 0.5064257359375001 0.5881373515625 0.54170075625 0.6601599484375 0.557448746875 0.60095619375 0.5818008 0.6111704546875 0.5989844046874999 0.5935801953125 0.5963252906250001 0.5609914359375 0.6321873546875 0.47207303593749994 0.6167254953125 0.4627254109375 0.5964978515625 0.479038496875 0.5823435078125 0.5217441609375 0.5603250140625 0.48008042812499996 0.555475215625 0.44466311249999996 0.5614498484375 0.43381745625 0.57921558125 0.4593905203125 0.56729613125 0.43340847812499994 0.6396716203125 0.383651265625 0.6384628984375 0.36883776562500004 0.5680805062500001 0.34694395 0.5473694 0.3573319484375 0.5285922750000001 0.39142185625 0.478151390625 0.421766334375 0.47719924375 0.38607792500000004 0.44882132031250005 0.38657299218749996 0.446843 0.4343857890625 0.46095300781250004 0.46319482812499996 0.49445195468750003 0.4534023703125
18 0.30438124218749996 0.5739654484375001 0.307183484375 0.572279296875 0.311579246875 0.5540934984375 0.31926084375 0.54014819375 0.32486533125 0.5367758921875 0.3385066546875 0.5358216078125 0.3418072671875 0.5162238703125 0.34084021249999996 0.5043721359375 0.33536394999999997 0.49730620312499996 0.329276 0.49475341562499997 0.32550670312499996 0.4845878328125 0.313700696875 0.4720057921875 0.3041986890625 0.47565074531249996 0.29139606875 0.49889343906250005 0.29431175625 0.5106072859374999 0.2871137515625 0.5304792375 0.2823773984375 0.5084619203125 0.2769011359375 0.5013959875 0.2695896859375 0.5078679375 0.257028734375 0.53407239375 0.257512325 0.5399990406249999 0.2607980296875 0.544237978125 0.27978739375 0.5607878640624999 0.2880658984375 0.566167646875 0.2939121796875 0.56575866875 0.30438124218749996 0.5739654484375001
18 0.31057277031249997 0.4096521484375 0.293389165625 0.4272424078125 0.29411442499999996 0.43613081875 0.2984954109375 0.441783253125 0.295081353125 0.4479809921875 0.29556494375 0.4539076390625 0.313700696875 0.4720057921875 0.3219792015625 0.4773855734375 0.32478144375 0.47569942187500003 0.3292907796875 0.4709151828125 0.337085821875 0.4703698765625 0.3394046 0.4627586390625 0.336745359375 0.4301683203125 0.3282251875 0.421826771875 0.32530937187500003 0.410111365625 0.322023665625 0.405872428125 0.31057277031249997 0.4096521484375
18 0.4196342484375 0.3171031796875 0.431795625 0.3460501046875 0.44822441093750004 0.36724790625 0.4606421046875 0.3753168 0.4634444765625 0.373632209375 0.468807165625 0.3672965828125 0.47344472499999996 0.35207410625 0.47296126093749996 0.34614901875 0.4569024921875 0.31747630781249997 0.44936402500000006 0.2971467 0.43755801875 0.2845646578125 0.4329352390625 0.2759489 0.425140196875 0.276494203125 0.41940735937499996 0.29030318125 0.4196342484375 0.3171031796875
18 0.6884745203125 0.44131957968749996 0.6811777203125 0.4239517359375 0.6768115140625001 0.394461065625 0.67109345625 0.3844318109375 0.6669542671875 0.38174269843749997 0.651364184375 0.3828333078125 0.649657090625 0.3859313984375 0.6418620500000001 0.3864767015625 0.63065295 0.39321974531250004 0.620909146875 0.3939013765625 0.6183487000000001 0.398550853125 0.6199274421875 0.40588943750000006 0.635517525 0.404798828125 0.6388032328125 0.40903776406250003 0.6414772515625 0.41778984843750006 0.64523176875 0.45179366718749997 0.6530268109375 0.4512483625 0.6632540765625 0.4564918203125 0.6719026015625 0.454396690625 0.6863974078124999 0.4518925828125 0.6889579828125 0.4472446671875 0.6884745203125 0.44131957968749996
33 0.6552172406250001 0.4540738 0.661063521875 0.453664821875 0.6632540765625 0.4564918203125 0.6719026015625 0.454396690625 0.6863974078124999 0.4518925828125 0.6889579828125 0.4472446671875 0.6882327234375001 0.43835625624999996 0.68360994375 0.42974049843750006 0.682884684375 0.42085208593749995 0.6777784421875 0.40631124218750003 0.6768115140625001 0.394461065625 0.67109345625 0.3844318109375 0.6669542671875 0.38174269843749997 0.651364184375 0.3828333078125 0.6345504703125 0.3929470953125 0.6228579078125 0.3937650515625 0.6183487000000001 0.398550853125 0.621876203125 0.4057531109375 0.6235831671875001 0.4026534625 0.6333269703125 0.40197183125 0.6385615640625 0.406076 0.641719046875 0.4207531734375 0.6428143234375 0.422166671875 0.6442794953125001 0.41610369843750006 0.64975575625 0.42316963281250003 0.6524297765625 0.43192171718749994 0.651931534375 0.4498348640625 0.6552172406250001 0.4540738
10 0.5886190499999999 0.4185088921875 0.5912781640625 0.4510976515625 0.5948056671875 0.4582999109375 0.6270811109375 0.457532190625 0.63962715625 0.455164409375 0.6441364921875 0.45038016875000003 0.6412355843750001 0.41482808593750004 0.635517525 0.404798828125 0.5967841125 0.410488675 0.5886190499999999 0.4185088921875
19 0.73684320625 0.21744378437499998 0.7356047984375 0.25030519687499997 0.717695934375 0.25900704375 0.6288078984375 0.2264915484375 0.6237164328125 0.18811246718750002 0.613730834375 0.185830775 0.599107678125 0.198771559375 0.5857229296875001 0.1788509296875 0.5563485203125 0.21517229218749997 0.5728759734375 0.273608328125 0.59246224375 0.3094833 0.662844509375 0.3313755578125 0.728490678125 0.331253615625 0.78318419375 0.3169982484375 0.811705121875 0.28222671093749996 0.823782609375 0.25009716718749997 0.7954194640625001 0.2267539984375 0.7447664703125 0.2064602453125 0.73684320625 0.21744378437499998
31 0.6417535203125 0.1689723859375 0.6339584781250001 0.1695176890625 0.6296909375 0.17726525312500002 0.6243133421875 0.20743755468749997 0.6252803953125 0.2192892890625 0.6307566578125 0.226355221875 0.6383099046875 0.22284659375000002 0.6531599499999999 0.2367058078125 0.695050846875 0.245693134375 0.70746866875 0.2537635875 0.72805155 0.253813825 0.735619703125 0.226468521875 0.7341691859374999 0.2086917 0.7245536078125 0.1989350953125 0.6765746328125 0.187393425 0.6622080515625 0.179459296875 0.654413009375 0.180004603125 0.6417535203125 0.1689723859375
23 0.878264015625 0.185203565625 0.8824032046875001 0.1878926765625 0.893370509375 0.178186309375 0.9095871859375 0.148745875 0.9105690187500001 0.136759375 0.9016787 0.13589118125 0.8751213124999999 0.1466881578125 0.8570990046875 0.14199000625 0.841992384375 0.149005703125 0.8280944859374999 0.170834896875 0.8127461984375 0.1748888296875 0.8054346203125 0.181359221875 0.7979948171875 0.1982678484375 0.7977382421875 0.2191427609375 0.8004122625000001 0.22789484531249998 0.8200133125000001 0.239931584375 0.832801153125 0.240527125 0.8485194593750001 0.2289982796875 0.8638826546875 0.201107671875 0.8750917546875 0.194364628125 0.878264015625 0.185203565625
28 0.712209809375 0.071675028125 0.6983268171875 0.0696675453125 0.6638312578125001 0.11528473749999998 0.6697909828124999 0.128275759375 0.675637265625 0.12786678125 0.6987658156250001 0.147105778125 0.7204439765624999 0.14856951406250002 0.727257184375 0.1600107109375 0.7331034671875 0.1596017328125 0.7481953078125 0.17642427031250002 0.7850935328124999 0.18427230781249998 0.7909545921875 0.1600250953125 0.8063176593750001 0.1321329265625 0.7920794296875 0.1137621234375 0.747770959375 0.07514624375 0.727316428125 0.0646593296875 0.7175726265625 0.0653409609375 0.712209809375 0.071675028125
18 0.63337635 0.12635436875 0.636519053125 0.164869775 0.641995315625 0.1719357078125 0.6924065125000001 0.1892661390625 0.7182238625 0.1934189875 0.7325904453125001 0.2013531140625 0.7863022546875 0.19908580781250002 0.7872839609375 0.1870977453125 0.7839982546875001 0.18285880937500001 0.74600475 0.17359727187500001 0.7182534203125 0.1457425171875 0.7007145765625 0.14696945156250002 0.6880550859375 0.135937234375 0.6683256859375 0.134337171875 0.6398343171875001 0.12143224062499999 0.63337635 0.12635436875
33 0.5614547640625001 0.22971313906250002 0.5545132046875 0.22870861874999998 0.5318681171875 0.215394709375 0.526021834375 0.2158036875 0.5234612609375 0.2204516015625 0.52587870625 0.2500785984375 0.5285527250000001 0.2588306828125 0.537073025 0.2671737890625 0.5382817484375 0.2819872859375 0.5365747828125 0.2850869359375 0.5394904703125001 0.296800784375 0.54910605 0.3065573890625 0.55495233125 0.3061484109375 0.557142759375 0.30897384687499996 0.57273284375 0.30788323906250004 0.5749233984375001 0.31071023593749997 0.58746944375 0.3083424546875 0.5706854171875 0.27078133125 0.5692350265624999 0.25300606875 0.562421690625 0.24156331406249998 0.5614547640625001 0.22971313906250002
19 0.8314493000000001 0.2599885375 0.8280352421874999 0.2661862765625 0.8204819953125 0.2696949046875 0.811946915625 0.285190034375 0.7894004953125 0.3091143578125 0.7898839578125 0.3150394453125 0.8038805203124999 0.3304484859375 0.8080198375000001 0.3331391546875 0.8205658828125 0.330771375 0.8228846624999999 0.3231601359375 0.8287309437499999 0.3227511578125 0.8370094484375 0.3281309390625 0.8406653015625001 0.3248965234375 0.8463980109374999 0.3110859875 0.8405814156250001 0.26382005468749997 0.8370539140625001 0.2566177953125 0.8314493000000001 0.2599885375
18 0.9030008671875001 0.16410467812500001 0.8899565781250001 0.18438560937499998 0.8660730843750001 0.2039331109375 0.8561862781249999 0.23889121093750001 0.8573950015625 0.253704709375 0.8650616921875001 0.2635960796875 0.8967254499999999 0.2673415078125 0.923268059375 0.2803827671875 0.9377628640625 0.277878659375 0.947876684375 0.269722115625 0.953609521875 0.2559131375 0.961690696875 0.18681645156249999 0.9573392703125 0.1334875484375 0.9494307843750001 0.12063285312500001 0.9411521515624999 0.11525150937499999 0.9236133078125001 0.116478446875 0.9030008671875001 0.16410467812500001
9 0.9212173421875001 0.33266941562499996 0.9068803187500001 0.27705881875 0.93891396875 0.273327775 0.9568377375000001 0.2407892515625 0.9617465218750001 0.1808520703125 0.9532559078125 0.1248340546875 0.9041816562499999 0.11187888593749999 0.8617923890625001 0.120803146875 0.8505981968749999 0.10370951718750002 0.820853640625 0.1475042328125 0.7505009328125001 0.07793550625 0.6991079015625 0.07259157499999999 0.6875287828125 0.08680953125 0.7217529890625001 0.085905484375 0.7257639546875 0.09903283125 0.6993349171875 0.09939313281249999 0.6781254421875 0.1276927203125 0.6525498890625 0.1265031953125 0.622307090625 0.1882110578125 0.597214871875 0.19294506250000001 0.5823648265625 0.1790858484375 0.558708346875 0.22543490781250003 0.5367885171875 0.2210094078125 0.5351654406249999 0.28518552656249996 0.5111684999999999 0.29133302968749997 0.4965305640625 0.3281120484375 0.47094023125 0.350760759375 0.429577134375 0.276183815625 0.4190637375 0.339491740625 0.33207986875 0.3783515046875 0.28830931875 0.454415209375 0.28792439375 0.48572679687500003 0.267228065625 0.47227656093750003 0.2711108078125 0.49584214375 0.25845131875 0.484809925 0.245406903125 0.5050892953125 0.24758267968749997 0.5317545265625 0.2808102734375 0.566675215625 0.41788952031250004 0.661372175 0.5491372671875 0.7326398796875 0.602849078125 0.730372571875 0.6392786171875 0.7084572875 0.6819540171875 0.6309816421875001 0.7372444421875 0.6360513625 0.7763775609375 0.57521169375 0.8058950984375001 0.5046154203125 0.8120127343749999 0.45949329531250005 0.7859683671875 0.42853889062499995 0.7981593015625 0.4098093453125 0.7956135046874999 0.390619025 0.7563818484375 0.41422201875000003 0.6962564062500001 0.3498967484375 0.68565899375 0.3521266453125 0.6862560296875 0.371453290625 0.6297419765625001 0.37540675 0.6204964171875 0.35817523281249997 0.576173296875 0.343399146875 0.5596309359375 0.30879978750000003 0.715502215625 0.3455701640625 0.8229258375 0.3410355484375 0.8268084515625 0.36459957187500003 0.8423985343749999 0.3635089625 0.8604505281250001 0.3205322046875 0.905000665625 0.3621098484375 0.9212173421875001 0.33266941562499996
8 0.4248639296875 0.52531166875 0.43376902812499996 0.502341628125 0.4438828484375 0.4941850859375 0.44120882968749997 0.4854330015625 0.444011071875 0.48374685 0.44839205781249997 0.489399284375 0.458135859375 0.488717653125 0.46264519374999996 0.4839334125 0.4611946765625 0.466156590625 0.4538980046875 0.4487903078125 0.43771088437500005 0.430554271875 0.42041383750000005 0.4347445296875 0.413585721875 0.447140009375 0.395306840625 0.46331676718750003 0.3799437734375 0.4912089359375 0.3589908703125 0.49863361250000005 0.3480235671875 0.508339978125 0.3408254328125 0.5282103703125001 0.34130902500000004 0.5341370171875 0.348734046875 0.5410666234375 0.37041208124999997 0.5425288 0.39695468906250003 0.555570059375 0.4250908171875 0.5521116671875 0.4248639296875 0.52531166875
22 0.4903126390625 0.4507117 0.4886056734375 0.45381134999999995 0.48275939218749997 0.454220328125 0.4773965734375 0.46055439218750005 0.4614364734375 0.469119915625 0.46544743750000006 0.48224726249999994 0.4721472015625 0.4802884578125 0.49736764375 0.4651162203125 0.49992821718749997 0.46046830468750005 0.49725419843749996 0.4517162203125 0.4903126390625 0.4507117
8 0.42786350312500004 0.5981019859375001 0.425673075 0.5952765484375 0.41604271718749997 0.6093581796875001 0.4165261796875 0.615283265625 0.4198120125 0.6195237625 0.42809051875000004 0.62490354375 0.4347902828125 0.622944740625 0.438944378125 0.6017971765625 0.4373656375 0.5944585921875001 0.43370978437499996 0.5976930078125 0.42786350312500004 0.5981019859375001
8 0.46234428281250006 0.576323028125 0.466128359375 0.5626503781250001 0.4856159640625 0.561287115625 0.4909786546875 0.5549514906249999 0.49998241875 0.5692196828125 0.509726221875 0.5685380515625 0.5174078171875001 0.5545927484375001 0.5203384125 0.542469921875 0.517437503125 0.5069178390625 0.5046644421875001 0.48248406250000003 0.49614414218749997 0.47414095625 0.48420978281249993 0.4719955890625 0.47153551406250005 0.48480160625 0.4598429515625 0.48561956406249995 0.4544801328125 0.491953628125 0.437424753125 0.499105653125 0.4297432828125 0.513052515625 0.42339863125 0.53137308125 0.42484915 0.5491499046875 0.43262941250000003 0.572442834375 0.433596340625 0.584293009375 0.437123840625 0.5914952687499999 0.4535674078125 0.588854834375 0.46234428281250006 0.576323028125