9 0.40267026093749997 0 0.19098259687500002 0.0419519171875 0.20349927812500002 0.0664734140625 0.20279033281249997 0.09497543593749999 0.2015224109375 0.09409423125000001 0.201932125 0.0928779484375 0.12013752656250001 0.1283739140625 0.08193631875 0.20174832031249998 0.101230359375 0.259188059375 0.064553228125 0.36062194999999997 0.083223940625 0.455624834375 0.1370029234375 0.44610209218749997 0.095340915625 0.553061615625 0.0720948390625 0.668849634375 0.09693204375 0.8091481578125 0.15326590625 0.8773983640624999 0.20093395625000002 0.9943748156250001 0.4526143 0.9885168906249999 0.80491625 0.9275104359374999 0.8053012671875001 0.87978395 0.9434753703125001 0.858073659375 0.9493411125 0.7831670515625 0.83357785 0.792495609375 0.842495190625 0.655720840625 0.845286875 0.5076793015625001 0.8476300625000001 0.35632399531250003 0.8592108875 0.3233972265625 0.8268115999999999 0.270822228125 0.8752183015625 0.196560403125 0.832312078125 0.083671771875 0.770089140625 0.07331170625 0.7318459046875 0.0536616390625 0.695436825 0 0.40267026093749997 0
23 0.67247735625 0.6773592875000001 0.6621208875 0.45514716875000005 0.6436060859375 0.4214394125 0.623823709375 0.40765249062500003 0.6249397125 0.3720218171875 0.6043193328124999 0.359387321875 0.5630591593750001 0.3705154203125 0.5591113890625 0.41457722812500003 0.535937140625 0.47818657499999995 0.55443604375 0.6505894921875 0.5771231828125 0.71494491875 0.6393767078125 0.7045751 0.67247735625 0.6773592875000001
23 0.43266728906249996 0 0.44293211875000005 0.0215306328125 0.4785843140625 0.020364982812499998 0.5104012390625 0.0494716703125 0.556262628125 0.0502177484375 0.5909087515625 0.0708938109375 0.6310697609375 0.058999796874999996 0.6672439296875 0.061668282812499996 0.6747890734374999 0.051319318749999995 0.67113801875 0.024500703125000002 0.649400878125 0 0.43266728906249996 0
5 0.6996945453125 0.1831055109375 0.6814020843749999 0.224110278125 0.688238471875 0.267018640625 0.7069213390625 0.2800371109375 0.856576646875 0.224803975 0.868367221875 0.201811359375 0.8549921046875 0.14741279062499998 0.806169009375 0.1029878640625 0.6996945453125 0.1831055109375
5 0.29348073750000003 0.8016501187499999 0.2900151796875 0.8200416703125001 0.3129266375 0.8568130734375 0.31223694375 0.8736707640624999 0.3624584890625 0.8479806734374999 0.380154353125 0.8464412203125 0.39852049843750004 0.86444116875 0.5101009703125 0.8364258796874999 0.5421392984375 0.8379465156249999 0.5585869953125 0.8199308015625 0.5482679640625 0.729517078125 0.5350440703125 0.6908258093749999 0.5106604765625 0.6651647078125 0.26455183125000004 0.7572175624999999 0.29348073750000003 0.8016501187499999
5 0.731284734375 0.648983928125 0.747043084375 0.647828446875 0.7809846515625 0.619462240625 0.8045098953125001 0.580374284375 0.8101000921875 0.5045098390625 0.7811146875 0.364678521875 0.7173884312500001 0.2838626046875 0.6936221312499999 0.2846402109375 0.6712493890625 0.3175973125 0.6565882281250001 0.42181525000000003 0.6797051875 0.5696957640625 0.7120802390625001 0.6321338640625 0.731284734375 0.648983928125
5 0.3824472546875 0.35909438125 0.3588461015625 0.3391806703125 0.32382478125 0.33038387187499996 0.2570653578125 0.351484084375 0.2031174421875 0.3936499296875 0.1542952859375 0.45152358125000003 0.104932090625 0.54196273125 0.084216984375 0.6090196984375 0.0939978921875 0.732000953125 0.1095128625 0.7948291296875001 0.1438444921875 0.8204836203125 0.1471054859375 0.7932815375 0.126650253125 0.7599557234375001 0.121434659375 0.72164486875 0.15094307499999998 0.6607151953125 0.15992094375000002 0.609754078125 0.1805607328125 0.58599148125 0.186706834375 0.5434615 0.26559553125 0.4579895875 0.301657540625 0.4744500828125 0.3353751375 0.47367043906250006 0.3626073390625 0.45450382187500005 0.3948887015625 0.3920382609375 0.3824472546875 0.35909438125
31 0.4071251546875 0 0.2879122140625 0.0227425640625 0.26336149531249997 0.1200693265625 0.2709993890625 0.13232544375 0.3061303 0.1273307421875 0.3154423234375 0.1372876 0.38272594375 0.12001847031249999 0.41994106875000003 0 0.4071251546875 0
20 0.625161859375 0.8559190015624999 0.607373246875 0.8348533703125 0.535695540625 0.849058340625 0.5048100578125 0.84140939375 0.43365397968749997 0.8594459578125001 0.40535688593749997 0.9073495312500001 0.4036074421875 0.952943159375 0.4206695171875 0.961364125 0.42379894374999993 0.984351146875 0.41939199374999997 0.9892901484375001 0.497221034375 0.9874786578125001 0.5938506609374999 0.9693390687500001 0.625161859375 0.8559190015624999
5 0.38576000781249997 0.938772775 0.33993709375000003 0.8652299687499999 0.3042454859375 0.8368937671875001 0.2543426375 0.755305834375 0.1591933703125 0.8017045375 0.14991784531250002 0.821247496875 0.16684869687499998 0.8798601078124999 0.2201186875 0.9939282859375 0.4145719 0.9894023375 0.41798640625 0.9855030656249999 0.41951444687499995 0.9674954890624999 0.38576000781249997 0.938772775
25 0.4844877765625 0.553301890625 0.49687529531249996 0.49084649843749995 0.40610292968749995 0.5767034015625 0.396062740625 0.6564009656249999 0.41569611562500003 0.6544775390625001 0.45393902031250005 0.60657040625 0.4844877765625 0.553301890625
5 0.3063348609375 0.1361412734375 0.15964289062499998 0.132754171875 0.1205247953125 0.15230882968749998 0.082113825 0.22090525 0.10435499687500001 0.23813725156249999 0.17078120624999998 0.25841764375 0.1764815875 0.27105773437499997 0.27658598125 0.2610566328125 0.303988471875 0.2211976796875 0.3063348609375 0.1361412734375
5 0.727075996875 0.2819427375 0.7562657171875 0.3282910921875 0.7746877703124999 0.3393937640625 0.8036160812500001 0.281530284375 0.79583175625 0.2535633078125 0.727075996875 0.2819427375
5 0.6826130609375001 0.211081640625 0.6952982343749999 0.1800444046875 0.7602907812499999 0.13863836875 0.7531376734374999 0.10071148593749998 0.7225689125 0.088081059375 0.6684749078125 0.11453858750000001 0.63876193125 0.1666577265625 0.6377018343749999 0.195391125 0.6507970734375 0.28427352968749997 0.660686978125 0.291167246875 0.689486290625 0.2834923609375 0.6826130609375001 0.211081640625