31 0.6027807109375 0.5966147187499999 0.6012690953125001 0.617571184375 0.6101899796875 0.6415499859375 0.620191046875 0.6505590890625 0.628707871875 0.65330425625 0.6427738796875 0.6462637140624999 0.6532230765625 0.635676728125 0.6568394640624999 0.6392246734375 0.666855721875 0.634624015625 0.686901925 0.6118124984375 0.687766721875 0.599837903125 0.6847986578125 0.587308528125 0.6788454140625 0.5758606015625001 0.6716115546875 0.5687627734375 0.6601110546875 0.5670994953124999 0.6579774015625001 0.56981505 0.6424275749999999 0.570590153125 0.6343284984374999 0.5754684203125 0.6266612765625 0.574358421875 0.6085459421875 0.583837346875 0.6027807109375 0.5966147187499999
31 0.5624733390625 0.6452313546874999 0.5667239453125 0.6534095703125 0.5765237328125 0.6518020765625 0.5810064234375 0.6433758640625 0.583556315625 0.6482833046875001 0.5818419171875 0.6586227328125001 0.574174696875 0.6575127328125 0.5709764765625 0.6615867234375 0.5701116828125 0.6735613171875 0.5730797453124999 0.68609069375 0.57968089375 0.6885586890625001 0.599510628125 0.668740334375 0.6016716515625 0.638804378125 0.5938168390625 0.61346758125 0.592980921875 0.5982222125 0.586813134375 0.5897663875 0.5793623828125 0.585663225 0.5733954531250001 0.5878254984375 0.5637973640625 0.600048090625 0.5633655078124999 0.606036359375 0.5593161796875 0.6084747421875 0.5569671421875 0.6141854 0.560151675 0.6237216125 0.5624733390625 0.6452313546874999
23 0.3843030046875 0.738935284375 0.4021877609375 0.7460612234374999 0.449256496875 0.7513597843750001 0.46928901562499997 0.74215846875 0.47462130625 0.7353674234375001 0.47526920937500006 0.72638749375 0.4659305765625 0.6947852578125 0.45359265468750004 0.6778761703125 0.45254026875 0.665623965625 0.4417037078125 0.6413679937500001 0.42636884375 0.6391494953125 0.3995632015625 0.608044753125 0.3705956921875 0.60687896875 0.35825819062500003 0.5899683812500001 0.3484588234375 0.591574375 0.327332440625 0.629355590625 0.3279518859375 0.6475941234375 0.34879101874999996 0.6808596390625 0.3679157546875 0.72446458125 0.3843030046875 0.738935284375
23 0.578293509375 0.385860565625 0.5840435484375 0.3866929546875 0.5882941546875 0.39487117031249996 0.5982541625 0.44471087656249997 0.6182725687499999 0.4491212625 0.6204051374999999 0.44640376875000004 0.655122265625 0.44840344375 0.6585236875 0.45494498906249997 0.6623565453125 0.4554997703125 0.6674734515625 0.45170383125 0.669418428125 0.42475953750000006 0.6666653296875 0.40923655937500003 0.6585799390625 0.4005046265625 0.6509142234375 0.399395065625 0.6326097921875 0.3846467515625 0.6211097140625 0.3829819734375 0.5951395671874999 0.3671241 0.5781059171875 0.3616337671875 0.57255715625 0.371417975 0.5721253015625 0.3774062421875 0.578293509375 0.385860565625
13 0.5486351093749999 0.4345063765625 0.5503358203125 0.43777714999999995 0.5496874953125 0.44675858125 0.5522378109375 0.4516645203125 0.56970481875 0.451167025 0.5867247828125 0.47026756093750005 0.5924748203125 0.47109995 0.59803726875 0.44770554218749997 0.588079190625 0.397864771875 0.583827078125 0.3896861203125 0.572759940625 0.3820350125 0.5608265 0.386358059375 0.553145171875 0.3988597625 0.5512006171875 0.42580255625 0.5486351093749999 0.4345063765625
31 0.588079190625 0.397864771875 0.5608265 0.386358059375 0.5494710265625 0.4497517453125 0.5867247828125 0.47026756093750005 0.59803726875 0.44770554218749997 0.588079190625 0.397864771875
31 0.3667476421875 0.6199339515625 0.359138178125 0.5643840250000001 0.3902378328125 0.5628338171875 0.3688070484375 0.4841078671875 0.3556199453125 0.46556211249999996 0.315368825 0.45973838437500003 0.259321025 0.48490244843749997 0.23411643437500002 0.552342009375 0.25109383125 0.6122727078125 0.26938265 0.6406322828125 0.31476478281250003 0.62904836875 0.33497078125 0.657685553125 0.3667476421875 0.6199339515625
33 0.36562209375 0.4745731578125 0.315368825 0.45973838437500003 0.259321025 0.48490244843749997 0.2343329046875 0.5493488453125 0.25109383125 0.6122727078125 0.26938265 0.6406322828125 0.31476478281250003 0.62904836875 0.33497078125 0.657685553125 0.364182134375 0.628637771875 0.35935356406249996 0.561388921875 0.3902378328125 0.5628338171875 0.36562209375 0.4745731578125
33 0.2259290046875 0.4377214484375 0.20484452343749998 0.4346690609375 0.1939497828125 0.4648545140625 0.2060415140625 0.511979728125 0.3017346734375 0.4607906609375 0.3181629828125 0.434430759375 0.3278040578125 0.381376503125 0.30119969375 0.3608883609375 0.2259290046875 0.4377214484375
19 0.54866248125 0.4072859734375 0.5207614671874999 0.40476069218750005 0.52008576875 0.44096252500000005 0.47027761874999996 0.4065307859375 0.4515710546875 0.3705477765625 0.43113598125 0.358515896875 0.3621038609375 0.37575124375 0.36102367812499997 0.39072094218750003 0.43253425156249997 0.44644316249999993 0.421004871875 0.4719998453125 0.43828428906249994 0.447275553125 0.444237534375 0.45872347968750005 0.43972705 0.49437159218750004 0.4183831140625 0.53514403125 0.40415881562499995 0.4907363125 0.3841551765625 0.472717665625 0.3690235171875 0.4811147046875 0.40492437187499997 0.574033746875 0.40254645624999996 0.606964365625 0.41956641718750004 0.6260649 0.44343179218750006 0.6174183656250001 0.459343115625 0.678707059375 0.4934974703125 0.6080263375 0.4790567015625 0.56661178125 0.48208294374999994 0.5246997296875 0.50384354375 0.49154878437500005 0.5042905921874999 0.47195075624999994 0.537293321875 0.484289859375 0.5509548468750001 0.45601718281250003 0.54866248125 0.4072859734375
18 0.7014571234375 0.5443452640625 0.7042375953125 0.5326478390625 0.691483853125 0.5081142562500001 0.6821159203125 0.503733484375 0.6706017328125 0.51568040625 0.6669701515625001 0.5257422234375 0.66100364375 0.5279029984375 0.6556713515625 0.5346940421874999 0.65480655625 0.5466686375 0.658193871875 0.566821884375 0.6716115546875 0.5687627734375 0.6771451234375 0.5725883265625 0.6847986578125 0.587308528125 0.6892505421874999 0.6061033390625 0.69201883125 0.6080165562500001 0.7022500546875 0.6004222968749999 0.708000515625 0.601253184375 0.7160995921875 0.5963749171875 0.7346478671875001 0.5809096640625 0.737846084375 0.576835675 0.7382794453125 0.5708478453125 0.7257406671875 0.5433206609375001 0.7185063859375 0.5362243343750001 0.71317409375 0.543015378125 0.70867771875 0.5650517921875 0.7014571234375 0.5443452640625
18 0.696845021875 0.47410325000000003 0.7011097375 0.4686697625 0.7017591453125 0.459690271875 0.6847376781250001 0.440589296875 0.6734540703125 0.4359313546875 0.6702543453125 0.4400049046875 0.6674734515625 0.45170383125 0.6591579046875 0.4595752609375 0.656779990625 0.49250588124999994 0.659115340625 0.5004054250000001 0.6667825625 0.501515425 0.6712500578125 0.506698975 0.6740168421875 0.5086117515625 0.6821159203125 0.503733484375 0.6998130859375 0.4866326234375 0.700246446875 0.48064479687499995 0.696845021875 0.47410325000000003
18 0.5474806828125 0.31636554375000003 0.540217521875 0.33648918125 0.5246388171875 0.364484246875 0.52420545625 0.370472075 0.528875734375 0.38627266250000003 0.534194340625 0.3930918203125 0.536961125 0.3950045953125 0.5491095296874999 0.3876879453125 0.5651059828125 0.36731631249999996 0.5768522546875 0.33876496562499997 0.5768796265625 0.3115445609375 0.5711432750000001 0.2971019703125 0.5634771375 0.2959939109375 0.5589948687499999 0.304418621875 0.5474806828125 0.31636554375000003
18 0.324590646875 0.3990602546875 0.3205135265625 0.4287205421875 0.31346532968749996 0.44585057343749995 0.3130338953125 0.45183734062500003 0.3155837890625 0.4567447828125 0.3298525796875 0.4603212765625 0.3383694046875 0.46306644375 0.3483856625 0.45846578437499996 0.356052884375 0.45957578593750004 0.359496871875 0.42528716875 0.362060875 0.4165829078125 0.3652610203125 0.4125078578125 0.38059395625 0.4147274171875 0.38209339062500003 0.407381590625 0.379543075 0.4024756515625 0.369958671875 0.4010880421875 0.358890028125 0.39343649531249997 0.35122431249999997 0.3923269359375 0.3495236 0.3890561609375 0.3341887359375 0.38683766406250003 0.33013940937499997 0.389276046875 0.324590646875 0.3990602546875
33 0.36227734375 0.41358974374999996 0.367393165625 0.4097918640625 0.37697756875 0.411179471875 0.3786782796875 0.414450246875 0.38209339062500003 0.407381590625 0.37762589375 0.402198040625 0.366125815625 0.40053326250000004 0.3495236 0.3890561609375 0.3341887359375 0.38683766406250003 0.33013940937499997 0.389276046875 0.324590646875 0.3990602546875 0.323725853125 0.41103484999999995 0.3188128140625 0.4254497671875 0.3181629828125 0.434430759375 0.3136817984375 0.442857409375 0.3130338953125 0.45183734062500003 0.3155837890625 0.4567447828125 0.3298525796875 0.4603212765625 0.3383694046875 0.46306644375 0.34050155000000004 0.46035044999999997 0.3462520109375 0.4611813390625 0.3494517359375 0.45710778906250005 0.3488327109375 0.4388677578125 0.351396290625 0.430164996875 0.35672858281250003 0.42337395312500004 0.3582143296875 0.4296383296875 0.359280403125 0.42828033281250005 0.36227734375 0.41358974374999996
10 0.40567193437500004 0.4697802859375 0.40908704531250006 0.4627116328125 0.4114645390625 0.4297825125 0.40337957187500006 0.4210490796875 0.3652610203125 0.4125078578125 0.3597122578125 0.42229206562500005 0.35711895625 0.4582177890625 0.36158645312500004 0.46340133906250003 0.373937640625 0.46670172499999996 0.40567193437500004 0.4697802859375
19 0.337863303125 0.33594418125000003 0.406895425 0.318708834375 0.4258892421875 0.2836451125 0.441711790625 0.2254364796875 0.41257079843750005 0.1864321953125 0.3995575984375 0.205723440625 0.3850875296875 0.1915303484375 0.3752881640625 0.1931363421875 0.3705612109375 0.23177761874999997 0.28341568125 0.25849083125 0.2657458890625 0.2483712875 0.26429052343750004 0.2148873890625 0.2564220265625 0.203160790625 0.20677409375 0.220176253125 0.1790606703125 0.24187776875 0.19116651093749998 0.27539128125 0.2194563953125 0.31275996093749997 0.2733275578125 0.331143115625 0.337863303125 0.33594418125000003
31 0.346695834375 0.24042415468749997 0.36119478125 0.22739728593750003 0.3686455328125 0.2315004484375 0.373977825 0.2247094046875 0.374841115625 0.21273437031250003 0.3693368453125 0.181687353125 0.3650843125 0.1735102 0.35741709374999997 0.1724002 0.3450533015625 0.18271195625 0.33738608124999997 0.18160195625 0.3233204953125 0.18864099843749998 0.276238071875 0.1969526375 0.26685603125 0.2061835671875 0.265558296875 0.2241444890625 0.27319664062500004 0.25247445 0.2934319390625 0.2538901734375 0.30558034375 0.2465735203125 0.346695834375 0.24042415468749997
23 0.128215328125 0.1815840640625 0.139283971875 0.18923561093750002 0.154588453125 0.21867363125 0.170124171875 0.2315102296875 0.1826922515625 0.2318159515625 0.201873659375 0.2209790296875 0.20443916718750002 0.212275209375 0.204034684375 0.1910430734375 0.196598040625 0.1733282078125 0.189363759375 0.1662318828125 0.1742453640625 0.16102021875 0.16042404375 0.1378441953125 0.145522540625 0.1296378671875 0.1278405671875 0.133128965625 0.10165352812499999 0.12026575625 0.092920234375 0.12051375312499998 0.0939726203125 0.132765959375 0.1101277875 0.16384108749999998 0.12097996250000001 0.17448579687500002 0.12502929062499998 0.1720474140625 0.128215328125 0.1815840640625
28 0.2732973828125 0.1572028609375 0.27991221718750003 0.1460606578125 0.301212084375 0.14611794218750002 0.323808603125 0.128212365625 0.329560146875 0.12904519375 0.33532387343750003 0.1162673828125 0.3010811671875 0.067449278125 0.2874485203125 0.068501990625 0.2821299140625 0.0616828359375 0.2725455125 0.060295224999999994 0.25251450000000003 0.06949698125 0.20923605625000002 0.105583365625 0.1953732546875 0.12323944375 0.21067881718749998 0.15267940468750002 0.2166164484375 0.1777385953125 0.25283300937500003 0.1723924453125 0.26754734375 0.156370471875 0.2732973828125 0.1572028609375
18 0.3589590921875 0.1242242125 0.3310443890625 0.13530913125 0.3116601984375 0.135529015625 0.29929490312499996 0.1458403328125 0.2820443625 0.1433446625 0.254965578125 0.1696749515625 0.21768252187499998 0.17638059687500002 0.2144827984375 0.180454146875 0.21553518437500002 0.192706353125 0.26835396093749997 0.19883730156249999 0.28241954687500004 0.19179826093750002 0.3077706671875 0.18941610312499998 0.35720170625000003 0.1753953046875 0.3625339984375 0.1686042609375 0.3653437703125 0.129685371875 0.3589590921875 0.1242242125
33 0.4359328734375 0.251824053125 0.42931803906250005 0.2629662578125 0.4280213875 0.2809291203125 0.4117943546875 0.31790561875 0.42414554375 0.3212060046875 0.4262781109375 0.318488509375 0.441612553125 0.320708509375 0.44374512031249996 0.317991015625 0.44949516093749997 0.31882340625 0.45887677968749996 0.3095939765625 0.46165875625 0.2978969921875 0.45995804375000005 0.29462621875 0.46103822499999997 0.2796565203125 0.469353771875 0.2717850890625 0.471919278125 0.26308126875000004 0.47408030312499994 0.23314531249999998 0.471530409375 0.2282378703125 0.465779946875 0.22740698125 0.44361378125 0.23932384999999998 0.43679766718749996 0.23984945937500002 0.4359328734375 0.251824053125
19 0.19094961875 0.27838594687499996 0.18244648125000001 0.2620305796875 0.1749957296875 0.25792741406249997 0.171594728125 0.2513843671875 0.1660611578125 0.24755881406250002 0.1626460484375 0.25462746875 0.15727119218750002 0.3022486765625 0.1630060390625 0.316690828125 0.16662393125 0.3202392125 0.1747225859375 0.31536244375 0.1804730484375 0.3161933328125 0.182807978125 0.3240943765625 0.1951591640625 0.3273947640625 0.19920891406250002 0.32495487968750003 0.212856753125 0.3102924046875 0.21328818593749999 0.3043056359375 0.19094961875 0.27838594687499996
18 0.0672123453125 0.261991709375 0.081479209375 0.265569265625 0.107478234375 0.254207175 0.138577890625 0.25265696718749997 0.146043834375 0.24315036874999998 0.14712359218749999 0.22818217187499998 0.137150321875 0.19195116406249998 0.11352921093749999 0.170382634375 0.10055857812499999 0.148843715625 0.08162817812499999 0.10303653906250002 0.04910325 0.218667290625 0.0514734203125 0.23853957499999998 0.0572097734375 0.25298216562500003 0.0672123453125 0.261991709375
9 0.3155859015625 0.355407871875 0.305151896875 0.3523850953125 0.24651229843750003 0.41347532343750004 0.20777321718750003 0.38669363125 0.20541049218750002 0.4060144890625 0.21753001875 0.4259178 0.1921515234375 0.4555203609375 0.1984936375 0.5018116859374999 0.2280235 0.5756593671875 0.26693648593749997 0.6402780609375001 0.32125319218750004 0.639062746875 0.3637688796875 0.720839584375 0.3997400921875 0.7457065609375 0.4525588703125 0.7518375125000001 0.5810675875 0.6887592453125 0.71513725 0.6022861328125 0.7475483265625 0.5691648 0.7494948078125 0.542220946875 0.7365226687499999 0.520681590625 0.724158878125 0.5309933453125 0.7278045671875 0.507319825 0.7075555796875 0.5195143046874999 0.7069498203125 0.48766557187500004 0.663368059375 0.4072467296875 0.5775750093750001 0.361558215625 0.5667795078125 0.296471640625 0.5266597281250001 0.3693150765625 0.5013379078125 0.344475771875 0.48668066874999993 0.30605437812499997 0.46304544999999997 0.29809755 0.460983665625 0.23276147656249999 0.43946690625 0.23569885625000003 0.41587467499999997 0.18691036249999998 0.401375728125 0.19993723125 0.3766748578125 0.1933368984375 0.3464966703125 0.128470646875 0.3213624390625 0.12785814375 0.300306415625 0.0975872921875 0.27432258125 0.09533961875 0.27816912656250004 0.0822841984375 0.31182060312500004 0.0856403703125 0.30033529375 0.07036732812499999 0.2498503640625 0.07213548125 0.1811949296875 0.1378248671875 0.1516357671875 0.0911986484375 0.1407547140625 0.1077739 0.09901826875 0.0956842953125 0.08277886875 0.098945671875 0.048123096875 0.22215188125 0.048191340625 0.222939984375 0.0660472203125 0.2572858859375 0.097566128125 0.2633595515625 0.083875303125 0.3188536921875 0.10003089218750001 0.3499273203125 0.1435243015625 0.310847334375 0.1615829609375 0.3558102734375 0.176917825 0.3580287734375 0.1805630921875 0.334356753125 0.2862006453125 0.34661865468749997 0.43916488437499995 0.32035384843750003 0.42315432187499996 0.35433718125 0.3796897921875 0.36619720624999996 0.3707259203125 0.38305006875 0.31513885468749997 0.3750059015625 0.3155859015625 0.355407871875
8 0.5370768515625 0.487283021875 0.5357802 0.5052458843750001 0.5402476984375 0.510429434375 0.5498320999999999 0.5118170453124999 0.55409831875 0.506383996875 0.556865103125 0.5082967734375 0.554299596875 0.5170005953125 0.5643006640625 0.526009696875 0.573223053125 0.5499889390625 0.573194175 0.5772089015625 0.6008787203125 0.5827273468749999 0.626877746875 0.5713652578125 0.6481776124999999 0.57142254375 0.6554270875 0.5649091078125 0.6558589421875001 0.558920840625 0.648638346875 0.5382143125 0.6377861734375 0.527569603125 0.6171346296875 0.5185308859375 0.6018290671875001 0.489090925 0.583741528125 0.47134794687500003 0.5769386796875 0.45826485312500004 0.55990503125 0.4527745203125 0.544125046875 0.4701529890625 0.5370768515625 0.487283021875
22 0.5015238078124999 0.47003797968749994 0.49895829999999997 0.4787418 0.5015096984375 0.48364968125 0.5264122687499999 0.5008651109375 0.5330134156249999 0.5033331078125001 0.5368618875 0.4902766265625 0.5211092765625 0.4804346921875 0.5157906703124999 0.4736155359375 0.5100406328125 0.472783146875 0.5083399187500001 0.46951237187499995 0.5015238078124999 0.47003797968749994
8 0.565052534375 0.6229173328125001 0.561434640625 0.6193689499999999 0.55993520625 0.6267147750000001 0.56417363125 0.6485036296875 0.5707736953125 0.6509696859375 0.5788723499999999 0.64609291875 0.5820724953124999 0.6420178671875 0.5825039296875001 0.6360311015625 0.57293471875 0.6210337296875 0.570802571875 0.6237497234375 0.565052534375 0.6229173328125001
8 0.48208294374999994 0.5246997296875 0.47949006250000004 0.5606239546875 0.48245812499999996 0.573153328125 0.490111659375 0.5878735296875 0.49969455781249994 0.5892606984375 0.508441959375 0.5754009984375 0.5137605640625 0.58222015625 0.5329278640624999 0.5849949359375 0.536747034375 0.5991599171875001 0.545467065625 0.6125206203125 0.561651109375 0.6163757859375 0.5650662203125 0.6093071328125 0.565931015625 0.5973325390625 0.5734106437500001 0.5742157375 0.5747072953125001 0.556252875 0.5683363046875 0.5371815140625 0.5606842750000001 0.5224617546875 0.5438655906250001 0.51397781875 0.5385469859375001 0.5071586609375001 0.5270469062500001 0.5054938812499999 0.51449401875 0.49157839843750006 0.502777471875 0.49290678125 0.49446192499999997 0.5007782140625 0.48208294374999994 0.5246997296875