20 0.137044315625 0.639304528125 0.20020587656250002 0.646471503125 0.254639846875 0.6223678015624999 0.297525834375 0.5051850671875 0.2917415234375 0.4932239328125 0.1869502390625 0.4815354171875 0.16522478125 0.5036172125 0.11916729374999999 0.6173317328125 0.137044315625 0.639304528125
9 1 0.4286920125 0.9889460250000001 0.3800363671875 0.9117683062499999 0.3848849078125 0.78632816875 0.37634381875 0.774043378125 0.39105915625 0.78358784375 0.4103504171875 0.7049038859375 0.39665828125 0.6436342625 0.35857775 0.61785431875 0.3713984671875 0.5836519906250001 0.43292260000000005 0.5781604640625 0.4228926546875 0.5970448953124999 0.40815926718749995 0.5946902703125 0.3927116328125 0.525155746875 0.3697216125 0.49832445937500003 0.33231923124999996 0.4799264359375 0.324256575 0.42490535156250003 0.34449813281249997 0.3746265703125 0.404521103125 0.37417321718749996 0.4362032875 0.365285059375 0.438545984375 0.33626905156250003 0.43012596875 0.3660673375 0.41768065937500004 0.360769434375 0.38292348125000003 0.34465838125000003 0.3725364125 0.23130941093750002 0.37400721875 0.1653729265625 0.391960934375 0.16932516250000001 0.37456405937500004 0.1226934078125 0.3372160609375 0.07711299375 0.35009116093750003 0.06796510624999999 0.359388809375 0.0042050140625 0.3613780203125 0.005693753125 0.48931990000000003 0.0108016875 0.4955422484375 0.0058443734375 0.5022642890625 0.0060294078125 0.5181660499999999 0.0201964625 0.6264900234375 0.0357519125 0.641901325 0.02461138125 0.6554543374999999 0.0636893484375 0.894499225 0.41991496406250006 0.9182459203125 0.504282528125 0.9172410015624999 0.8585155 0.9452430640625 1 0.9236771265625 1 0.4286920125
19 1 0.7488172640624999 0.9499158453125001 0.7564513984375 0.911423025 0.7465121703125 0.79141609375 0.8082723546875 0.6697345671875 0.807061625 0.6102970203125 0.7983391015625 0.5901108515625 0.84784771875 0.5549578875 0.885806940625 0.5131691390625 0.9148985421875 0.5421866921875 0.923318321875 0.8610968 0.9448496078125 1 0.9236771265625 1 0.7488172640624999
19 0.22369730468750001 0.6359754343749999 0.166851934375 0.70490259375 0.1551903984375 0.7323657453125 0.1924821859375 0.803738390625 0.2801880625 0.850632159375 0.3320407328125 0.826921915625 0.3551464609375 0.8658800781249999 0.4115824109375 0.9155643843749999 0.4976813421875 0.9172592875 0.556656203125 0.8796206203124999 0.5918091671875 0.841661396875 0.6082713234375 0.7937083281249999 0.5941198609375 0.7701797515625 0.5760161625 0.7640480484375 0.5289656546875 0.7672681421875 0.5058583828125001 0.7283102140625 0.47880042187500005 0.7067489265625 0.457822640625 0.6990794921875 0.43517959843750004 0.70648251875 0.428217978125 0.6867975671875 0.376195403125 0.6660778109375001 0.35237659374999997 0.6657567859375 0.24921597499999998 0.6301099031249999 0.22369730468750001 0.6359754343749999
19 0.5933756906250001 0.574687234375 0.6365085625 0.5977499203125001 0.72449943125 0.5685312703125 0.7224391359375 0.5550145890625 0.736455296875 0.5429990703125 0.7052767421875 0.49440442031250004 0.5974745265625 0.445634315625 0.5577382875 0.4101989875 0.5353219203124999 0.40176092187499995 0.5283257 0.3731900640625 0.4925732046875 0.3292442375 0.4698971078125 0.3277611234375 0.4297736234375 0.3417802640625 0.379494840625 0.401803234375 0.3724749015625 0.442389609375 0.52938791875 0.5014563015625 0.5933756906250001 0.574687234375
20 0.5953465796875 0.4143455875 0.5879646609375 0.4352289625 0.60724566875 0.44908448281249996 0.639987234375 0.4559487171875 0.6633764125 0.4187946953125 0.7618954359375001 0.44131835312499995 0.7805862453125 0.4513122 0.7927450625 0.47909614375 0.81835510625 0.42184542656249996 0.8051212265625001 0.41299561875 0.6448792265625001 0.38407361406249996 0.5953465796875 0.4143455875
18 0.7159164796875 0.6508480609375 0.7892679359375 0.6208971109375 0.8292215203125 0.5624479734375 0.7848767375000001 0.5227755625 0.7515811140624999 0.5209353250000001 0.7336033890625 0.47230434218750006 0.7120354078125 0.46077323281250004 0.6816830640625 0.47824253906249997 0.704982415625 0.4924734671875 0.7367496234375001 0.5449300265625 0.7247261078125 0.5526901765625001 0.7262308015625 0.571231090625 0.6809462625 0.586036909375 0.666080171875 0.6011457046875 0.683401590625 0.6281427328125 0.7159164796875 0.6508480609375
18 1 0.5280637609375 0.9286126515625 0.5127213562499999 0.94263814375 0.5787492140625 0.906931121875 0.6217324328125 0.8804380953125 0.6731902859375001 0.9697069812500001 0.6783536406249999 1 0.6911673578124999 1 0.5280637609375
19 0.6694402390625 0.8051306703125001 0.7208049609375 0.8042167046875001 0.74374233125 0.7987446328125001 0.7346858171874999 0.75665709375 0.7589595234375001 0.7252956984375001 0.753888296875 0.674697428125 0.67422065 0.6285542390625001 0.6369051406249999 0.626338828125 0.636746115625 0.6599519671875 0.53297311875 0.6896004109375 0.514316909375 0.68849246875 0.49170691875 0.7047816375 0.528671328125 0.7653371859375 0.578303134375 0.7617236375 0.599282459375 0.7693928375 0.62320351875 0.7963718140625 0.6694402390625 0.8051306703125001
18 0.79219100625 0.484120140625 0.7821255359375 0.4787390203125 0.780880571875 0.45324315468750004 0.742943353125 0.4382796953125 0.7410529593749999 0.46919301406249997 0.75748985 0.49039741406250004 0.7977832375 0.520808275 0.8342488156250001 0.5261169625 0.8812662703124999 0.5140107281249999 0.8906754328125001 0.49775789374999996 0.83643508125 0.49713436250000004 0.79219100625 0.484120140625
18 0.6694402390625 0.8051306703125001 0.7208049609375 0.8042167046875001 0.7434480046874999 0.796813678125 0.7346858171874999 0.75665709375 0.7572612078125001 0.7314820203125 0.757646909375 0.6820277875 0.67422065 0.6285542390625001 0.6369051406249999 0.626338828125 0.636746115625 0.6599519671875 0.53297311875 0.6896004109375 0.514316909375 0.68849246875 0.48912562031249995 0.705175096875 0.528671328125 0.7653371859375 0.578303134375 0.7617236375 0.599282459375 0.7693928375 0.62320351875 0.7963718140625 0.6694402390625 0.8051306703125001
19 0.08714386562500001 0.3465863765625 0.0656781359375 0.361713221875 0.0042142609375 0.3621727453125 0.005954140625 0.5116975984375001 0.0251323859375 0.6415442015624999 0.11798998281249999 0.609607915625 0.17633071250000001 0.48117829375000004 0.26961948593749996 0.48671682031249996 0.2663142265625 0.447704275 0.29323688593749997 0.4337214703125 0.35976047968749997 0.4196298984375 0.3654110296875 0.396046703125 0.3544295234375 0.37598657812499997 0.2574167375 0.372003596875 0.1679542265625 0.3915674765625 0.1696194890625 0.376495015625 0.125569034375 0.3387535578125 0.08714386562500001 0.3465863765625
19 0.29863549375 0.4951368359375 0.29899747187500003 0.5148398375000001 0.28165233437500004 0.55700004375 0.27979499375 0.5967995046875 0.25810413125 0.6277672062499999 0.35178793750000004 0.6618948765625 0.37848237500000004 0.6637533999999999 0.4423017890625 0.692554096875 0.4546180875 0.6867251359375001 0.4962038796875 0.6043173921875 0.49630458437499997 0.63097558125 0.5363021 0.659455721875 0.5930906953124999 0.6507996546875 0.6087705718749999 0.623711909375 0.603178340625 0.5870237781250001 0.5475246703125001 0.5164741453125 0.52249240625 0.49954363281249997 0.332837821875 0.4336127046875 0.2964068421875 0.43718992031250004 0.2712155515625 0.453872546875 0.2678189203125 0.46624518750000005 0.273637828125 0.48709222968750004 0.29863549375 0.4951368359375
20 1 0.7104665578125 0.9782552843750001 0.708178478125 0.9857234187499999 0.691002821875 0.9806884890625 0.698413765625 0.978922521875 0.686828040625 0.9413126843749999 0.682681675 0.9290624921875 0.70628291875 0.8759994546875 0.7133832046874999 0.859866225 0.772153134375 0.9134156687500001 0.7422568046875 0.94445891875 0.7553073593749999 0.9954962593750001 0.7435762984375 1 0.746755440625 1 0.7104665578125
18 0.8992311531249999 0.7098420859375 0.9339307640625 0.7035650484375 0.9372943421875 0.6823062656250001 0.8827581203125 0.679752015625 0.8774034421874999 0.7052659296875 0.8992311531249999 0.7098420859375
18 0.8329124796875 0.5520062859375 0.8881948375000001 0.524809540625 0.8927357265625 0.5112745750000001 0.8388573578124999 0.5303540453125 0.828270884375 0.5388830625 0.8329124796875 0.5520062859375
18 0.716764865625 0.6477550171875001 0.7398044859375 0.6689408968749999 0.772217125 0.664988271875 0.790704978125 0.6216659765625 0.716764865625 0.6477550171875001