9 1 0.301166075 0.9967461765625 0.30027130468749996 0.9665550984375001 0.262530915625 0.9771221703125 0.224708925 0.9588808390624999 0.2162821578125 0.95320885 0.1903405734375 0.914118146875 0.17574940781249998 0.9014561343749999 0.14925706249999998 0.91733158125 0.150918984375 0.9134339109375 0.1300514109375 0.898028575 0.134595434375 0.8782550812500001 0.112067434375 0.787867565625 0.08685908906249999 0.7821781453125001 0.08247336093749999 0.7724237828125 0.0827580078125 0.774802378125 0.0868520046875 0.7662392125 0.07571863749999999 0.765180821875 0.07540570937499999 0.7588304828125 0.073528146875 0.7418962421875 0.0685213125 0.7408378531250001 0.068208384375 0.7344875140625 0.066330821875 0.693738934375 0.1773197578125 0.7196700546875 0.06194984218750001 0.7027358140625 0.05694300625 0.691093525 0.053500809375 0.6826264046875 0.05099739062500001 0.6773344546875 0.04943275625 0.6614586046875 0.0447388484375 0.6561666546875 0.043174212499999996 0.6666512124999999 0.049827381250000004 0.663954084375 0.05325588437499999 0.5366432140625 0.0156147234375 0.4809780703125 0.013995032812499999 0.48032847656250005 0.014130284375 0.47238365 0.0254295171875 0.477827309375 0.036139434375 0.4244856125 0.0779962328125 0.38203161093750004 0.1412713703125 0.3039783484375 0.2971463984375 0.3070422953125 0.3253503546875 0.28666303125 0.3253919046875 0.21954045312499998 0.429902615625 0.191294828125 0.5095109421874999 0.124171871875 0.61402315 0.112058434375 0.662004296875 0.0934392859375 0.6913802390625 0.08076306875 0.6891482796874999 0.06960443125 0.7252794312499999 0.027634743750000003 0.770500128125 0.0138701625 0.7946210953125 0.015354875 0.8796802234375001 0.302517440625 0.9685463921874999 0.315436190625 0.961749634375 0.3075051921875 0.948789978125 0.35939356875 0.961097996875 0.3687494796875 0.9684136046875 0.3650655578125 0.9870395796875 0.43994086250000003 0.9970451734375001 0.44165950781249996 1 0.897675746875 1 1 0.5968743484375 1 0.301166075
20 0.6905697578125001 1 0.713485625 0.945983059375 0.6901426015625 0.7479949609375 0.7010874890625 0.67237025625 0.6871070625 0.6712702328125 0.662139134375 0.8185760656250001 0.64826558125 0.8372228156249999 0.603973 0.8028960125 0.5616542796874999 0.837397153125 0.4938190578125 0.9447306359375001 0.48905925625 0.9797202140625 0.5005184890625001 1 0.6905697578125001 1
20 0.6752783953125 0.6374430015625 0.769898784375 0.7184973640625001 0.7975886937500001 0.7782469015625 0.9660795296875 0.764368534375 0.9916102359375 0.6672758062499999 0.901871103125 0.5467167578125001 0.871894153125 0.5484684203125 0.8657232703125001 0.564843159375 0.8526976421875 0.5518931421875 0.7846770796875 0.5712123046875 0.6752783953125 0.6374430015625
19 0.5019280953125 0.0493304953125 0.4740886984375 0.0426153375 0.429632046875 0.08558479687500001 0.329290296875 0.2651998625 0.31267341875 0.31488298124999997 0.32650398125 0.3690188828125 0.34497364375 0.39267732031249997 0.390947496875 0.388072471875 0.424608746875 0.367693334375 0.462758853125 0.36987410781249996 0.529019303125 0.32122055 0.561512003125 0.2731978546875 0.5795821984375 0.16934991875 0.5720293953125 0.118586053125 0.558896896875 0.085889259375 0.5019280953125 0.0493304953125
19 0.2903845546875 0.338624515625 0.227294928125 0.43522880468749997 0.2055692203125 0.5091819484375 0.2685874453125 0.53388108125 0.3123314546875 0.49373439531249996 0.3446100296875 0.40621964843749997 0.313614015625 0.3272933734375 0.2903845546875 0.338624515625
19 0.32942550625 0.6398281906250001 0.4056334296875 0.600181078125 0.4409901546875 0.516609903125 0.42834234687499995 0.4658571734375 0.3856888 0.465378371875 0.37279883593749996 0.4236528625 0.33534678906250004 0.4429112 0.295244090625 0.537213065625 0.27462304843749996 0.5462803375 0.2920022484375 0.610564259375 0.32942550625 0.6398281906250001
19 0.172535009375 0.6723021218749999 0.241724121875 0.680626515625 0.26994133593749997 0.649538959375 0.30395161718749997 0.6398793781250001 0.2650246046875 0.547993446875 0.22061132031250003 0.51817875625 0.1905129125 0.524445525 0.1278933953125 0.6272557625 0.1233757515625 0.65321811875 0.1365082515625 0.6859149125 0.172535009375 0.6723021218749999
19 0.629475371875 0.35092173125000004 0.6283210265625 0.2990177875 0.5880191609375001 0.329564221875 0.5668846390625 0.40520969687499997 0.5721930140625 0.44469360937499997 0.5991990671874999 0.458743653125 0.619941565625 0.4451612734375 0.6467619 0.3711984921875 0.629475371875 0.35092173125000004
19 0.7770387453125001 0.2626099234375 0.8542511484374999 0.32790263125 0.9205687906250001 0.182206034375 0.871559021875 0.1100876546875 0.7969258734375 0.0910548421875 0.7729127453125 0.22651068125 0.7770387453125001 0.2626099234375
2 0.6268388484375 0.805107196875 0.619756153125 0.760549275 0.45799898125 0.8082660109375001 0.42301969531249994 0.8540359703125 0.40117253125 0.9325042187499999 0.49964091093749996 0.9176363421874999 0.5611841703125 0.8311912078124999 0.5956791421875 0.8034756890624999 0.6268388484375 0.805107196875
19 0.23692170781250002 0.7883972499999999 0.22636846249999998 0.8019603515625 0.22207914999999998 0.8431543781249999 0.2380614703125 0.8645630750000001 0.28283874375 0.8808339421875001 0.3302378875 0.870583546875 0.3514646984375 0.838946728125 0.34842953906249996 0.762220503125 0.328171353125 0.757748440625 0.311326525 0.7921983953125 0.27366073125 0.7719631812500001 0.23692170781250002 0.7883972499999999