31 0.4842029484375 0.6248572984375 0.4645223890625 0.6309181671874999 0.44706266406250006 0.6476395562499999 0.4436614125 0.660033428125 0.44522380000000006 0.6688360609374999 0.458275846875 0.6792588453125 0.47281901406250004 0.685094859375 0.47132765781249997 0.68968008125 0.480248503125 0.6972479015624999 0.51041253125 0.70755903125 0.521657175 0.7040954234375 0.5315844484375 0.6969129421875 0.5391169 0.687374034375 0.542101159375 0.678203371875 0.5381437140625 0.667042765625 0.5346729796874999 0.6660485656249999 0.5265848046875 0.652036090625 0.5183241875 0.646327490625 0.515686125 0.6388886312500001 0.4985031140625 0.62561243125 0.4842029484375 0.6248572984375
31 0.4155102390625 0.6202216984375 0.4103033640625 0.618730509375 0.399058721875 0.6221941171875 0.389131446875 0.6293765984374999 0.39003337031249996 0.6363184640624999 0.417385346875 0.6474948328125001 0.4455005140625 0.638838471875 0.46469614375 0.622612525 0.4780941515625 0.6164242437499999 0.482814553125 0.6077505734375 0.48298676093750004 0.5994451484375001 0.4781968765625 0.594730746875 0.46257625312500006 0.590257178125 0.45695393125 0.5919889828125 0.4528229671875 0.5891355640625 0.44654018281249996 0.589006603125 0.439424959375 0.5953238468750001 0.42106331093750005 0.6051033703125 0.4156842296875 0.6119176046875 0.42179302500000004 0.6203506609375 0.43154654531250003 0.6214738203125 0.4283190484375 0.6255620515625 0.4181485359375 0.627662103125 0.4155102390625 0.6202216984375
23 0.287318396875 0.4214211875 0.25694891875 0.4544970484375 0.2516375375 0.474698025 0.2536863984375 0.49366551718749996 0.2712516140625 0.5388002921874999 0.289093309375 0.5539359312500001 0.29777091875 0.55642131875 0.306205290625 0.5538242765625 0.330363246875 0.53400885625 0.33980381249999997 0.5166599671875 0.35039000468750003 0.5113384703125 0.367189265625 0.4927563140625 0.36191290781249996 0.477877053125 0.377323534375 0.4421866234375 0.3646176875 0.41515432187499995 0.3740584859375 0.3978069796875 0.3679494546875 0.389372378125 0.32372896875 0.38339163906249996 0.3075189078125 0.390445159375 0.287318396875 0.4214211875
23 0.6632709875 0.5274287734375 0.6652488203125 0.5330084125 0.6598697359375 0.5398226453125 0.6195019546875 0.5666931328125 0.62502155 0.586654825 0.628492284375 0.5876490234375 0.6431762015625 0.6202625125 0.6388727921874999 0.625712971875 0.6401919421875 0.6294331734374999 0.6460575015625001 0.6327838 0.6713606171875 0.624992675 0.6840997062499999 0.6169434093749999 0.6881598765625 0.6064105203125 0.6855218171875 0.5989716640625 0.69017273125 0.5769099203125 0.6862152859374999 0.5657493140625001 0.6882281406249999 0.5362487140625001 0.68510336875 0.5186434484375 0.67361394375 0.5170248453124999 0.6679913875 0.518755103125 0.6632709875 0.5274287734375
13 0.594578278125 0.522793171875 0.5913507796874999 0.526881403125 0.6000978734375 0.5427548640625 0.590900546875 0.5651861828125 0.592879925 0.570765603125 0.6166901390625 0.5675599171875 0.657057921875 0.5406894296875 0.6624370046875 0.533875196875 0.6641036609375 0.520984115625 0.6545223484375 0.5115555296875 0.6395621890625 0.5089427265625 0.6142590734375 0.5167338515625 0.605164471875 0.517471675 0.6030126499999999 0.52019613125 0.594578278125 0.522793171875
31 0.657057921875 0.5406894296875 0.6545223484375 0.5115555296875 0.5917664625 0.5236599562500001 0.590900546875 0.5651861828125 0.6166901390625 0.5675599171875 0.657057921875 0.5406894296875
31 0.30296949687499997 0.3072635265625 0.2859964828125 0.334151325 0.318035384375 0.3717340421875 0.3017225984375 0.40048105625 0.350977984375 0.41625995624999995 0.39762700781250004 0.389518646875 0.413803590625 0.4175451484375 0.4748568140625 0.3698637109375 0.485373525 0.351154140625 0.47152382656249997 0.312095778125 0.42212816249999996 0.2695425 0.349133590625 0.270357140625 0.30296949687499997 0.3072635265625
33 0.30296949687499997 0.3072635265625 0.2859964828125 0.334151325 0.318035384375 0.3717340421875 0.3017225984375 0.40048105625 0.341883384375 0.416997778125 0.4004388234375 0.3886518625 0.413803590625 0.4175451484375 0.4819720390625 0.3635464671875 0.47152382656249997 0.312095778125 0.42212816249999996 0.2695425 0.35194386093749996 0.2694905734375 0.30296949687499997 0.3072635265625
33 0.44895896718749995 0.2220841515625 0.44170323125 0.20162546718750002 0.40921386249999997 0.2023459828125 0.3723183609375 0.2302104515625 0.4640943375 0.2999427375 0.49575103125000003 0.30566688124999997 0.5483366421875 0.295664053125 0.554235678125 0.26393465781250003 0.44895896718749995 0.2220841515625
19 0.3797185953125 0.44454459843749994 0.37052103281250004 0.46697437031250005 0.3896818765625 0.485830209375 0.34178318750000003 0.5222393875 0.42196401406249995 0.5284953578125 0.4525767296875 0.5005019265625 0.4919383203125 0.48838328593749997 0.5322726249999999 0.49659281875000005 0.5502172796875 0.490036509375 0.5547304484375 0.5247485000000001 0.5868028265625 0.5272511984375 0.62980866875 0.5078195671875 0.618838959375 0.4812842546875 0.5857617 0.4935316390625 0.5932565999999999 0.43552485625 0.616927846875 0.40554302656249996 0.6181080265625 0.38248708593749997 0.5697185546875 0.3251819609375 0.5556618624999999 0.32951080625 0.5392113296875001 0.41503155625000004 0.5106096859375 0.41352305781250004 0.54119070625 0.42061097812500003 0.5336584906249999 0.4301514328125 0.4992607734375 0.4386803796875 0.45222800156250004 0.43356333124999996 0.48565276874999996 0.4047046640625 0.49245527187500004 0.37991691875 0.477668865625 0.368998475 0.4106455765625 0.43502145312499996 0.3797185953125 0.44454459843749994
18 0.542101159375 0.678203371875 0.5412684859375 0.6846480296874999 0.5315844484375 0.6969129421875 0.5166950828125 0.7076864453125 0.516278090625 0.71090965625 0.5280109890625 0.7176122375 0.529988821875 0.7231918765625001 0.5382509843750001 0.728900259375 0.5610547718750001 0.740444875 0.5662616453125 0.7419360640625 0.5718855125 0.7402040421875 0.5908365953125 0.71889743125 0.5938208546875 0.7097267703125001 0.5851430093750001 0.7072398343749999 0.563067625 0.710944275 0.5783739828125001 0.6969475593750001 0.5902806359375 0.6953445 0.60641943125 0.674901578125 0.60593295625 0.6647367187500001 0.5896536484375 0.6584037125 0.578824215625 0.6586427796875001 0.5740345687499999 0.653929925 0.5653569593750001 0.6514445375 0.5541105359375 0.654906815625 0.5374850296875 0.6651833296875 0.542101159375 0.678203371875
18 0.60405785 0.6374635843750001 0.5980185359375 0.6424186 0.6006565968750001 0.64985745625 0.5980880187500001 0.655806671875 0.5976723374999999 0.65902811875 0.60593295625 0.6647367187500001 0.6298142 0.6749188875 0.6354380640625 0.673186865625 0.6397414734375 0.66773640625 0.6466829421875 0.669724803125 0.655118859375 0.6671275453125001 0.664316421875 0.6446977734375 0.6631694828125 0.632672146875 0.6579626078125 0.6311809562499999 0.6460575015625001 0.6327838 0.6349850671875 0.627941984375 0.60405785 0.6374635843750001
18 0.6571244046875 0.47052629531249995 0.6515020812500001 0.4722580984375 0.639423221875 0.4821665828125 0.635778734375 0.4894780265625 0.63536150625 0.492699690625 0.64775486875 0.5012630375 0.6737876968750001 0.508719203125 0.7051996109374999 0.5093611359375 0.7298440421875 0.4997105734375 0.7401883078125 0.48930488125 0.7375484671875 0.48186469374999996 0.72779518125 0.48074308125 0.7115156375 0.474408528125 0.689857246875 0.474889759375 0.6571244046875 0.47052629531249995
18 0.483185696875 0.30541050468750003 0.4775631390625 0.3071407609375 0.47433433281250004 0.311230759375 0.4778758609375 0.325611265625 0.47943824687500003 0.3344138953125 0.48835909375000003 0.341981715625 0.49099739062500003 0.3494221203125 0.5236589687500001 0.34039618125 0.53275356875 0.3396583578125 0.5379604453125 0.3411495484375 0.5432368015625 0.35602880937500003 0.5505955 0.35479554375 0.5538229953125 0.3507073125 0.5505244703125001 0.3414076890625 0.552191128125 0.3285166078125 0.5495528296875001 0.32107620312499996 0.551704653125 0.318351746875 0.54642829375 0.3034724859375 0.54229709375 0.300617521875 0.53080766875 0.2989989171875 0.50203381875 0.3057958421875 0.483185696875 0.30541050468750003
33 0.4859975109375 0.3045437203125 0.4775631390625 0.3071407609375 0.47433433281250004 0.311230759375 0.4778758609375 0.325611265625 0.47943824687500003 0.3344138953125 0.48290898281250005 0.3354080953125 0.4848868140625 0.34098773437499996 0.4900936890625 0.342478925 0.5063037484375 0.335425403125 0.51539835 0.33468758125 0.524075959375 0.33717297031250004 0.519112321875 0.3407642109375 0.5208469171875 0.34126141875 0.535564075 0.33879333906250003 0.5414311796875 0.34214374687500004 0.5447281609375 0.35144358750000004 0.5425765734375 0.35416959062500003 0.5505955 0.35479554375 0.55316253125 0.348846546875 0.5492053218749999 0.3376874875 0.551704653125 0.318351746875 0.54642829375 0.3034724859375 0.54229709375 0.300617521875 0.53080766875 0.2989989171875 0.5195612453125 0.3024611953125 0.5041854046875 0.3030698390625 0.49575103125000003 0.30566688124999997 0.4859975109375 0.3045437203125
10 0.52647101875 0.33953094375 0.4927319859375 0.34991932812500004 0.4901647171875 0.355866778125 0.4930447078125 0.36838983125 0.5053335624999999 0.39864534375 0.513352253125 0.39926974843749996 0.5442792359374999 0.389746603125 0.54833940625 0.3792137125 0.5379604453125 0.3411495484375 0.52647101875 0.33953094375
19 0.6039025265625 0.109391025 0.579327578125 0.13242965625 0.5589533109375 0.171711328125 0.5679117109375 0.2277470203125 0.5942240187500001 0.28875525625 0.642611946875 0.3460606 0.6833616984375 0.35104713906249996 0.74354924375 0.3448934734375 0.76499941875 0.3042495765625 0.7413614140625 0.2991498375 0.7473314796875 0.280808296875 0.7412209015625 0.27237391093749996 0.7040126796874999 0.28176787812500004 0.6384419765625 0.21118788125000001 0.63920493125 0.191353603125 0.668813 0.178111803125 0.675684984375 0.166712128125 0.636704615625 0.1271410125 0.6039025265625 0.109391025
31 0.6907148656250001 0.1827145515625 0.6779060546875 0.177374196875 0.6610373125 0.1825682796875 0.6390311765625001 0.199659246875 0.6473628234375 0.2187557 0.6597544046875 0.22731771875 0.6848518359375 0.2629120390625 0.7035262046875 0.2716030171875 0.70335245 0.279908659375 0.712030059375 0.2823940484375 0.7232764828125 0.27893176875000003 0.7487533515625 0.262835003125 0.7541339812500001 0.25602055 0.751495684375 0.24858014687500002 0.7362922875 0.24088491250000002 0.7336539906249999 0.23344450781249998 0.7206021796875001 0.22302327187499998 0.6907148656250001 0.1827145515625
23 0.65622181875 0 0.6417682124999999 0.018306615625 0.6372910515625 0.032062715625 0.6414207046875 0.0349178984375 0.6343052453125 0.041233595312499996 0.6326401359375 0.054124459375 0.613272296875 0.0786558296875 0.609038371875 0.09749435937499999 0.6147317234375 0.1091504109375 0.633649328125 0.1229238203125 0.642743928125 0.12218599687500001 0.6617644953124999 0.114267459375 0.6742603468749999 0.1011357625 0.67724460625 0.0919651015625 0.674778753125 0.07622081875 0.6891829546875 0.055280690625 0.6895306984375 0.038670954687499995 0.6779715546875 0.023662729687500002 0.677311140625 0 0.65622181875 0
28 0.7415631140625 0.0886648546875 0.7190007859375 0.0822013390625 0.699632946875 0.10673270937499998 0.6797799437500001 0.1210974546875 0.7018207750000001 0.152476346875 0.723306959375 0.16030054062500002 0.7252863359374999 0.1658799609375 0.738510590625 0.167997321875 0.7485765984375 0.1875894359375 0.775513128125 0.2019887984375 0.77749250625 0.20756821875 0.7917924375000001 0.20832180312499998 0.8196976078124999 0.15950144375 0.8122696640625 0.14734818593750001 0.8159141515625 0.14003674375 0.8126158609375 0.1307386671875 0.7947739312500001 0.1156014828125 0.7415631140625 0.0886648546875
18 0.70529305625 0.153470328125 0.6815145375 0.12159466249999999 0.6763076625 0.12010347187499999 0.6657217046875 0.1254265171875 0.685264753125 0.17614093125000002 0.6983165640625 0.18656216718750002 0.7125137687499999 0.209009246875 0.7486838687499999 0.24944693125 0.757361478125 0.2519323203125 0.7939107812499999 0.24067736874999998 0.795819365625 0.23287048281249997 0.77252886875 0.2111594609375 0.763121546875 0.19342678124999999 0.7479179140625 0.1857300015625 0.7419813265624999 0.1689915203125 0.70529305625 0.153470328125
33 0.716926978125 0.3489643953125 0.7037027218749999 0.3468470359375 0.6868324328125001 0.3520413375 0.645667 0.3502762453125 0.6485485343749999 0.362799078125 0.6520192687499999 0.363793278125 0.657295628125 0.3786725390625 0.6607663625 0.3796667375 0.6627457406249999 0.385246159375 0.67555276875 0.3905851828125 0.6874594203125 0.3889821234375 0.6896112421875 0.3862576671875 0.7036679359375 0.381928821875 0.7147419140625 0.38677042031250003 0.72383520625 0.3860343625 0.7519501375 0.377376453125 0.7551791796875 0.373288003125 0.753199803125 0.3677085828125 0.7318873734375 0.3515787453125 0.7281734015625 0.3455021171875 0.716926978125 0.3489643953125
19 0.527088165625 0.1258229671875 0.53535009375 0.131529803125 0.5373281624999999 0.13711098906250002 0.5312886140625 0.14206445625 0.5341699125 0.1545857453125 0.5383011125 0.15744070937500002 0.5580511546875 0.1647679125 0.5636737125 0.16303765625 0.5765155265625 0.1332948953125 0.5872754734375001 0.11966775468749999 0.5874492296875 0.1113621140625 0.5917526375 0.1059116546875 0.59258661875 0.09946523125 0.58456793125 0.0988408265625 0.5389237890625 0.110832053125 0.52858106875 0.121237528125 0.527088165625 0.1258229671875
18 0.5373334546875 0 0.53597000625 0.0013714859375 0.5325687546875 0.013765359375 0.5361089734375 0.0281476296875 0.5587420953125 0.047997450000000004 0.5749171343749999 0.07602416875 0.5870670234375 0.07950353906249999 0.601123953125 0.07517624218749999 0.6291694 0.05313026093749999 0.637463259375 0.0237572921875 0.650792021875 0.0041824859375 0.6548224968749999 0 0.5373334546875 0
9 0.5449768828125 0 0.53627416875 0.0110229921875 0.545750975 0.042143743750000004 0.4890344015625 0.0492931546875 0.46859041562500003 0.07518520468749999 0.5246135203125 0.10125814375 0.4925079015625 0.13383701406249998 0.4977842609375 0.148716275 0.520935553125 0.1436496078125 0.5600231953125 0.24507821718749997 0.656452853125 0.3762984203125 0.6180976890625 0.3736667609375 0.5867190171875001 0.3379432625 0.5672122125 0.33569848750000003 0.5480846109375 0.28176107968749997 0.566029265625 0.27520476875 0.5638081953125 0.26454270156250004 0.48067504375 0.2323775890625 0.48650459531249995 0.1872601234375 0.46789971093749994 0.191957215625 0.45564840625 0.21016957500000003 0.4168070046875 0.197374603125 0.377932125 0.2196596515625 0.325139284375 0.27304814374999997 0.2851552515625 0.3317769875 0.3120567609375 0.3812565875 0.258257728125 0.449396925 0.2528451671875 0.49129118125 0.27238821406249997 0.5420055953125 0.3905112859375 0.6376643296875 0.5324445718749999 0.73011738125 0.577811996875 0.74812374375 0.6031151125 0.7403326203125 0.6164436390625 0.7207562671875001 0.6012400062500001 0.7130594875 0.6243915343750001 0.7079943656250001 0.6037393359375 0.693723746875 0.6322699484375 0.681844390625 0.6843343859375 0.6132068453125 0.68492105625 0.5181300953125 0.7386866125 0.485069778125 0.6537145953125 0.4741011734375 0.6641615859375001 0.44200198437499993 0.6919640312500001 0.41487511875000005 0.6879357921875 0.39032820625000003 0.7460757859375 0.365205284375 0.7331977281250001 0.34647840625000004 0.7661360203124999 0.307454878125 0.7474616515625 0.2987638984375 0.74169881875 0.2737197765625 0.7860570515624999 0.2229267796875 0.7746718968749999 0.19961446249999998 0.7920603578125001 0.1695036703125 0.7817511140625 0.144829125 0.7953908171874999 0.143723490625 0.808339903125 0.1758382234375 0.816704790625 0.15985311093750001 0.7911208843749999 0.11409392968750001 0.6990681953125 0.074359234375 0.727216603125 0.0306213046875 0.7070493328125 0.026515764062500002 0.7015237203125 0 0.5449768828125 0
8 0.5332107890625 0.552004325 0.5298095359375 0.5643981984375 0.5123513578125001 0.5811193703125 0.48770715937500003 0.590771478125 0.4958648171875 0.6181720265624999 0.5184963953125 0.638022065625 0.5285641828125 0.6576155109374999 0.537900475 0.6619603359374999 0.543524578125 0.6602298609374999 0.5588309359375 0.6462331453125 0.5633080984375 0.6324770453124999 0.561676228125 0.610286340625 0.581044303125 0.5857565171875 0.5885054875 0.562828209375 0.5971136140625 0.5519255249999999 0.593989078125 0.5343218078125 0.57076651875 0.5259990734375 0.5519199421875001 0.5256135203125 0.535049653125 0.5308078203125 0.5324826218750001 0.5367568171875 0.5357796015625 0.5460566578125 0.542722615625 0.5480448390625 0.5423053890625 0.5512665015625 0.5332107890625 0.552004325
22 0.550634271875 0.48681329531250006 0.5415396703125 0.4875511203125 0.538312171875 0.4916393515625 0.534564721875 0.5206427421875001 0.53546688125 0.5275861546875 0.549108128125 0.5264803046875 0.55053 0.5085070109375 0.5541744890625 0.5011955671874999 0.5521966578125 0.495615928125 0.55434824375 0.49288992499999995 0.550634271875 0.48681329531250006
8 0.4424800125 0.5995394921874999 0.44397291406250006 0.594954053125 0.43661445312499997 0.5961888671875 0.41891148906250003 0.607827825 0.41981519218749996 0.614771021875 0.4280758109375 0.620479621875 0.4332826859375 0.6219708109375001 0.43890500625 0.6202390062500001 0.44793012499999996 0.6061131125 0.44445784374999997 0.60511913125 0.4424800125 0.5995394921874999
8 0.45493831093750003 0.537939921875 0.4615353640625 0.5565391671875 0.450532415625 0.565085425 0.4425829734375 0.57784754375 0.44678341875000005 0.5940890343749999 0.4548023453125 0.5947149859375 0.46604853281249997 0.591251159375 0.4905192125 0.589906240625 0.5073879546875 0.5847121578125 0.5216184015625001 0.57207766875 0.5313024390625001 0.559812759375 0.53098971875 0.5413422578125 0.53463420625 0.5340308140625 0.530676996875 0.5228717546875 0.5373057453125 0.50638965 0.530536484375 0.49609582812499997 0.5194640515625 0.49125401249999995 0.4919383203125 0.48838328593749997 0.45820083125 0.498771453125 0.44827355625000004 0.505953934375 0.43858951875 0.5182188437499999 0.44188804687500005 0.5275184687500001 0.45858303593749994 0.5306300265624999 0.45493831093750003 0.537939921875