10 0.0353764 0.7396093765625 0.026013275000000002 0.7320952109375 0.0154084453125 0.735718303125 0.023773017187500002 0.7857528375 0.03624450625 0.7794897671875 0.06492234218750001 0.7937942734375001 0.0744353984375 0.7905434046875001 0.0767761796875 0.792421946875 0.0927292609375 0.7856319109375 0.0991674921875 0.7820916140625 0.102977884375 0.7633803140625 0.11366375 0.7436576640625 0.1095693625 0.7316644953125 0.0990349515625 0.7232104953125 0.0848418765625 0.7227038921875 0.0753288203125 0.7259547609375 0.068743975 0.7228496 0.0497194078125 0.7293509453125 0.044889454687500004 0.736358509375 0.0353764 0.7396093765625
10 0.177025521875 0.7487880734375 0.1855174734375 0.7338338531249999 0.2203498 0.7138951109375 0.22781553593749998 0.7046469015625 0.21802154843750002 0.6597812937499999 0.2145097328125 0.6569644343750001 0.1910924578125 0.6730022921875001 0.1773366265625 0.6750246359375 0.16913838750000001 0.68586156875 0.1581621265625 0.6922910156250001 0.1345964609375 0.7190935171875 0.1253738015625 0.7356375890625 0.1148347828125 0.74459598125 0.1127828578125 0.7560110328125 0.1104420765625 0.7541324921875 0.1048798765625 0.7627302953124999 0.1088289375 0.7680761031250001 0.1211215609375 0.7692323375 0.13019582968750001 0.763452909375 0.13634214218750002 0.7640310265625 0.177025521875 0.7487880734375
31 0.36622253125 0.811358584375 0.370908953125 0.797704790625 0.3701797703125 0.7818830250000001 0.37223169375 0.7704679734375001 0.36828238125 0.7651206515625 0.3530618 0.7703219609375 0.34442631874999996 0.7786299484375 0.331109528125 0.78318236875 0.3226175765625 0.7981365874999999 0.32612478437500003 0.8183658406250001 0.328904353125 0.8227729406250001 0.3394385125 0.8312254250000001 0.35539005156250003 0.8244357765625001 0.36622253125 0.811358584375
20 0.606231784375 0.725319665625 0.6107682750000001 0.722430903125 0.6158932296875 0.7113041531250001 0.6137087625000001 0.663838084375 0.6161994765625 0.6549515921875 0.611814946875 0.6296667359375 0.6008432890625001 0.6186837890625 0.592356196875 0.61622713125 0.5709893046875 0.6208503234375 0.5642558171875 0.6285082921875 0.5576676546875 0.6428136203125 0.5570804765624999 0.65104970625 0.55971165625 0.666221453125 0.566146821875 0.6800931625 0.567461640625 0.687679228125 0.565998434375 0.69085780625 0.5683392140625 0.6927363484375 0.5727224546875 0.718023109375 0.58603618125 0.73088269375 0.5921824921875001 0.7314608109375 0.606231784375 0.725319665625
20 0.5689882609375 0.4233288203125 0.531234359375 0.41480261250000006 0.509869009375 0.41942541875000006 0.49582457812499997 0.40815568593749996 0.48718755312499995 0.4164640609375 0.48484345468749995 0.431996009375 0.5220007125 0.4835815734375 0.6137373937499999 0.541958559375 0.6629014843750001 0.563994759375 0.6615866671874999 0.5564086921875 0.683985903125 0.511255478125 0.68413429375 0.5004908328125001 0.67155306875 0.4860425234375 0.65253310625 0.4751314765625 0.6256086203125 0.4709400796875 0.610541290625 0.44796586875 0.5689882609375 0.4233288203125
20 0.3538070875 0.7164994765625 0.339901325 0.7292868546875 0.3242435 0.7319592171875 0.3041929671875 0.7441680890625 0.26907024375 0.750813628125 0.2507733171875 0.7731371265625 0.24286547656250002 0.797267265625 0.226620475 0.8081757140624999 0.221784375 0.8325960578125 0.2231007359375 0.8401817359375 0.2350981015625 0.84545564375 0.2700754984375 0.83216274375 0.3363782671875 0.778703365625 0.37545311406250004 0.7599916296875 0.3858470609375 0.7443873921875 0.37634347031250004 0.7128149890625 0.3728314015625 0.7099966125 0.3538070875 0.7164994765625
25 0.24755189843749997 0.7836134718750001 0.24813907500000001 0.7753773859375 0.256046915625 0.751247246875 0.2652695734375 0.734703175 0.2662955359375 0.72899565 0.2627883265625 0.708766396875 0.254155909375 0.6996623765625001 0.24991313437499998 0.6984338546875 0.236594546875 0.7029851453125 0.21698305625 0.7177240953124999 0.19268820625 0.7287048328125 0.1840527234375 0.7370128203124999 0.180831053125 0.7474876484374999 0.1796567 0.7639598171875 0.18184909062500001 0.7766030046875 0.1942806375 0.8018178640625001 0.2090591140625 0.8114984828124999 0.22398469062499998 0.8104163609375 0.24096348281250002 0.797917284375 0.24755189843749997 0.7836134718750001
20 0.09129775 0.649518959375 0.0854451546875 0.644823559375 0.079298840625 0.644245440625 0.07783563437499999 0.6474240203125 0.072128109375 0.6493744625 0.0631973703125 0.6618001203125 0.0634877671875 0.6750933265625 0.083530375 0.6977073359375 0.0867487296875 0.704642996875 0.11234892968750002 0.736071596875 0.118201528125 0.7407669968749999 0.1208360234375 0.7385282546874999 0.123470265625 0.7362879953125 0.13401260312500002 0.7099191140625 0.1269902578125 0.7042834890624999 0.1233346609375 0.69481888125 0.10387922812499999 0.6639687859375 0.09129775 0.649518959375
23 0.12968089375 0.7042649203125 0.13787452656250002 0.710840378125 0.1481182875 0.70599965625 0.157049028125 0.6935739984375 0.173294028125 0.6826655500000001 0.1784189828125 0.6715388 0.17549895 0.6430734609375001 0.170522384375 0.6434355671875001 0.1604236953125 0.6549221328125 0.1295452890625 0.6627958046875 0.1054036890625 0.645601021875 0.09999294375 0.6260221734375 0.10204486875 0.614607121875 0.1002912640625 0.6044924953125 0.10380308125 0.60730935625 0.10321922187499999 0.5981349515625001 0.0997086953125 0.5953161875 0.0901958921875 0.598568571875 0.0811167640625 0.621758875 0.084186728125 0.63945918125 0.10379055 0.6595446328125 0.12968089375 0.7042649203125
18 0.098766803125 0.6228602609375 0.10140590625000001 0.603209125 0.09892005312499999 0.5946847390625 0.0894069984375 0.59793560625 0.08457704687499999 0.60494316875 0.08135383125 0.6154183843750001 0.0826701921875 0.6230040640625 0.0861807203125 0.625822828125 0.098766803125 0.6228602609375
25 0.176918546875 0.585439434375 0.175305409375 0.5993830453125 0.1798304046875 0.6487261390625 0.17865605 0.665198309375 0.1830441515625 0.6730741921875001 0.1937267 0.67076203125 0.2126077390625 0.657614453125 0.2162679453125 0.6496666671875 0.21481111875 0.61802275 0.2190715375 0.5496066374999999 0.2146834359375 0.541730753125 0.1808849984375 0.5211390890625001 0.17707946875 0.5224395125 0.17385805000000001 0.53291585625 0.17428736875 0.5702676875 0.176918546875 0.585439434375
30 0.23899745156250002 0.4436937625 0.23768263437499998 0.4361076953125 0.239145840625 0.432929115625 0.2346142109375 0.4184070015625 0.22949386249999998 0.41212135937500005 0.224960690625 0.39759963125 0.22144862187499997 0.39478125468749997 0.21574109687499998 0.3967316984375 0.21208089062500002 0.4046794828125 0.2119325 0.415444128125 0.2060765875 0.42815921718750005 0.188060590625 0.49859919062499997 0.1924438296875 0.5238859515625001 0.2021019578125 0.5272809265625 0.20473645468749999 0.5250421843749999 0.2113246171875 0.5107368546875 0.21703214218750003 0.5087864125 0.2225945953125 0.500190125 0.23899745156250002 0.4436937625
25 0.1557506734375 0.3703599109375 0.14008338125 0.40785554375000005 0.1298268375 0.46493002499999997 0.119578215625 0.487181621875 0.1165003265625 0.5043042 0.12015746875 0.5137684203124999 0.1283510984375 0.5203438796875 0.13874018593749998 0.5221505171875 0.148983946875 0.5173097984374999 0.160406921875 0.47858602812499995 0.160118065625 0.46529243749999993 0.176513 0.44361895625000003 0.19101231875 0.3877729984375 0.202286903125 0.359813875 0.1962905234375 0.3484707265625 0.17039531875 0.3211613140625 0.1557506734375 0.3703599109375
18 0.1671166375 0.575396709375 0.1706269109375 0.57821395625 0.1732629484375 0.5759748250000001 0.17444522499999998 0.524679771875 0.1785442171875 0.519260546875 0.18702976875 0.5217175921874999 0.19025298125 0.5112423765624999 0.18674422968749999 0.4910135109375 0.1882089796875 0.48783454531250003 0.1832370203125 0.4707842578125 0.190565609375 0.42006732187500007 0.1876425109375 0.4090139890625 0.1835432671875 0.41443169687500003 0.174316 0.4483881625 0.163778525 0.45734616875 0.158653315625 0.46847140156249995 0.160406921875 0.47858602812499995 0.156453 0.4906510984375 0.1552786484375 0.5071232703125 0.149861521875 0.5223669171875 0.158777934375 0.5621754046875 0.1671166375 0.575396709375
9 0.5256021125 0.7193932249999999 0.5646787546875001 0.7006826171875 0.5836954000000001 0.7290041515625 0.6035975421875001 0.727559925 0.6271632078125 0.700757421875 0.641061046875 0.722792928125 0.8976087625 0.6217267609375 0.9344930140625 0.5903729671875 0.9466484890625001 0.5500604734375 0.9396340703125 0.5096019671875001 0.9119898671875 0.45476553593749997 0.8979594875 0.37384890937500004 0.880845090625 0.3448788734375 0.8881657531249999 0.3289848203125 0.8773552703125 0.2550034671875 0.8919950578125 0.223215746875 0.8624567828125 0.1342064515625 0.803194003125 0.12365681718749999 0.7478726124999999 0.1532773890625 0.6928492890625 0.1613667671875 0.6569910015625 0.187013034375 0.5918756234375 0.171768 0.5677212390624999 0.20680697499999998 0.5270409234375 0.20463792343749998 0.5123995953125 0.23642603125 0.4793287984375 0.23165651718750002 0.4636551265625 0.30397464531249996 0.4475697546875 0.2518850765625 0.42093898437500005 0.2435763953125 0.3242093828125 0.255204246875 0.27591008125 0.29045892812499996 0.25528055156249996 0.27608251875 0.2324425265625 0.3187071734375 0.207271646875 0.32463040468750004 0.19892502031249998 0.34623198125 0.1727361 0.32303985625 0.1566315640625 0.3580065421875 0.14127051875000002 0.339149615625 0.12136837656249999 0.3405938421875 0.0964832875 0.3772226703125 0.0967688234375 0.40792675312500004 0.05169605468750001 0.4152957265625 0.060459217187500004 0.48327973750000003 0.08226003750000001 0.4985959796875 0.11416440624999999 0.48501478125 0.1295205921875 0.521282584375 0.117079578125 0.530890996875 0.11194824218749999 0.5768402421875 0.07505913125 0.6256049124999999 0.087640609375 0.6400547390625 0.062172950000000005 0.667507259375 0.09669417031250001 0.721331953125 0.0154786671875 0.7361383515625 0.0233184734375 0.783033884375 0.0691666609375 0.7950224078125 0.1464329078125 0.78736734375 0.17746124531250002 0.7687286390625 0.189599075 0.79806078125 0.2225214828125 0.813594940625 0.2207599546875 0.8383031953125 0.2331961078125 0.8461056609375 0.27124678750000003 0.8331025796875 0.3191073015625 0.7953193390625 0.34134050625 0.8305754078125 0.3758839765625 0.7973430718750001 0.411001840625 0.8081084109375001 0.433107615625 0.7670739984375 0.45740246406249996 0.7560932609375 0.483152596875 0.7767568265625 0.5256021125 0.7193932249999999
18 0.094870146875 0.39116628124999997 0.09984210624999999 0.40821656875 0.1080339421875 0.41479089843750006 0.119887778125 0.41341857343750005 0.12222855937499999 0.4152971140625 0.1324741171875 0.410457521875 0.1447698046875 0.39420175 0.15531213906250002 0.36783286875 0.15224371875 0.350132175 0.14712336875 0.3438465328125 0.132344640625 0.33416439531250003 0.11419764375000001 0.3457228625 0.10936615000000001 0.3527308125 0.0950185375 0.3804016359375 0.09633489687499999 0.387987315625 0.094870146875 0.39116628124999997
18 0.254098021875 0.32737605625 0.27283219375 0.307581503125 0.27605540781250004 0.2971062875 0.274301803125 0.2869916609375 0.2687426671875 0.278177459375 0.25908608125 0.27478209531250003 0.2462062828125 0.28186194531250003 0.23917907968750002 0.2936372 0.234344521875 0.3180571546875 0.228636996875 0.32000759843750004 0.226296215625 0.31812905625 0.2053681109375 0.32528080937500004 0.2020013671875 0.32910979375 0.1987796953125 0.339584621875 0.203312865625 0.3541063484375 0.21531202968750002 0.359381384375 0.2214567984375 0.3599598890625 0.2259945765625 0.3570692234375 0.242683225 0.3312784578125 0.254098021875 0.32737605625
25 0.19145110625 0.390301559375 0.19290793125 0.42194547499999996 0.20080630625 0.43263860625 0.2186690515625 0.39037415468750003 0.25479728437500004 0.4650792484375 0.26328412343749996 0.467534390625 0.366333740625 0.341250975 0.3623877453125 0.3184931625 0.32655016406250004 0.2570827875 0.3003533203125 0.26871354531249997 0.271368984375 0.31076008125 0.23302178125 0.34529397031250003 0.22906785937500002 0.357359040625 0.21618806093749998 0.364438890625 0.2072621796875 0.3594536734375 0.19145110625 0.390301559375
18 0.25697995625000003 0.5125441890625 0.25420193125 0.5081367 0.2547891078125 0.4999006140625 0.2521579296875 0.48472886875 0.2498174015625 0.48285184374999995 0.249965790625 0.4720871984375 0.2387037359375 0.44781104687499995 0.23606949375 0.45005130624999995 0.230502434375 0.4760599859375 0.21820188749999997 0.509726634375 0.2176147125 0.5179627203125 0.22112192187500002 0.5381919734375 0.2269745171875 0.5428873750000001 0.23312082968749998 0.5434654921875001 0.241462596875 0.5392747890625 0.2479026234375 0.535735621875 0.252732575 0.528728059375 0.25639277968749996 0.5207802734375 0.25697995625000003 0.5125441890625
23 0.3257606515625 0.502432078125 0.3128857125 0.492101053125 0.3067394015625 0.4915229375 0.3014706625 0.4960019390625 0.2944483203125 0.49036631562500005 0.28683725781249997 0.4929671640625 0.261956775 0.5121836 0.2479026234375 0.535735621875 0.2236077734375 0.546716359375 0.21892289531250003 0.560369765625 0.21979100156250003 0.60025015625 0.2635492078125 0.5852966312500001 0.2985250625 0.5720041203124999 0.3185771359375 0.559794859375 0.32223605312500003 0.551848978125 0.3193160203125 0.523383640625 0.3270754703125 0.5100181453125 0.3257606515625 0.502432078125
18 0.2596190578125 0.492893053125 0.26825147656250004 0.501997071875 0.2963503140625 0.489716296875 0.3064456859375 0.4956402203125 0.31873345 0.5142073328125 0.3289774640625 0.509368128125 0.34171193906249997 0.495640915625 0.346837146875 0.48451568125 0.34801150000000003 0.46804351093749996 0.3427506859375 0.43769963125 0.3212481875 0.40085370937500003 0.3155406625 0.40280415156249993 0.28948428437499996 0.43849314531249994 0.26064833906249996 0.4697750375 0.2578654546875 0.48277842499999996 0.2596190578125 0.492893053125
23 0.44411405156250006 0.6387646390625 0.42275176718749996 0.6259754390625 0.370506721875 0.6384738234375 0.3495786171875 0.6456255765625001 0.2660097453125 0.69829005 0.263814290625 0.7030588703125 0.272291915625 0.7403387984375 0.28663160468750004 0.747490859375 0.3082904171875 0.7387492515625 0.390541153125 0.6959092 0.41030282968750004 0.670406734375 0.4284513671875 0.6588478796875 0.44411405156250006 0.6387646390625
23 0.5342424546875 0.6936743609375 0.5374687328125 0.6657871390625 0.544350609375 0.6473645265625 0.5436229671875 0.6315423734375 0.5626554609375 0.59021814375 0.556955859375 0.557345703125 0.5594465734375 0.5484592125 0.5553521859375 0.5364660453125001 0.546720021875 0.5273635421875 0.528721415625 0.5281573640625 0.5240383125 0.52440066875 0.5115988421875 0.5340086921875 0.5020811796875 0.554671953125 0.49739144062499996 0.5857362359375 0.49811908281250006 0.6015583890625 0.489624065625 0.6339246140625 0.4858106109375 0.6700479203125 0.48844179062500004 0.685219665625 0.5079005390625 0.6986592734375 0.522094903125 0.699163971875 0.5342424546875 0.6936743609375
23 0.496767709375 0.750674728125 0.5124255328125 0.7480023671875 0.5152099625 0.734998590625 0.5244326203125 0.71845451875 0.5231178015625 0.7108684515625 0.513459675 0.707473475 0.5029252609375 0.6990194734374999 0.48844179062500004 0.685219665625 0.4817131609375 0.6754667578125 0.4702932515625 0.6967785203125 0.46824132656249995 0.708193571875 0.47043371718750004 0.7208367578125 0.4683833328125 0.732251421875 0.4595979203125 0.7513244421875 0.4622290984375 0.7664961859375 0.465008665625 0.7709032890625 0.479347065625 0.7780572515624999 0.48768883281250003 0.7738665499999999 0.49398353437500003 0.7636800203125 0.496767709375 0.750674728125
23 0.462244946875 0.6968504234374999 0.452881821875 0.6893362562500001 0.44454337343750006 0.6761164703125 0.427425403125 0.66455540625 0.4259606546875 0.6677343703124999 0.40591012187500003 0.67994324375 0.395516428125 0.695548996875 0.397270034375 0.7056636234375 0.399610815625 0.7075421656249999 0.40092717499999997 0.71512784375 0.40882555 0.725820975 0.4129214765625 0.73781375625 0.42959708750000003 0.764255234375 0.4350111515625 0.7664235921875 0.44906044375 0.760282446875 0.459891634375 0.7472071578125 0.46940775468749996 0.7265442828124999 0.46868011249999997 0.71072213125 0.462244946875 0.6968504234374999
18 0.3586623515625 0.6050228796875 0.35382599843749996 0.62944170625 0.357189678125 0.643024728125 0.36670119218749997 0.6397742484375 0.369043515625 0.6416524015625 0.40782490156250006 0.627059465625 0.40738611406249997 0.62453090625 0.3715406078125 0.597943415625 0.362027553125 0.60119428125 0.3586623515625 0.6050228796875
10 0.3305826796875 0.5302473984375 0.332923459375 0.5321259406250001 0.334677065625 0.5422405671875 0.34272205312500004 0.5595791546875 0.346964828125 0.5608076765625001 0.3743327078125 0.5501152406250001 0.378869196875 0.547226478125 0.384431396875 0.538628675 0.3818017609375 0.523456540625 0.3832649671875 0.5202779640624999 0.3782948046875 0.5032288046875 0.37010117343750004 0.4966533453125 0.35546776874999997 0.493618571875 0.34595625625 0.4968690515625 0.33073107031250004 0.5194827546874999 0.3305826796875 0.5302473984375
20 0.4156620703125 0.2828767640625 0.40366009687500004 0.2950152515625 0.3931177609375 0.321384134375 0.3925290421875 0.3296206078125 0.396913825 0.3549069796875 0.4056897734375 0.37065722968750003 0.4228090296875 0.382216390625 0.42895534062499996 0.3827945078125 0.446808621875 0.37535332499999996 0.45471339843749997 0.3686351921875 0.46466830468750003 0.3505008796875 0.46730586562500004 0.33085013124999996 0.4633616640625 0.3080934453125 0.4545841734375 0.2923435828125 0.44639054375000004 0.2857681234375 0.43131989531250003 0.2802044015625 0.4156620703125 0.2828767640625
18 0.4297948171875 0.544554421875 0.43316156093749997 0.5407254375 0.43330995000000005 0.52996079375 0.4043509296875 0.4675382953125 0.379336615625 0.4278755140625 0.36441435625 0.411547146875 0.35154248125 0.383804115625 0.337643121875 0.37918022812499996 0.3275428890625 0.39066718125 0.32578442343749997 0.39796343125 0.327976815625 0.41060661718749997 0.3354379453125 0.41877080156249996 0.345530253125 0.44210673125 0.350642678125 0.48321525625 0.3545917375 0.4885610625 0.38458950625 0.4930422765625 0.39570598125 0.5106695515624999 0.3996519765625 0.5334273640625 0.40872164062499994 0.54506033125 0.41764751875000006 0.5500455484375 0.4297948171875 0.544554421875
18 0.34980958281249996 0.286632846875 0.34849145 0.29645726875 0.35916939062500003 0.3115575015625 0.36779695 0.338072396875 0.345839815625 0.3683436828125 0.346423675 0.37751808593749997 0.3534460171875 0.38315370937500004 0.3611960015625 0.40461148593749996 0.37889782968749997 0.42534695468750006 0.3904533453125 0.44550430625 0.396305940625 0.45019970625 0.4008439734375 0.44731055781249995 0.3974930765625 0.38149377812499996 0.391504621875 0.3353277453125 0.39326615 0.3106194890625 0.3907849046875 0.284682709375 0.3773227875 0.28258777031250004 0.34980958281249996 0.286632846875
23 0.42251556875 0.3863351921875 0.428214915625 0.41920611562500004 0.450601621875 0.426288178125 0.4596725734375 0.437919240625 0.46639659531250005 0.46508454062500004 0.4656610296875 0.484085271875 0.460536075 0.495212021875 0.4466318546875 0.5079990125 0.42424360468750005 0.5009173390625 0.4315563453125 0.5198461671875 0.43462476875 0.5375468609375 0.4321355984375 0.5464329625000001 0.435791196875 0.555897571875 0.48158854375000004 0.5817627546875 0.4946121265625 0.5813306515625001 0.49769001562500004 0.564208075 0.4940328734375 0.55474385625 0.49754800625 0.540150225 0.4975574734375 0.50532695625 0.4791359296875 0.4339464515625 0.470358440625 0.41819658750000005 0.4691920109375 0.39984587656250004 0.46407166093749996 0.393560234375 0.46671076562499997 0.37390909843750003 0.45998213593750004 0.36415618906249997 0.447979909375 0.3762931609375 0.424711025 0.3815663734375 0.42251556875 0.3863351921875
23 0.62772419375 0.1809434859375 0.6097255859375 0.18173730625 0.5961183984375 0.1729965234375 0.5851421359375 0.17942596875 0.57899250625 0.196258340625 0.587768453125 0.21200859218749998 0.61073901875 0.22826505625000001 0.6203925390625 0.249072428125 0.6499464078125 0.268434440625 0.6549183671875001 0.2854847296875 0.6702794125 0.30434165625 0.6970555093749999 0.319297696875 0.7052442796875 0.34328403281250003 0.715339653125 0.34920795781249997 0.7260224531249999 0.3468973140625 0.7528064734375 0.327030471875 0.750325228125 0.3010936921875 0.7368677171875 0.281586359375 0.62772419375 0.1809434859375
23 0.583656678125 0.269661575 0.5846747171875 0.2987769328125 0.643204996875 0.31091529218749997 0.6552087640625001 0.298777934375 0.65038519375 0.2709630015625 0.6047377796875 0.2343327859375 0.583656678125 0.269661575
23 0.66953438125 0.35816565625 0.7010015046875 0.3420555109375 0.6974927531249999 0.32182664375000003 0.6653043890625 0.3047033734375 0.6405707546875 0.3131555515625 0.576332696875 0.3029661203125 0.5543755640625 0.3332374046875 0.5783672328125 0.36119722187500003 0.66953438125 0.35816565625
18 0.472724534375 0.3156060953125 0.5141419593750001 0.298774028125 0.51780548125 0.2734157546875 0.504938465625 0.228261846875 0.4737665984375 0.2402543203125 0.472724534375 0.3156060953125
18 0.464081128125 0.3587369640625 0.4784162125 0.3833014171875 0.49260928593750003 0.3838080203125 0.523497159375 0.3411110765625 0.513703171875 0.29624546875 0.5040450437499999 0.29285049218750003 0.47404421250000006 0.30578128437499996 0.464081128125 0.3587369640625
10 0.518091271875 0.304121353125 0.5277399328125 0.34233959999999997 0.501540025 0.3713823625 0.4980200328125 0.4033868671875 0.511333759375 0.41624645156250006 0.575865278125 0.4223170828125 0.573830996875 0.3640874984375 0.5534979890625 0.328180284375 0.562722190625 0.31163582500000003 0.518091271875 0.304121353125
18 0.56037986875 0.3097576703125 0.56813931875 0.2963921765625 0.520439978125 0.2711770109375 0.519260765625 0.305060059375 0.56037986875 0.3097576703125
18 0.4681675890625 0.4055530140625 0.49405026406249997 0.485097703125 0.5020811796875 0.554671953125 0.5265323421875 0.4981036890625 0.48528069843750005 0.43452495625000004 0.493925646875 0.3913937 0.4753431828125 0.38301311718750003 0.4681675890625 0.4055530140625
18 0.5544746140625 0.531408925 0.55272586875 0.5038834203125 0.5315089078125 0.4977415828125 0.5177484703124999 0.5171763203124999 0.5206731109375 0.528229265625 0.5544746140625 0.531408925
20 0.5601869984375 0.5120476046875 0.55344865 0.53711645 0.5595870390625 0.57251745 0.5787520734375 0.5900743390625001 0.569381025 0.6173830578125 0.6053797796875 0.6157950265625 0.6096271609375 0.59961115625 0.6500186218749999 0.588486615625 0.6548531796875 0.5640666609375 0.5601869984375 0.5120476046875
18 0.40904066875 0.4364740109375 0.4292393375 0.41349897812499997 0.4220767828125 0.3838066328125 0.399399678125 0.363431365625 0.399825934375 0.4181952015625 0.40904066875 0.4364740109375
23 0.49402495 0.5895667375 0.4881721 0.5848698203125 0.40023608906249997 0.5426032859375 0.3841379359375 0.5427474765625 0.377405990625 0.5504050578124999 0.346964828125 0.5608076765625001 0.3447693734375 0.565576496875 0.35500521093750004 0.595558659375 0.3572022078125 0.5907894515625001 0.354422640625 0.5863823499999999 0.35852034375 0.580965028125 0.37271164375 0.5988817328125 0.401535059375 0.6198351171875001 0.41236113750000003 0.6241691890625 0.42421497343750003 0.6227968625 0.45333185 0.6396314453125 0.4787931296875 0.6470014187500001 0.4871348953125 0.6428107171875 0.4962170875 0.6022084078125001 0.49402495 0.5895667375
18 0.4370822421875 0.6679522859375 0.4429348390625 0.6726476890625 0.46415179999999995 0.6787895265625 0.47161292968749996 0.6869537109375 0.476149165625 0.6840634328124999 0.4820066234375 0.6713479578125 0.47893665781249994 0.6536476515625 0.47220802968750003 0.64389474375 0.45142985625 0.6402814625000001 0.44572233125 0.6422319062499999 0.43532863906249997 0.6578376593749999 0.4370822421875 0.6679522859375
18 0.7031765062499999 0.42434485000000005 0.7008515734375 0.35282054375 0.677438903125 0.3514460078125 0.6815207578125 0.41567445156250005 0.7031765062499999 0.42434485000000005
10 0.6146389937500001 0.44254854843749997 0.623572796875 0.4127108828125 0.634987846875 0.4088099984375 0.6484466453125 0.4283154265625 0.663372221875 0.4272333046875 0.6815207578125 0.41567445156250005 0.6692406656250001 0.362282940625 0.588319075 0.3604749125 0.5770478078125 0.371023546875 0.577767271875 0.421667065625 0.60000713125 0.4395133859375 0.6146389937500001 0.44254854843749997
18 0.739473328125 0.40122562500000003 0.7557311125 0.3380834171875 0.705971921875 0.3591061859375 0.710645559375 0.39768615 0.739473328125 0.40122562500000003
20 0.6777073046875 0.4517977578125 0.6894045734375001 0.4960114421875 0.7031604046875 0.49398909843750005 0.72717278125 0.4348922734375 0.6831290390625 0.419141715625 0.6540042374999999 0.43713001562500003 0.6777073046875 0.4517977578125
23 0.8601754328125001 0.50461384375 0.881239396875 0.538932721875 0.8995314640625001 0.5340201 0.9165102562499999 0.521521021875 0.9248602015625 0.482508953125 0.9048224515625 0.44248406874999996 0.871601725 0.44847958749999994 0.8601754328125001 0.50461384375
18 0.815407365625 0.45563064531249997 0.8241927796875 0.4365576265625 0.8157182187500001 0.3818656921875 0.7870196734375 0.45461782812499996 0.815407365625 0.45563064531249997
23 0.8202547078125001 0.37897693125 0.8249283453125 0.417556896875 0.8541936124999999 0.4236268328125 0.8815901234375 0.291054871875 0.875887203125 0.275592921875 0.850864965625 0.2707530234375 0.8400322328125001 0.2838287015625 0.8202547078125001 0.37897693125
20 0.8865779281249999 0.23845939375 0.8906802390624999 0.2156296796875 0.8566041859375 0.12951105000000002 0.8346516609375 0.14236994218750001 0.8188518281249999 0.1209844546875 0.7490421046875 0.15421609687499999 0.8249822921875 0.1912083359375 0.8366941203125 0.165778159375 0.855996303125 0.224803778125 0.876332371875 0.24329898593750002 0.8865779281249999 0.23845939375
18 0.7856999953125 0.46444263750000003 0.7662241109375 0.5206507 0.81846940625 0.5081538343750001 0.8664734515625 0.4770168265625 0.8686783734375 0.43742473750000005 0.8274141984375 0.42608128125 0.823750675 0.45143955625 0.7856999953125 0.46444263750000003
18 0.87471616875 0.274654603125 0.87428530625 0.23730316093749998 0.857606378125 0.2282721734375 0.849693678125 0.2698131890625 0.87471616875 0.274654603125
19 0.8422325468749999 0.2616490046875 0.8545330953124999 0.22798235625 0.8450279640625 0.196410340625 0.74553183125 0.1513988484375 0.696653278125 0.1600667296875 0.657721959375 0.1854246984375 0.6695676203125001 0.2188737375 0.7250169453125 0.2655466796875 0.7516525749999999 0.256444484375 0.7892565453125 0.275735725 0.8422325468749999 0.2616490046875
8 0.606231784375 0.725319665625 0.6158932296875 0.7113041531250001 0.611814946875 0.6296667359375 0.592356196875 0.61622713125 0.5709893046875 0.6208503234375 0.5570804765624999 0.65104970625 0.5727224546875 0.718023109375 0.58603618125 0.73088269375 0.606231784375 0.725319665625