9 0.5927734375 0.945328125 0.6103515625 0.9011531250000001 0.6416015625 0.9364921875000001 0.6787109375 0.9512171875 0.7353515625 0.821640625 0.7587890625 0.8864281249999999 0.8212890625 0.9188234375000001 0.841796875 0.9055703125000001 0.84765625 0.85550625 0.76953125 0.755378125 0.78515625 0.7494890625 0.796875 0.708259375 0.791015625 0.6346359374999999 0.8564453125 0.5801546875 0.8671875 0.555121875 0.830078125 0.5345078125 0.763671875 0.2694625 0.736328125 0.20172812499999998 0.7021484375 0.1560828125 0.6728515625 0.147246875 0.6240234375 0.1796421875 0.5869140625 0.144303125 0.5400390625 0.1678625 0.4970703125 0.15019218750000002 0.4716796875 0.17080625 0.4423828125 0.1590265625 0.4189453125 0.18553124999999998 0.3798828125 0.19142187500000002 0.3427734375 0.23264999999999997 0.2880859375 0.253265625 0.263671875 0.34603125 0.216796875 0.4284890625 0.22265625 0.478553125 0.205078125 0.51389375 0.20703125 0.6199109375 0.234375 0.73181875 0.279296875 0.8201671875000001 0.2568359375 0.8275296875 0.255859375 0.8437265625 0.2939453125 0.868759375 0.3310546875 0.945328125 0.3720703125 0.977721875 0.373046875 0.9438546875 0.361328125 0.9409109375 0.3662109375 0.806915625 0.3935546875 0.86286875 0.421875 0.87023125 0.419921875 0.937965625 0.4404296875 0.9895015624999999 0.462890625 0.9968640625 0.5283203125 0.9718328125 0.5498046875 0.92176875 0.5673828125 0.9512171875 0.5927734375 0.945328125
8 0.35546875 0.478553125 0.3515625 0.460884375 0.345703125 0.44615937499999997 0.3310546875 0.42996249999999997 0.3076171875 0.42996249999999997 0.2607421875 0.453521875 0.2333984375 0.47119218749999997 0.224609375 0.4903328125 0.224609375 0.522728125 0.228515625 0.5374531250000001 0.2431640625 0.5595390625000001 0.326171875 0.5580671875000001 0.3359375 0.5462875 0.3359375 0.522728125 0.35546875 0.49916875000000005 0.35546875 0.478553125
18 0.41015625 0.5197828125 0.41015625 0.5021140625 0.404296875 0.48444374999999995 0.3896484375 0.47119218749999997 0.3818359375 0.47119218749999997 0.3740234375 0.47708125 0.3505859375 0.509475 0.3466796875 0.509475 0.3359375 0.522728125 0.3359375 0.5345078125 0.345703125 0.5580671875000001 0.3603515625 0.5801546875 0.3671875 0.5816265625 0.3740234375 0.577209375 0.37890625 0.5639578125 0.4013671875 0.5359796875 0.41015625 0.5197828125
18 0.453125 0.722984375 0.451171875 0.71709375 0.453125 0.6788093749999999 0.447265625 0.6493609375 0.4287109375 0.6361078124999999 0.3935546875 0.6361078124999999 0.3759765625 0.64494375 0.359375 0.6640859375 0.349609375 0.7053140625000001 0.3515625 0.73181875 0.3642578125 0.75390625 0.3857421875 0.7656859375 0.408203125 0.7642140625 0.4228515625 0.7597968749999999 0.4345703125 0.7480156250000001 0.4384765625 0.7480156250000001 0.453125 0.722984375
8 0.455078125 0.7583234375 0.4501953125 0.7303468750000001 0.4287109375 0.75390625 0.4111328125 0.762740625 0.3955078125 0.7656859375 0.36328125 0.755378125 0.365234375 0.7730484375 0.361328125 0.7818828124999999 0.365234375 0.8024984375 0.375 0.8260578125 0.3955078125 0.8599249999999999 0.4052734375 0.8658140624999999 0.41796875 0.8643421874999999 0.4326171875 0.8422546875 0.4462890625 0.8334203125 0.455078125 0.8172218750000001 0.455078125 0.7583234375
8 0.5390625 0.9497453124999999 0.541015625 0.9202953125000001 0.5361328125 0.9129328125 0.5087890625 0.9099890625 0.4921875 0.8879015625 0.4873046875 0.8569796875 0.4658203125 0.854034375 0.4541015625 0.839309375 0.4404296875 0.839309375 0.42578125 0.85550625 0.41796875 0.8761218749999999 0.4140625 0.8996812500000001 0.4140625 0.92913125 0.427734375 0.9468 0.43359375 0.97625 0.4482421875 0.9983375000000001 0.46484375 0.9968640625 0.4697265625 0.9895015624999999 0.4970703125 0.9836124999999999 0.5302734375 0.9688874999999999 0.5390625 0.9497453124999999
8 0.6787109375 0.7421265625 0.6689453125 0.7303468750000001 0.6572265625 0.7303468750000001 0.646484375 0.7465437500000001 0.640625 0.8172218750000001 0.625 0.8525625 0.6171875 0.9114609375 0.6337890625 0.930603125 0.6630859375 0.9512171875 0.6796875 0.9497453124999999 0.740234375 0.8024984375 0.736328125 0.79071875 0.7099609375 0.7568515625 0.6787109375 0.7421265625
8 0.830078125 0.5669015625 0.830078125 0.5315624999999999 0.822265625 0.5021140625 0.8076171875 0.4800265625 0.7822265625 0.4653015625 0.7626953125 0.4653015625 0.7412109375 0.4800265625 0.72265625 0.5109484375 0.71875 0.5286171875 0.71875 0.569846875 0.724609375 0.5904625 0.7490234375 0.624328125 0.7646484375 0.6331640625 0.783203125 0.631690625 0.8017578125 0.621384375 0.8154296875 0.606659375 0.82421875 0.5904625 0.830078125 0.5669015625
8 0.615234375 0.260628125 0.619140625 0.23706875 0.6171875 0.19289375 0.62109375 0.17522500000000002 0.6123046875 0.16197187500000002 0.5927734375 0.147246875 0.5712890625 0.144303125 0.5576171875 0.15313749999999998 0.548828125 0.16638906250000002 0.541015625 0.21350937499999997 0.515625 0.2900765625 0.51953125 0.3106921875 0.5283203125 0.32394375000000003 0.537109375 0.322471875 0.5537109375 0.31510937499999997 0.5908203125 0.3121640625 0.60546875 0.2871328125 0.615234375 0.260628125
8 0.69921875 0.4667734375 0.673828125 0.3960953125 0.6357421875 0.344559375 0.5908203125 0.3180546875 0.5419921875 0.3209984375 0.5029296875 0.3504484375 0.46875 0.4196546875 0.458984375 0.475609375 0.462890625 0.5669015625 0.48828125 0.646415625 0.5224609375 0.6950078125 0.5634765625 0.7215125 0.611328125 0.722984375 0.6513671875 0.7038421875 0.6875 0.6493609375 0.705078125 0.5669015625 0.69921875 0.4667734375
22 0.44140625 0.15755468749999998 0.43359375 0.17816875000000001 0.40234375 0.2959671875 0.38671875 0.337196875 0.380859375 0.3666453125 0.380859375 0.3872609375 0.38671875 0.3872609375 0.38671875 0.378425 0.447265625 0.1722796875 0.4462890625 0.1560828125 0.44140625 0.15755468749999998
25 0.720703125 0.1722796875 0.6982421875 0.15313749999999998 0.6728515625 0.147246875 0.6240234375 0.18258593750000002 0.6171875 0.19878437499999999 0.646484375 0.3254171875 0.658203125 0.3637015625 0.685546875 0.41670937500000005 0.7138671875 0.4358515625 0.7607421875 0.44763125 0.7685546875 0.46235625 0.814453125 0.4814984375 0.806640625 0.4284890625 0.78515625 0.378425 0.755859375 0.2547375 0.720703125 0.1722796875
4 0.3232421875 0.5978234375 0.3203125 0.5934062499999999 0.3203125 0.5757375 0.3115234375 0.5595390625000001 0.2529296875 0.5595390625000001 0.248046875 0.5639578125 0.25 0.5669015625 0.251953125 0.5904625 0.255859375 0.6022421875 0.2578125 0.6199109375 0.2626953125 0.6272734375 0.298828125 0.6258015625 0.3095703125 0.624328125 0.330078125 0.6110765625 0.330078125 0.5992968750000001 0.3232421875 0.5978234375
19 0.763671875 0.737709375 0.771484375 0.7259296875000001 0.7734375 0.699425 0.763671875 0.6405265625000001 0.7431640625 0.624328125 0.7158203125 0.58604375 0.701171875 0.60813125 0.697265625 0.6258015625 0.7001953125 0.64494375 0.7109375 0.6434703125000001 0.697265625 0.6729203125 0.705078125 0.7200390624999999 0.6953125 0.737709375 0.740234375 0.7936625 0.740234375 0.846671875 0.7587890625 0.8864281249999999 0.8193359375 0.9188234375000001 0.8359375 0.9202953125000001 0.849609375 0.85550625 0.8056640625 0.7951359375 0.767578125 0.7583234375 0.763671875 0.737709375
4 0.4111328125 0.5271453125 0.4072265625 0.5271453125 0.3955078125 0.5418703125000001 0.3701171875 0.5801546875 0.3603515625 0.5801546875 0.3505859375 0.5654296875 0.3447265625 0.5654296875 0.33203125 0.5816265625 0.3359375 0.6140218749999999 0.3525390625 0.64494375 0.36328125 0.646415625 0.4365234375 0.606659375 0.447265625 0.5963515625 0.44140625 0.5727921874999999 0.4111328125 0.5271453125