19 0.41233125 0.871059375 0.43236093750000004 0.86025625 0.48720468749999996 0.8706343750000001 0.5133656249999999 0.8679406249999999 0.521225 0.8389656249999999 0.5244390625 0.804884375 0.5197046875 0.8017296875 0.46449843749999997 0.799159375 0.4313546875 0.7770765625 0.422975 0.7473453125 0.43074218750000004 0.720321875 0.426190625 0.7132640625 0.397053125 0.70995 0.37386718750000003 0.7186515625000001 0.3521671875 0.7303546875 0.3378140625 0.7590265625 0.299878125 0.769975 0.291440625 0.776428125 0.2866484375 0.8094578125 0.2945390625 0.814715625 0.3109578125 0.81156875 0.32470781249999997 0.830790625 0.3831953125 0.8677468749999999 0.41233125 0.871059375
19 0.390584375 0.63923125 0.3646953125 0.63606875 0.32220624999999997 0.6399578125 0.26366093749999997 0.6391875 0.23397968750000003 0.6475859374999999 0.198653125 0.672346875 0.196653125 0.7152875 0.251165625 0.76770625 0.29004375 0.7714734375 0.331228125 0.7606765625 0.3386328125 0.7414609375000001 0.352259375 0.728403125 0.3855515625 0.7123484375 0.3911953125 0.695984375 0.384121875 0.6731609375 0.39134375 0.6578484375 0.390584375 0.63923125
19 0.4235390625 0.5605671875 0.42593437500000003 0.5440515625 0.4148875 0.5366906250000001 0.379165625 0.5350265624999999 0.33649375 0.5428203125 0.3213796875 0.552875 0.3038703125 0.57944375 0.28050156249999997 0.5920484375 0.2600171875 0.6126109375000001 0.2562234375 0.6241703125 0.2591984375 0.6301765625 0.26709062499999997 0.635434375 0.28657499999999997 0.6363421875 0.3095796875 0.6315453125 0.387609375 0.6332234375 0.3926171875 0.6305234375000001 0.390096875 0.6147578125 0.4104 0.5980984375 0.41492031249999994 0.5709234375000001 0.4235390625 0.5605671875
19 0.5294390625000001 0.697534375 0.5216390625 0.6903234375 0.498996875 0.6873140624999999 0.4759015625 0.6940625 0.4529875 0.6969078125 0.44121249999999995 0.7051609375 0.42704062499999995 0.7299296875 0.42595 0.7533515625 0.43766718750000005 0.7812828125 0.44565 0.7845890625 0.4557546875 0.777234375 0.473025 0.790753125 0.47590937499999997 0.7987124999999999 0.48389218749999996 0.80201875 0.5033765625 0.8029249999999999 0.5197953125 0.799778125 0.52489375 0.795125 0.5289265624999999 0.743478125 0.5294390625000001 0.697534375
19 0.37591718749999997 0.5348765625 0.41506875 0.5327875 0.4233234375 0.5302374999999999 0.42508437499999996 0.5273859375 0.426934375 0.52258125 0.423778125 0.520478125 0.42414218750000005 0.5126703125 0.416159375 0.509365625 0.3933359375 0.5102578125 0.36848125 0.519859375 0.37118281249999996 0.531721875 0.37591718749999997 0.5348765625
19 0.528828125 0.6407796875 0.5048812500000001 0.6308609374999999 0.44651874999999996 0.6261875 0.40718437500000004 0.6321796875000001 0.395409375 0.6404328125000001 0.39459218749999997 0.658 0.38727812500000003 0.6752640624999999 0.396384375 0.6893812500000001 0.3957484375 0.70304375 0.40363906250000003 0.7083015625 0.41662968749999996 0.70890625 0.4330484375 0.705759375 0.44983125 0.6948046875 0.47933125 0.690309375 0.4993609375 0.67950625 0.50919375 0.6780078125 0.5243078125 0.667953125 0.526159375 0.66315 0.528828125 0.6407796875
19 0.5318609375000001 0.6106015625000001 0.53589375 0.558953125 0.533009375 0.5509953125 0.5153765625 0.5452828125 0.4665734375 0.544965625 0.44356875 0.5497625 0.4216875 0.5653703125 0.413465625 0.602153125 0.393253125 0.616859375 0.3927984375 0.62661875 0.3974421875 0.631725 0.40393749999999995 0.6320281249999999 0.42369531250000003 0.6270796875 0.4562609375 0.6266406250000001 0.45959843749999996 0.624840625 0.4888265625 0.6262015625 0.508128125 0.6310125 0.524365625 0.63176875 0.5293734375 0.62906875 0.5318609375000001 0.6106015625000001
19 0.5330015625 0.4463453125 0.5101796875 0.44723750000000007 0.460103125 0.47424687499999996 0.4238359375 0.48429374999999997 0.41873750000000004 0.488946875 0.4179203125 0.5065125 0.42414218750000005 0.5126703125 0.4263890625 0.5342921875 0.43391718749999997 0.5473578125 0.44690624999999995 0.5479625 0.45683125 0.5445125 0.4829921875 0.54181875 0.5154671875 0.54333125 0.528275 0.547840625 0.5332828125 0.5451390625 0.5363156250000001 0.5149609374999999 0.5377375 0.4495 0.5330015625 0.4463453125
19 0.48652968750000003 0.361046875 0.4659546875 0.3835625 0.44258593749999997 0.39616562499999997 0.417309375 0.4497578125 0.4168546875 0.45951718750000003 0.42632343749999996 0.46582656250000004 0.41937499999999994 0.47528437500000004 0.4239265625 0.4823421875 0.46019531249999995 0.4722953125 0.518615625 0.44078437499999995 0.5435296875 0.3949984375 0.5720875000000001 0.375790625 0.5742109375 0.36513125 0.55035625 0.3532609375 0.501553125 0.3529453125 0.48652968750000003 0.361046875
18 0.42471249999999994 0.43054218750000006 0.42814218750000005 0.42679062500000003 0.43581875 0.40171875 0.454725 0.3801046875 0.454815625 0.378153125 0.44507343749999995 0.3776984375 0.4210359375 0.3697328125 0.42121718750000003 0.3658296875 0.4279859375 0.3602765625 0.4073765625 0.3485578125 0.394296875 0.3499046875 0.369440625 0.35950625 0.37715 0.3686671875 0.3836453125 0.3689703125 0.38837968749999996 0.372125 0.3781828125 0.3814296875 0.383859375 0.3992984375 0.396303125 0.41161562500000004 0.396121875 0.41551875000000005 0.402434375 0.419725 0.40216250000000003 0.42557968749999997 0.4164578125 0.43309218749999995 0.42471249999999994 0.43054218750000006
19 0.5393078124999999 0.34590156250000004 0.5362421875 0.3418453125 0.536696875 0.3320859375 0.5450421875 0.3275859375 0.5476203125 0.3071671875 0.5444640625 0.3050640625 0.546009375 0.2718828125 0.535053125 0.26257031249999996 0.51890625 0.2598609375 0.4872828125 0.275015625 0.489803125 0.29078125 0.4862828125 0.2964859375 0.4779375 0.3009875 0.46485624999999997 0.302334375 0.4598484375 0.305034375 0.4595765625 0.310890625 0.4657078125 0.319 0.478425 0.3254609375 0.48139843750000005 0.33146718750000004 0.49709062499999995 0.343934375 0.5083203125 0.3473921875 0.5343 0.34860156249999996 0.5393078124999999 0.34590156250000004
19 0.4249203125 0.356221875 0.42789374999999996 0.362228125 0.4211265625 0.36778125 0.42252343750000004 0.3727359375 0.454815625 0.378153125 0.4698390625 0.37005 0.486984375 0.35128750000000003 0.49866875000000005 0.3449859375 0.49727343749999997 0.34003125 0.4687734375 0.3230546875 0.46588906249999995 0.315096875 0.46634374999999995 0.3053375 0.4895296875 0.2966359375 0.49007500000000004 0.284925 0.482365625 0.2757640625 0.4694671875 0.27320781250000004 0.45444531250000003 0.28130937500000003 0.45074218750000006 0.29091875 0.4457359375 0.29361875 0.4297703125 0.2870078125 0.39756874999999997 0.2796390625 0.382728125 0.2838375 0.36855625000000003 0.30860625 0.370621875 0.33413125 0.3817609375 0.33954062500000004 0.41071562500000003 0.34675781250000004 0.4249203125 0.356221875
19 0.6946328125 0.260221875 0.70306875 0.25376875 0.692203125 0.2425046875 0.60115 0.2059875 0.6160828125 0.1998375 0.71684375 0.202575 0.7186953125 0.1977703125 0.70755625 0.1923609375 0.597234375 0.18526718749999999 0.5860953125 0.1798578125 0.5723453125 0.160634375 0.5207499999999999 0.1504078125 0.46196562500000005 0.189725 0.45474218750000006 0.20503749999999998 0.43101093749999997 0.22544843750000002 0.4167484375 0.25216875 0.4189046875 0.2757421875 0.4427609375 0.2876125 0.46622031249999996 0.27305625 0.48254843750000004 0.2718609375 0.5190875 0.2559578125 0.5417296875 0.25896875 0.5766 0.24396562500000002 0.5987546874999999 0.22250312499999997 0.6946328125 0.260221875
9 0.36283750000000003 0.5362218750000001 0.3183140625 0.54881875 0.263628125 0.6049546875 0.258834375 0.637984375 0.1985625 0.6742984375 0.19349687499999998 0.713184375 0.251165625 0.76770625 0.28828437500000004 0.7743249999999999 0.2866484375 0.8094578125 0.38635156249999997 0.8698499999999999 0.412240625 0.8730109374999999 0.438765625 0.8625109375 0.5034421874999999 0.8713906250000001 0.5186468750000001 0.859384375 0.5265125 0.84186875 0.5335765625 0.659925 0.545425 0.43581562500000004 0.5432578125 0.40085468750000003 0.5748515624999999 0.37953749999999997 0.5798640625 0.3628140625 0.5615859375000001 0.35671875000000003 0.559071875 0.32454375 0.5504140625 0.3170765625 0.5431265625 0.2639234375 0.6020015625 0.2226546875 0.6979703125000001 0.25842187499999997 0.69545 0.24265468750000002 0.6077359375 0.20433906249999997 0.71684375 0.202575 0.7010609375 0.192059375 0.5939859375000001 0.185115625 0.538078125 0.1277421875 0.44101875 0.115396875 0.3833234375 0.1312921875 0.384753125 0.1704796875 0.44147968750000005 0.21028750000000002 0.41359218750000004 0.250065625 0.41538437500000003 0.281446875 0.3793890625 0.2856390625 0.368646875 0.30665468749999997 0.37053125 0.336084375 0.395965625 0.3490046875 0.3826125 0.3562078125 0.38070312500000003 0.3971953125 0.4212828125 0.43429531250000003 0.41458125 0.5083140625 0.3867515625 0.5119078125 0.36283750000000003 0.5362218750000001