23 0.52266833125 0.4513090984375 0.5614323359375 0.4747528390625 0.6573436890625 0.45783382499999997 0.711758465625 0.4250432984375 0.702897096875 0.3950817296875 0.6687557390625 0.3875735921875 0.5545838437499999 0.41245945937500006 0.5191974593750001 0.44110239843750004 0.52266833125 0.4513090984375
23 0.589494596875 0.24737799843750002 0.61431295625 0.257914915625 0.715247953125 0.25186080624999996 0.7416626468749999 0.2421166046875 0.74829816875 0.2257203953125 0.7351359140625 0.2096528421875 0.662154375 0.2136006125 0.5965295859374999 0.22591142656250002 0.589494596875 0.24737799843750002
21 0.5669487078125 0.2622588734375 0.587758390625 0.3304790796875 0.6820874171875 0.32686152343749997 0.6918565078125 0.29782239375 0.66671485625 0.257456196875 0.605774878125 0.257782628125 0.584856409375 0.23842239375 0.568147109375 0.247047784375 0.5669487078125 0.2622588734375
21 0.6771990234375 0.6059947171875 0.6605674296874999 0.5797201296875001 0.6353496046875 0.5742535765625 0.5988269859375001 0.5901876203125 0.5901956640625 0.631935309375 0.62393755625 0.644513809375 0.6662796890625 0.6293046140625 0.6771990234375 0.6059947171875
10 0.518351903125 0.47218311249999995 0.4907839015625 0.4761987484375 0.4589320859375 0.48712807187499996 0.45266494843749994 0.512413909375 0.5063243390625 0.6452333171875 0.567893828125 0.71154578125 0.5838057265625001 0.71306078125 0.591425146875 0.6027642296875 0.5435386453125 0.49160965624999997 0.518351903125 0.47218311249999995
18 0.480957253125 0.3567483296875 0.5543227171875 0.3547101921875 0.5776519984374999 0.3366685875 0.5766245515625 0.27509972031249996 0.5584091 0.26212692187500003 0.48035882343749997 0.27614944218750004 0.480957253125 0.3567483296875
18 0.4609418859375 0.6312054578125 0.44610405625 0.6703193375 0.40796956250000005 0.7135144953125 0.3729981875 0.730107075 0.3612954609375 0.7565777 0.3721541625 0.7611874546874999 0.4758061890625 0.7545411203125 0.525229934375 0.6969253625 0.5287769796874999 0.6722324171875 0.48427116718749996 0.613163853125 0.4532012109375 0.62093278125 0.4609418859375 0.6312054578125
23 0.5705097515625 0.4069947984375 0.664102009375 0.3855979828125 0.6373484828125 0.3724928984375 0.60629406875 0.3732818296875 0.5830424937500001 0.3564234546875 0.54421785625 0.360899365625 0.52008964375 0.389081696875 0.5705097515625 0.4069947984375
31 0.79343195 0.5278367187499999 0.7328277421875 0.5510131046875 0.6943093218749999 0.5922986296875 0.699684278125 0.6190334921875 0.7171303453125 0.628187359375 0.7481847609375001 0.627398428125 0.7843389937499999 0.6025747546875 0.8081283734375001 0.5515431375000001 0.79343195 0.5278367187499999
18 0.3051490953125 0.519651246875 0.29200391406250004 0.49660336406249994 0.2477561625 0.49528473437500004 0.146407690625 0.5133888671875 0.14092394375 0.535513975 0.1813293640625 0.6941454734375 0.1618859625 0.7103434203125001 0.161439871875 0.736353771875 0.193231053125 0.753344096875 0.2071145359375 0.7941709046875001 0.2268952375 0.8008225781249999 0.3224552796875 0.7680336078125001 0.352019084375 0.738666490625 0.3051490953125 0.519651246875
23 0.36252494375 0.7274066203125 0.4123015328125 0.6856604859375001 0.397971959375 0.6708440312499999 0.37880676874999997 0.561402384375 0.3605928515625 0.548429253125 0.346616121875 0.5494824203124999 0.3193543375 0.590307671875 0.36252494375 0.7274066203125
21 0.64137115625 0.484238475 0.62779389375 0.4802212828125 0.5683119125 0.523086225 0.5686492140625 0.5459358453125 0.6923741531250001 0.589730459375 0.7332272093750001 0.5459427421874999 0.64137115625 0.484238475
9 0.758675078125 0.6231185531250001 0.7893906578125 0.599480334375 0.809664075 0.5591816703125 0.8023850343750001 0.5159186453125 0.882754403125 0.506373928125 0.9010320203125 0.49142674375000006 0.8755375265625001 0.43519092031250006 0.7876450625 0.3367430171875 0.8253800890624999 0.298618221875 0.78667825 0.24725450000000002 0.745548525 0.240272946875 0.7428921296875 0.2129455234375 0.5965295859374999 0.22591142656250002 0.5549226890625001 0.258900215625 0.4815261421875 0.2748983453125 0.47578280156249997 0.239273853125 0.4521162203125 0.23446583593749998 0.4451589375 0.221032428125 0.34966259375000003 0.22590108281250001 0.2638250203125 0.2505909125 0.2567589484375 0.2860174765625 0.1872327375 0.30715194375 0.11492580156250001 0.3567989546875 0.10595717812500001 0.375697025 0.13449045937499998 0.4611702390625 0.1416311609375 0.5672528921875 0.1782579609375 0.6788684078125 0.161439871875 0.736353771875 0.1905124921875 0.7539366578125 0.20401205 0.7928538328125 0.22184204218749998 0.8039173312499999 0.3519724609375 0.759606478125 0.4758061890625 0.7545411203125 0.5294997390625 0.6969913390625 0.5489120578125 0.6947533828125 0.5841896515625 0.7149704156250001 0.5970286140625001 0.7012086859375 0.5905795890625 0.63384494375 0.61811650625 0.6437892984375 0.65112163125 0.638588540625 0.685754171875 0.5991466734374999 0.705489784375 0.626738 0.758675078125 0.6231185531250001