9 1 0.44076250000000006 0.999378125 0.43647656250000005 0.9985875 0.4310328125 0.9973218749999999 0.42232343749999995 0.9955828125 0.4103484375 0.993053125 0.3929296875 0.8743765625 0.39890625 0.9908390624999999 0.3776875 0.9898906249999999 0.37115468749999997 0.9897328125 0.3700671875 0.987203125 0.35264687499999997 0.9862546875 0.34611562500000004 0.986096875 0.3450265625 0.97625 0.334771875 0.97998125 0.3377890625 0.98168125 0.3282875 0.9781375000000001 0.32198125 0.9661453124999999 0.2292609375 0.9465765625 0.20611562499999997 0.9533375 0.1918 0.93311875 0.184475 0.93246875 0.2002953125 0.90791875 0.18344375 0.899059375 0.1427234375 0.8740421875 0.1328078125 0.8682968750000001 0.113534375 0.8290906250000001 0.11751562499999998 0.7958796875 0.0816140625 0.7902515625000001 0.03680625 0.752546875 0.03505 0.7530765625 0.040531250000000005 0.7456921875 0.034731250000000005 0.5428171875000001 0.0252828125 0.0015671874999999998 0.067340625 0.01168125 0.501865625 0.0210703125 0.5094624999999999 0.020171875 0.5844406249999999 0.0392578125 0.5839671875 0.045187500000000005 0.5943562499999999 0.0499171875 0.6472187500000001 0.038159375 0.6372765625000001 0.029515625 0.648778125 0.083296875 0.9886593749999999 0.186890625 0.951171875 0.238021875 0.9176953125 0.2756296875 0.91285 0.2752453125 0.9000656250000001 0.30720625 0.88678125 0.35675625 0.88299375 0.47059375000000003 0.8348671875000001 0.5539859375 0.8206093750000001 0.667821875 0.7724828125000001 0.6708203125 0.752540625 0.6984671875 0.760284375 0.8650515625 0.7100984375 0.9342375 0.679184375 0.98366875 0.6340078124999999 0.9935453125 0.6411390625 1 0.6380828125 1 0.49280625 0.9936281250000001 0.44893124999999995 0.9974343749999999 0.44686875 1 0.4525890625 1 0.44076250000000006
20 0.0454546875 0.4642953125 0.0809953125 0.46552187500000003 0.19774843749999998 0.417171875 0.238253125 0.38155 0.2104890625 0.33241875 0.231075 0.321975 0.3814203125 0.3223109375 0.38235312499999996 0.30844062499999997 0.30543906249999997 0.306434375 0.11162343749999999 0.25028125 0.0489171875 0.2649296875 0.00681875 0.2929765625 0.00935 0.40168593750000003 0.02381875 0.447221875 0.0454546875 0.4642953125
20 0.329171875 0.0335671875 0.2908984375 0.1961671875 0.34639375 0.2333234375 0.4133984375 0.33958125 0.495240625 0.24363125000000002 0.524353125 0.180296875 0.51334375 0.16536718749999998 0.5305484375 0.16208125 0.5366453124999999 0.13303125 0.429584375 0.0249078125 0.329171875 0.0335671875
19 0.6457046875 0.6303328125000001 0.620521875 0.65985625 0.6092640625 0.704084375 0.63015 0.7261437500000001 0.6820640625000001 0.7487890625 0.7339609375 0.7408796875 0.9274265625 0.67286875 0.976675 0.6365796875 0.9740265625 0.608196875 0.9458796875000001 0.54628125 0.9152171875 0.5279265625 0.8657515625000001 0.51199375 0.7596921875 0.512215625 0.7071453125 0.53594375 0.64906875 0.5926218750000001 0.6457046875 0.6303328125000001
19 0.5957234375 0.7021625 0.5038703124999999 0.7190390625 0.4575359375 0.7551078125 0.47299218749999994 0.8209500000000001 0.5498062499999999 0.8121218750000001 0.6551828125 0.7666140625 0.6698390625 0.7457812500000001 0.5957234375 0.7021625
19 0.5484718749999999 0.6101671875 0.49975625 0.5892484375 0.411384375 0.6098015625000001 0.3608359375 0.67773125 0.384553125 0.7192875 0.4460609375 0.7471125 0.45808593750000004 0.7284531249999999 0.5578328124999999 0.705059375 0.5824484375 0.6716375 0.5427593749999999 0.6519999999999999 0.5484718749999999 0.6101671875
19 0.3570890625 0.702659375 0.3425328125 0.7343265625 0.3074734375 0.75671875 0.30572499999999997 0.8258484375 0.2869390625 0.8588250000000001 0.3176 0.8771796875 0.34411562500000004 0.877125 0.4556046875 0.8331203125 0.4662140625 0.8047124999999999 0.4429625 0.7562203125 0.3570890625 0.702659375
19 0.6289828125 0.48475 0.70739375 0.4767859375 0.74366875 0.4424734375 0.6921375000000001 0.4326125 0.67445 0.4122796875 0.5968875 0.42609375 0.5803499999999999 0.4441125 0.590425 0.47291249999999996 0.6289828125 0.48475
19 0.8368703125 0.3131296875 0.9752750000000001 0.3124078125 0.9671468750000001 0.23614843749999997 0.9024234375000001 0.1760421875 0.7476812500000001 0.216453125 0.8015109375 0.30301875 0.8368703125 0.3131296875
2 0.1610578125 0.5500812500000001 0.211721875 0.5235390625 0.282721875 0.3732234375 0.23936875 0.35879531249999996 0.2364703125 0.389571875 0.2038609375 0.41867656249999996 0.1088265625 0.46437968749999997 0.07973125 0.55826875 0.1610578125 0.5500812500000001
19 0.2416859375 0.6385421874999999 0.1657046875 0.6226640625 0.13111250000000002 0.6381218750000001 0.114025 0.6827953124999999 0.123734375 0.729365625 0.14273750000000002 0.7486109375 0.1843921875 0.7513421874999999 0.19943125 0.7432921875 0.2211328125 0.71009375 0.20644374999999998 0.66981875 0.2432015625 0.659125 0.2416859375 0.6385421874999999