9 0.779297928125 0.5418650380047506 0.7871088078125 0.48842208788598573 0.7656243515625001 0.4646661662707839 0.770507771875 0.43645994536817107 0.7392590671875 0.44833790736342044 0.6806632125000001 0.3830169952494062 0.6708989640625 0.40082999999999996 0.6181632125000001 0.4037994893111639 0.563476684375 0.365200054631829 0.5498057000000001 0.32660455581947745 0.6806632125000001 0.365200054631829 0.7802746109375 0.3592650118764846 0.8154300515624999 0.3830169952494062 0.82714766875 0.3830169952494062 0.852538859375 0.3355090878859857 0.8623057 0.3741085249406175 0.8798834203125001 0.3741085249406175 0.89648445625 0.35184128503562945 0.8994145078125 0.31769608551068884 0.9189455953125 0.32363506650831353 0.9472668390625 0.2924593562945368 0.9609378234375001 0.20932150118764847 0.9531243515625001 0.17072600475059382 0.9072253890624999 0.15439380760095012 0.8662098453124999 0.16330227790973872 0.852538859375 0.1454853349168646 0.8212901546875001 0.18408477197149645 0.7607409328125 0.11282488123515438 0.709961140625 0.09798136579572446 0.6630854921875 0.15142431591448932 0.625976684375 0.142519783847981 0.6230466328125 0.18853900712589072 0.632813471875 0.19447798812351544 0.6220699484375001 0.21080624703087886 0.6005854921875 0.21674522802850357 0.5791010359375 0.20190171496437057 0.5517590671875 0.24049721140142516 0.5322253890625 0.24049721140142516 0.52148445625 0.2924593562945368 0.46582124374999995 0.35629552256532065 0.45507772031249993 0.35184128503562945 0.4306632125 0.28800511876484564 0.4189455953125 0.28800511876484564 0.40527461093749995 0.3444175605700713 0.3173834203125 0.38004750593824227 0.279297928125 0.4320057102137767 0.2695310875 0.4646661662707839 0.279297928125 0.4795136175771972 0.23925906718749998 0.49881136579572444 0.222655440625 0.5240480973871734 0.250976684375 0.5671017695961995 0.375976684375 0.6680526247030879 0.4404300515625 0.7125910427553445 0.4814455953125 0.7214955748218528 0.500976684375 0.748217049881235 0.5527331609374999 0.7526712850356295 0.59082124375 0.7393125178147268 0.6435544046875 0.6591441543942993 0.7001942999999999 0.6680526247030879 0.779297928125 0.5418650380047506
31 0.283202071875 0.5567085534441806 0.279297928125 0.5804644750593824 0.29003885937499996 0.5967927339667458 0.34375129531250004 0.6279684441805226 0.3652331609375 0.5982774798099763 0.36035233125 0.5641322779097387 0.3076165796875 0.5403802945368171 0.283202071875 0.5567085534441806
31 0.6289067359375 0.20635201187648455 0.625976684375 0.24940568408551067 0.722655440625 0.2865203752969121 0.7324222796875001 0.2627683895486936 0.723632125 0.23159267933491687 0.63964766875 0.19299324228028505 0.6289067359375 0.20635201187648455
5 0.49218652812499997 0.5240480973871734 0.4814455953125 0.49881136579572444 0.4541010359375 0.4899068337292162 0.40039119218749997 0.5299870783847981 0.3984378234375 0.5715560047505939 0.4179689125 0.6012469691211402 0.438476684375 0.5730407482185274 0.46972538906250005 0.5849187102137767 0.48632901562499997 0.5745254940617578 0.49218652812499997 0.5240480973871734
5 0.3212901546875 0.5136588194774346 0.3144533671875 0.532956567695962 0.3681632125 0.5641322779097387 0.39648445625 0.5626475320665083 0.4179689125 0.49732662232779096 0.4394533671875 0.49435713064133013 0.4189455953125 0.4423989263657957 0.3212901546875 0.5136588194774346
22 0.44921761718750003 0.49435713064133013 0.47558549218749996 0.48099836342042757 0.4765621765625 0.4676356555819477 0.4394533671875 0.4854525985748218 0.44921761718750003 0.49435713064133013
23 0.3232409328125 0.37707801662707835 0.3105466328125 0.3993452541567696 0.31543005156250004 0.4305209643705463 0.38086010312499996 0.4290362209026128 0.3945310875 0.3815322517814727 0.41210880781250003 0.3666848004750594 0.40722538906250005 0.35035654156769597 0.3232409328125 0.37707801662707835
19 0.7373057000000001 0.24049721140142516 0.7265621765625 0.2835508836104513 0.713867875 0.2909746104513064 0.625976684375 0.25534466508313536 0.6201165796875 0.21377573634204275 0.598632125 0.22565369833729218 0.583007771875 0.20190171496437057 0.5527331609374999 0.2390124679334917 0.5810544046875 0.3295740475059383 0.6494145078125 0.3592650118764846 0.720702071875 0.3637192470308788 0.770507771875 0.35629552256532065 0.8261709843749999 0.2924593562945368 0.750976684375 0.24049721140142516 0.7373057000000001 0.24049721140142516
19 0.5527331609374999 0.6042164608076009 0.54785233125 0.6175791662707839 0.5585932640625 0.6160944204275534 0.6093756484374999 0.49435713064133013 0.5732409328125 0.5047503467933492 0.5576165796875 0.5463192755344418 0.5371088078125 0.5032656033254157 0.533202071875 0.46169667695961997 0.6279300515624999 0.39786051068883616 0.5556632125000001 0.3681695439429929 0.46875129531250004 0.43794469121140145 0.494139896875 0.5270175866983373 0.494139896875 0.5626475320665083 0.5087901546875 0.5106893277909739 0.527344559375 0.553743 0.5117176171875 0.5804644750593824 0.513670984375 0.6042164608076009 0.5390621765625 0.6249989548693586 0.5371088078125 0.6101554394299288 0.5468756484374999 0.6042164608076009 0.540038859375 0.5967927339667458 0.5527331609374999 0.6042164608076009
23 0.5693367874999999 0.6175791662707839 0.526367875 0.6443006413301662 0.4960932640625 0.6992283372921616 0.4960932640625 0.7229803206650831 0.507813471875 0.725949809976247 0.4970699484375 0.7393125178147268 0.5527331609374999 0.7526712850356295 0.5927746109375 0.7363430285035629 0.638670984375 0.6665678812351543 0.6220699484375001 0.6086706959619952 0.5693367874999999 0.6175791662707839
23 0.5585932640625 0.45576163420427557 0.5732409328125 0.48099836342042757 0.6503911921875 0.482483109263658 0.66601554375 0.47654412826603326 0.651367875 0.4097384703087886 0.6064455953125 0.4186469429928741 0.5585932640625 0.45576163420427557