20 0.8132999999999999 0.439453125 0.7114734375 0.466796875 0.7075578124999999 0.4794921875 0.7676078125 0.5888671875 0.8250484374999999 0.6044921875 0.8864046875 0.587890625 0.900765625 0.5634765625 0.838103125 0.4580078125 0.8132999999999999 0.439453125
9 0 0.9990234375 0.2193171875 0.9990234375 0.5652625 0.91796875 0.6488125 0.90625 0.99736875 0.8291015625 0.9999796875 0.5869140625 0.9869249999999999 0.5751953125 0.9999796875 0.5576171875 0.99736875 0.4345703125 0.9895359375 0.4267578125 0.9999796875 0.4091796875 0.9934531249999999 0.291015625 0.9125140625 0.30078125 0.9020703125 0.29296875 0.8550734375 0.287109375 0.8146046874999999 0.3310546875 0.8211328124999999 0.34765625 0.7532484375 0.33984375 0.6409796875 0.35546875 0.62661875 0.3681640625 0.62661875 0.4033203125 0.65795 0.4111328125 0.6305359375 0.423828125 0.6213968750000001 0.4228515625 0.6161749999999999 0.3916015625 0.5574296875 0.33984375 0.499990625 0.328125 0.48301875 0.3388671875 0.46213125 0.3798828125 0.396859375 0.4130859375 0.396859375 0.4287109375 0.417746875 0.4404296875 0.4138296875 0.451171875 0.37075 0.3955078125 0.343334375 0.38671875 0.28850625 0.43359375 0.21278906250000001 0.458984375 0.2193171875 0.4384765625 0.20495625 0.42578125 0.08224375 0.453125 0.005221875 0.4599609375 0 0.5322265625 0.01044375 0.6044921875 0 0.6142578125 0 0.9990234375
19 0.4699640625 0.8623046875 0.44255000000000005 0.81640625 0.385109375 0.833984375 0.2650078125 0.853515625 0.1370734375 0.810546875 0.1005203125 0.826171875 0.043079687500000005 0.826171875 0.0078328125 0.8642578125 0.0026109375 0.9990234375 0.21670625000000002 0.9990234375 0.528709375 0.9296875 0.556125 0.9169921875 0.5104328125 0.89453125 0.4699640625 0.8623046875
19 0.776746875 0.818359375 0.8563796874999999 0.7587890625 0.8824890625 0.6826171875 0.8668234375000001 0.6572265625 0.8002453125000001 0.59765625 0.7741359375 0.595703125 0.67753125 0.646484375 0.654034375 0.650390625 0.60573125 0.6787109375 0.601815625 0.69921875 0.5783171874999999 0.6953125 0.5587359375000001 0.7060546875 0.5352375 0.7314453125 0.518265625 0.7734375 0.4712703125 0.77734375 0.4542984375 0.7861328125 0.4438546875 0.8115234375 0.467353125 0.8564453125 0.507821875 0.888671875 0.571790625 0.9169921875 0.6566453125 0.90234375 0.704946875 0.8447265625 0.7219171875 0.802734375 0.776746875 0.818359375
19 0.610953125 0.3896484375 0.5522078125000001 0.337890625 0.5104328125 0.330078125 0.488240625 0.3349609375 0.4595203125 0.3837890625 0.45690937500000006 0.4130859375 0.43602187499999995 0.4248046875 0.40208125 0.4658203125 0.302865625 0.5302734375 0.2793671875 0.5830078125 0.2950328125 0.5927734375 0.2950328125 0.6064453125 0.38641562500000004 0.6220703125 0.42557812500000003 0.5927734375 0.477796875 0.5107421875 0.6240078125 0.4287109375 0.610953125 0.3896484375
20 0.3616109375 0.482421875 0.3929421875 0.470703125 0.40991406250000006 0.4541015625 0.3994703125 0.4345703125 0.3459453125 0.412109375 0.19190156249999998 0.46484375 0.180153125 0.4755859375 0.21409531249999997 0.5283203125 0.22192812499999998 0.4990234375 0.2388984375 0.486328125 0.3328921875 0.44921875 0.3616109375 0.482421875
18 0.293728125 0.609375 0.292421875 0.5908203125 0.2793671875 0.5849609375 0.302865625 0.5283203125 0.323753125 0.5107421875 0.2911171875 0.498046875 0.271534375 0.5126953125 0.261090625 0.5634765625 0.22845468750000003 0.5703125 0.190596875 0.6162109375 0.2388984375 0.66796875 0.31592031249999997 0.6865234375 0.344640625 0.6591796875 0.35769531250000003 0.6298828125 0.3407234375 0.6171875 0.293728125 0.609375
18 0 0.7861328125 0.01044375 0.7880859375 0.0691890625 0.751953125 0.1566546875 0.7333984375 0.1227125 0.6865234375 0.0809390625 0.6494140625 0.0848546875 0.58203125 0 0.6142578125 0 0.7861328125
19 0.468659375 0.775390625 0.518265625 0.771484375 0.54568125 0.7060546875 0.5208765625 0.693359375 0.5026015625 0.697265625 0.395553125 0.68359375 0.39033125 0.650390625 0.353778125 0.658203125 0.281978125 0.7158203125 0.2845890625 0.7666015625 0.313309375 0.7939453125 0.31069843750000004 0.8369140625 0.334196875 0.8388671875 0.385109375 0.83203125 0.4294953125 0.81640625 0.4490765625 0.7861328125 0.468659375 0.775390625
18 0.25717500000000004 0.48046875 0.22192812499999998 0.5009765625 0.22453906250000003 0.5263671875 0.21539999999999998 0.533203125 0.173625 0.552734375 0.1201015625 0.5615234375 0.13185156250000002 0.576171875 0.180153125 0.5810546875 0.21539999999999998 0.5703125 0.2506484375 0.5341796875 0.2637015625 0.5107421875 0.25717500000000004 0.48046875
18 0.468659375 0.775390625 0.518265625 0.771484375 0.5482921875 0.7060546875 0.5208765625 0.693359375 0.5026015625 0.697265625 0.395553125 0.68359375 0.39033125 0.650390625 0.353778125 0.658203125 0.2793671875 0.7236328125 0.2872 0.7724609375 0.313309375 0.7939453125 0.31069843750000004 0.8349609375 0.334196875 0.8388671875 0.385109375 0.83203125 0.4294953125 0.81640625 0.4490765625 0.7861328125 0.468659375 0.775390625
19 0.8524625 0.2890625 0.8146046874999999 0.3330078125 0.8185218750000001 0.34765625 0.7271390625 0.341796875 0.6318406249999999 0.3603515625 0.6240078125 0.3818359375 0.633146875 0.404296875 0.7010296874999999 0.408203125 0.72975 0.41796875 0.7323609375 0.45703125 0.82374375 0.4375 0.900765625 0.5556640625 0.99736875 0.5732421875 0.9960640625 0.291015625 0.915125 0.302734375 0.8916265624999999 0.291015625 0.8524625 0.2890625
19 0.7388890625 0.5673828125 0.73105625 0.5283203125 0.7075578124999999 0.4892578125 0.704946875 0.4697265625 0.7284453125 0.4580078125 0.73105625 0.4365234375 0.725834375 0.4248046875 0.69841875 0.412109375 0.6618671875000001 0.4140625 0.484325 0.5078125 0.46213125 0.5283203125 0.417746875 0.6064453125 0.417746875 0.6435546875 0.43732812499999996 0.66796875 0.49476875 0.66796875 0.530015625 0.6337890625 0.5260984375 0.607421875 0.5796234375 0.6826171875 0.5926765625 0.6865234375 0.6514234375 0.6484375 0.67753125 0.642578125 0.764996875 0.5947265625 0.7388890625 0.5673828125
20 0 0.8642578125 0.0078328125 0.8642578125 0.05352343750000001 0.8203125 0.1057421875 0.82421875 0.13446249999999998 0.806640625 0.19190156249999998 0.828125 0.1670984375 0.7724609375 0.11357500000000001 0.7734375 0.09790937499999999 0.751953125 0.06135625 0.76171875 0.06135625 0.7734375 0.055262500000000006 0.7668703125 0.0652328125 0.7827234375 0 0.7998046875 0 0.8642578125
18 0.10835312500000001 0.771484375 0.1436 0.7724609375 0.1644875 0.7646484375 0.15535000000000002 0.740234375 0.10182500000000001 0.7509765625 0.10835312500000001 0.771484375
18 0.1266296875 0.587890625 0.185375 0.6064453125 0.1879859375 0.5927734375 0.1762359375 0.5859375 0.1201015625 0.5751953125 0.1266296875 0.587890625
18 0.2950328125 0.7080078125 0.314615625 0.68359375 0.23759375 0.6689453125 0.262396875 0.708984375 0.2950328125 0.7080078125