9 0.7156734375 0.5849609375 0.7156734375 0.5615234375 0.7794125000000001 0.55859375 0.801778125 0.513671875 0.8308515625 0.515625 0.8722265625000001 0.4833984375 0.869990625 0.4208984375 0.912484375 0.3818359375 0.89235625 0.3330078125 0.9080109375 0.2880859375 0.8968281250000001 0.2587890625 0.828615625 0.25 0.8185515625 0.2392578125 0.8252609375000001 0.2138671875 0.8040140625 0.21875 0.787240625 0.2060546875 0.815196875 0.203125 0.8107234375000001 0.19140625 0.669825 0.125 0.5781296874999999 0.05078125 0.5501734375 0.0673828125 0.5155093749999999 0.12109375 0.486434375 0.123046875 0.4752515625 0.138671875 0.45065 0.138671875 0.446178125 0.125 0.38355625 0.11328125 0.334353125 0.138671875 0.307515625 0.142578125 0.2963328125 0.154296875 0.22252968750000002 0.166015625 0.16438124999999998 0.16015625 0.117415625 0.140625 0.0984046875 0.1748046875 0.1543171875 0.2041015625 0.1610265625 0.2314453125 0.21246562500000002 0.2646484375 0.21246562500000002 0.2802734375 0.1956921875 0.328125 0.1800359375 0.328125 0.157671875 0.296875 0.10846875 0.296875 0.08386875 0.27734375 0.07156718749999999 0.2841796875 0.07156718749999999 0.3525390625 0.0369015625 0.359375 0.031310937500000004 0.3720703125 0.0436109375 0.384765625 0.0861046875 0.396484375 0.1464890625 0.4453125 0.15879062500000002 0.4404296875 0.157671875 0.451171875 0.130834375 0.453125 0.1252421875 0.4677734375 0.10958749999999999 0.4716796875 0.11182343749999998 0.4814453125 0.1733265625 0.513671875 0.19010156250000002 0.5439453125 0.22141093750000002 0.5576171875 0.224765625 0.56640625 0.199046875 0.5751953125 0.213584375 0.595703125 0.3589546875 0.658203125 0.50544375 0.6611328125 0.5580015625 0.66015625 0.7212640625 0.623046875 0.7514578125 0.5947265625 0.7156734375 0.5849609375
23 0.5199812500000001 0.486328125 0.417103125 0.505859375 0.391384375 0.5361328125 0.402565625 0.6279296875 0.44394062500000003 0.662109375 0.48084375 0.6630859375 0.5535281249999999 0.662109375 0.6821265624999999 0.6318359375 0.6306875 0.5771484375 0.5199812500000001 0.486328125
20 0.467425 0.4404296875 0.4528875 0.423828125 0.29409687500000004 0.357421875 0.2079921875 0.3818359375 0.1968109375 0.4248046875 0.20016562499999999 0.470703125 0.253840625 0.43359375 0.2873875 0.47265625 0.350009375 0.51171875 0.37237343749999996 0.5078125 0.40032968750000003 0.5166015625 0.42381250000000004 0.501953125 0.45735937499999996 0.498046875 0.471896875 0.4853515625 0.467425 0.4404296875
18 0.26055 0.435546875 0.24713124999999997 0.43359375 0.185628125 0.4873046875 0.17668124999999998 0.5185546875 0.1956921875 0.55078125 0.22252968750000002 0.55078125 0.22700312500000003 0.564453125 0.268378125 0.5673828125 0.3410625 0.56640625 0.3466546875 0.5146484375 0.2773234375 0.4658203125 0.26055 0.435546875
18 0.84874375 0.29296875 0.86328125 0.2744140625 0.8241421875 0.2578125 0.7570484375000001 0.2734375 0.5591203124999999 0.4755859375 0.5457015625 0.4990234375 0.568065625 0.5166015625 0.6217421875 0.4404296875 0.76823125 0.29296875 0.7838859375 0.28515625 0.84874375 0.29296875
18 0.665353125 0.5 0.6742984375 0.48828125 0.7011359374999999 0.5 0.73915625 0.5 0.7604031250000001 0.4736328125 0.761521875 0.447265625 0.8241421875 0.462890625 0.8442718749999999 0.4375 0.8655171875000001 0.4287109375 0.910246875 0.3857421875 0.9080109375 0.3603515625 0.8878828125 0.3330078125 0.9035375 0.2919921875 0.8934734375 0.267578125 0.871109375 0.2578125 0.8308515625 0.259765625 0.8084875 0.23828125 0.759284375 0.2265625 0.5032078125 0.3681640625 0.4964984375 0.3994140625 0.5389921875 0.4892578125 0.5781296874999999 0.52734375 0.6060859375 0.5263671875 0.609440625 0.515625 0.6340421875 0.509765625 0.6564062500000001 0.490234375 0.665353125 0.5
23 0.3701375 0.2421875 0.3734921875 0.2353515625 0.2717328125 0.17578125 0.1666171875 0.16015625 0.117415625 0.138671875 0.0984046875 0.1767578125 0.1531984375 0.203125 0.1655 0.2314453125 0.21246562500000002 0.2607421875 0.24489531250000002 0.220703125 0.2963328125 0.236328125 0.307515625 0.25 0.3701375 0.2421875
31 0.34218125 0.1357421875 0.322053125 0.1552734375 0.31087031249999997 0.1845703125 0.37237343749999996 0.224609375 0.41822187499999997 0.2255859375 0.42940468750000005 0.1826171875 0.45847812499999996 0.1552734375 0.3880296875 0.111328125 0.34218125 0.1357421875
20 0.889 0.255859375 0.8968281250000001 0.2470703125 0.868871875 0.220703125 0.868871875 0.234375 0.8308515625 0.2265625 0.8297343749999999 0.2119140625 0.8107234375000001 0.208984375 0.8062515625 0.197265625 0.7984234375 0.1962890625 0.8040140625 0.21484375 0.7838859375 0.20703125 0.7290921875 0.1630859375 0.7279734375 0.150390625 0.6720625 0.125 0.5714203125 0.046875 0.5211 0.1005859375 0.5188640625 0.1240234375 0.6217421875 0.2060546875 0.6530515625 0.2626953125 0.6687078125 0.2685546875 0.76599375 0.22265625 0.8129609375 0.234375 0.8375625 0.25390625 0.889 0.255859375
18 0.5065625 0.119140625 0.43387656249999995 0.1845703125 0.4405859375 0.1923828125 0.4271671875 0.2021484375 0.4226953125 0.2294921875 0.37796562499999997 0.2333984375 0.389146875 0.2373046875 0.39809375 0.2626953125 0.45065 0.306640625 0.486434375 0.291015625 0.5345187499999999 0.3408203125 0.596021875 0.314453125 0.6552890625 0.2705078125 0.610559375 0.1982421875 0.5065625 0.119140625
13 0.5322828125 0.4873046875 0.5065625 0.4296875 0.467425 0.4384765625 0.4774890625 0.48828125 0.5322828125 0.4873046875